index,name,age,sex,rt,response,answer,stimulus,target,correct,webgazer_data,webgazer_targets_data,canvas_data,fixation,fixation_target,first_dot
0,scc,24.0,男,,,,,,,,,,,,
1,,,,512.0,7.0,7.0,"[""cyan"",""purple"",""yellow"",""red"",""green"",""blue""]",purple,True,"[{""x"":832,""y"":636,""t"":3},{""x"":840,""y"":627,""t"":38},{""x"":877,""y"":629,""t"":72},{""x"":880,""y"":585,""t"":106},{""x"":892,""y"":578,""t"":140},{""x"":911,""y"":579,""t"":176},{""x"":925,""y"":543,""t"":209},{""x"":924,""y"":502,""t"":242},{""x"":953,""y"":454,""t"":276},{""x"":951,""y"":446,""t"":310},{""x"":930,""y"":429,""t"":344},{""x"":915,""y"":402,""t"":378},{""x"":900,""y"":406,""t"":412},{""x"":899,""y"":392,""t"":446},{""x"":881,""y"":403,""t"":480},{""x"":921,""y"":398,""t"":514},{""x"":969,""y"":438,""t"":548},{""x"":956,""y"":484,""t"":581},{""x"":963,""y"":540,""t"":616},{""x"":979,""y"":571,""t"":650},{""x"":946,""y"":571,""t"":684},{""x"":926,""y"":589,""t"":718},{""x"":917,""y"":531,""t"":751},{""x"":903,""y"":499,""t"":786},{""x"":888,""y"":562,""t"":820},{""x"":880,""y"":585,""t"":854},{""x"":849,""y"":643,""t"":888},{""x"":790,""y"":791,""t"":921},{""x"":785,""y"":1007,""t"":956},{""x"":733,""y"":1123,""t"":989},{""x"":697,""y"":1159,""t"":1024},{""x"":705,""y"":1159,""t"":1058},{""x"":685,""y"":1127,""t"":1092},{""x"":712,""y"":1092,""t"":1126},{""x"":717,""y"":1020,""t"":1159},{""x"":727,""y"":1124,""t"":1195},{""x"":706,""y"":1226,""t"":1228},{""x"":677,""y"":1335,""t"":1261},{""x"":642,""y"":1367,""t"":1296},{""x"":663,""y"":1379,""t"":1330},{""x"":659,""y"":1392,""t"":1365},{""x"":674,""y"":1299,""t"":1398},{""x"":714,""y"":1157,""t"":1432},{""x"":734,""y"":1064,""t"":1466},{""x"":762,""y"":932,""t"":1500},{""x"":759,""y"":891,""t"":1534},{""x"":774,""y"":793,""t"":1567},{""x"":795,""y"":718,""t"":1602},{""x"":829,""y"":614,""t"":1636},{""x"":857,""y"":558,""t"":1667},{""x"":891,""y"":568,""t"":1703},{""x"":855,""y"":589,""t"":1738},{""x"":871,""y"":601,""t"":1772},{""x"":886,""y"":585,""t"":1805},{""x"":879,""y"":547,""t"":1840},{""x"":855,""y"":546,""t"":1874},{""x"":848,""y"":578,""t"":1908},{""x"":872,""y"":610,""t"":1942},{""x"":889,""y"":623,""t"":1976}]","[{""x"":250,""y"":425,""width"":80,""height"":80,""top"":385,""right"":290,""bottom"":465,""left"":210},{""x"":400,""y"":165.1923788646684,""width"":80,""height"":80,""top"":125.1923788646684,""right"":440,""bottom"":205.1923788646684,""left"":360},{""x"":700,""y"":165.1923788646684,""width"":80,""height"":80,""top"":125.1923788646684,""right"":740,""bottom"":205.1923788646684,""left"":660},{""x"":850,""y"":425,""width"":80,""height"":80,""top"":385,""right"":890,""bottom"":465,""left"":810},{""x"":700,""y"":684.8076211353316,""width"":80,""height"":80,""top"":644.8076211353316,""right"":740,""bottom"":724.8076211353316,""left"":660},{""x"":400,""y"":684.8076211353316,""width"":80,""height"":80,""top"":644.8076211353316,""right"":440,""bottom"":724.8076211353316,""left"":360}]","{""#container"":{""x"":410,""y"":129.390625,""width"":1100,""height"":850,""top"":129.390625,""right"":1510,""bottom"":979.390625,""left"":410}}","[{'cyan': 0}, {'purple': 3}, {'yellow': 0}, {'red': 0}, {'green': 0}, {'blue': 5}]",{'purple': 3},blue
2,,,,776.0,3.0,3.0,"[""green"",""red"",""purple"",""yellow"",""cyan"",""blue""]",cyan,True,"[{""x"":900,""y"":611,""t"":3},{""x"":873,""y"":653,""t"":37},{""x"":871,""y"":673,""t"":72},{""x"":845,""y"":676,""t"":107},{""x"":853,""y"":689,""t"":139},{""x"":831,""y"":732,""t"":174},{""x"":797,""y"":731,""t"":208},{""x"":786,""y"":705,""t"":242},{""x"":769,""y"":683,""t"":276},{""x"":756,""y"":663,""t"":308},{""x"":761,""y"":702,""t"":344},{""x"":724,""y"":874,""t"":377},{""x"":688,""y"":1073,""t"":412},{""x"":639,""y"":1215,""t"":446},{""x"":657,""y"":1227,""t"":480},{""x"":657,""y"":1223,""t"":514},{""x"":673,""y"":1193,""t"":548},{""x"":742,""y"":1088,""t"":581},{""x"":816,""y"":999,""t"":616},{""x"":860,""y"":873,""t"":650},{""x"":882,""y"":732,""t"":684},{""x"":894,""y"":704,""t"":718},{""x"":903,""y"":613,""t"":752},{""x"":936,""y"":556,""t"":785},{""x"":965,""y"":516,""t"":820},{""x"":957,""y"":472,""t"":854},{""x"":917,""y"":548,""t"":888},{""x"":855,""y"":724,""t"":921},{""x"":835,""y"":1013,""t"":956},{""x"":786,""y"":1148,""t"":989},{""x"":718,""y"":1181,""t"":1023},{""x"":697,""y"":1250,""t"":1058},{""x"":704,""y"":1207,""t"":1091},{""x"":752,""y"":1104,""t"":1127},{""x"":788,""y"":1000,""t"":1160},{""x"":841,""y"":860,""t"":1194},{""x"":854,""y"":768,""t"":1227},{""x"":888,""y"":700,""t"":1261},{""x"":951,""y"":649,""t"":1296},{""x"":936,""y"":608,""t"":1330},{""x"":915,""y"":612,""t"":1364},{""x"":893,""y"":593,""t"":1398},{""x"":851,""y"":580,""t"":1432},{""x"":823,""y"":550,""t"":1466},{""x"":828,""y"":496,""t"":1497},{""x"":846,""y"":533,""t"":1534},{""x"":809,""y"":750,""t"":1568},{""x"":791,""y"":1037,""t"":1602},{""x"":780,""y"":1266,""t"":1636},{""x"":765,""y"":1370,""t"":1669},{""x"":760,""y"":1362,""t"":1704},{""x"":792,""y"":1260,""t"":1738},{""x"":799,""y"":1157,""t"":1772},{""x"":806,""y"":1047,""t"":1806},{""x"":836,""y"":959,""t"":1839},{""x"":828,""y"":869,""t"":1874},{""x"":813,""y"":817,""t"":1905},{""x"":858,""y"":734,""t"":1942},{""x"":935,""y"":661,""t"":1976}]","[{""x"":250,""y"":425,""width"":80,""height"":80,""top"":385,""right"":290,""bottom"":465,""left"":210},{""x"":400,""y"":165.1923788646684,""width"":80,""height"":80,""top"":125.1923788646684,""right"":440,""bottom"":205.1923788646684,""left"":360},{""x"":700,""y"":165.1923788646684,""width"":80,""height"":80,""top"":125.1923788646684,""right"":740,""bottom"":205.1923788646684,""left"":660},{""x"":850,""y"":425,""width"":80,""height"":80,""top"":385,""right"":890,""bottom"":465,""left"":810},{""x"":700,""y"":684.8076211353316,""width"":80,""height"":80,""top"":644.8076211353316,""right"":740,""bottom"":724.8076211353316,""left"":660},{""x"":400,""y"":684.8076211353316,""width"":80,""height"":80,""top"":644.8076211353316,""right"":440,""bottom"":724.8076211353316,""left"":360}]","{""#container"":{""x"":410,""y"":129.390625,""width"":1100,""height"":850,""top"":129.390625,""right"":1510,""bottom"":979.390625,""left"":410}}","[{'green': 1}, {'red': 0}, {'purple': 0}, {'yellow': 0}, {'cyan': 0}, {'blue': 20}]",,blue
3,,,,688.0,3.0,3.0,"[""yellow"",""green"",""purple"",""cyan"",""red"",""blue""]",red,True,"[{""x"":983,""y"":627,""t"":3},{""x"":1021,""y"":548,""t"":38},{""x"":1038,""y"":493,""t"":71},{""x"":1050,""y"":390,""t"":105},{""x"":1056,""y"":338,""t"":139},{""x"":1066,""y"":291,""t"":174},{""x"":1063,""y"":334,""t"":207},{""x"":1060,""y"":377,""t"":241},{""x"":1131,""y"":375,""t"":276},{""x"":1124,""y"":425,""t"":309},{""x"":1076,""y"":434,""t"":344},{""x"":979,""y"":662,""t"":378},{""x"":911,""y"":927,""t"":413},{""x"":841,""y"":1104,""t"":446},{""x"":781,""y"":1108,""t"":481},{""x"":789,""y"":1012,""t"":515},{""x"":810,""y"":898,""t"":549},{""x"":856,""y"":844,""t"":582},{""x"":871,""y"":732,""t"":616},{""x"":900,""y"":663,""t"":647},{""x"":939,""y"":586,""t"":684},{""x"":992,""y"":495,""t"":718},{""x"":1034,""y"":445,""t"":752},{""x"":1062,""y"":396,""t"":786},{""x"":1051,""y"":465,""t"":821},{""x"":1006,""y"":687,""t"":854},{""x"":946,""y"":897,""t"":887},{""x"":880,""y"":1012,""t"":922},{""x"":853,""y"":1070,""t"":956},{""x"":866,""y"":1010,""t"":990},{""x"":878,""y"":890,""t"":1024},{""x"":891,""y"":787,""t"":1058},{""x"":913,""y"":738,""t"":1092},{""x"":927,""y"":707,""t"":1126},{""x"":986,""y"":650,""t"":1160},{""x"":965,""y"":606,""t"":1193},{""x"":972,""y"":622,""t"":1227},{""x"":934,""y"":608,""t"":1262},{""x"":911,""y"":534,""t"":1296},{""x"":891,""y"":513,""t"":1329},{""x"":883,""y"":611,""t"":1364},{""x"":838,""y"":826,""t"":1398},{""x"":791,""y"":1016,""t"":1431},{""x"":758,""y"":1116,""t"":1465},{""x"":725,""y"":1124,""t"":1499},{""x"":737,""y"":1075,""t"":1534},{""x"":753,""y"":998,""t"":1568},{""x"":780,""y"":917,""t"":1602},{""x"":805,""y"":866,""t"":1636},{""x"":792,""y"":770,""t"":1670},{""x"":831,""y"":663,""t"":1704},{""x"":862,""y"":592,""t"":1737},{""x"":874,""y"":562,""t"":1771},{""x"":876,""y"":492,""t"":1806},{""x"":897,""y"":500,""t"":1839},{""x"":893,""y"":487,""t"":1874},{""x"":862,""y"":518,""t"":1908},{""x"":864,""y"":516,""t"":1943},{""x"":861,""y"":538,""t"":1976}]","[{""x"":250,""y"":425,""width"":80,""height"":80,""top"":385,""right"":290,""bottom"":465,""left"":210},{""x"":400,""y"":165.1923788646684,""width"":80,""height"":80,""top"":125.1923788646684,""right"":440,""bottom"":205.1923788646684,""left"":360},{""x"":700,""y"":165.1923788646684,""width"":80,""height"":80,""top"":125.1923788646684,""right"":740,""bottom"":205.1923788646684,""left"":660},{""x"":850,""y"":425,""width"":80,""height"":80,""top"":385,""right"":890,""bottom"":465,""left"":810},{""x"":700,""y"":684.8076211353316,""width"":80,""height"":80,""top"":644.8076211353316,""right"":740,""bottom"":724.8076211353316,""left"":660},{""x"":400,""y"":684.8076211353316,""width"":80,""height"":80,""top"":644.8076211353316,""right"":440,""bottom"":724.8076211353316,""left"":360}]","{""#container"":{""x"":410,""y"":129.390625,""width"":1100,""height"":850,""top"":129.390625,""right"":1510,""bottom"":979.390625,""left"":410}}","[{'yellow': 0}, {'green': 0}, {'purple': 9}, {'cyan': 0}, {'red': 0}, {'blue': 10}]",,blue
4,,,,1141.0,7.0,7.0,"[""green"",""red"",""cyan"",""yellow"",""purple"",""blue""]",red_1,True,"[{""x"":879,""y"":511,""t"":3},{""x"":895,""y"":515,""t"":38},{""x"":887,""y"":515,""t"":72},{""x"":957,""y"":502,""t"":107},{""x"":951,""y"":547,""t"":140},{""x"":932,""y"":544,""t"":174},{""x"":954,""y"":573,""t"":208},{""x"":994,""y"":560,""t"":242},{""x"":1060,""y"":551,""t"":276},{""x"":1114,""y"":543,""t"":308},{""x"":1071,""y"":572,""t"":345},{""x"":1011,""y"":586,""t"":379},{""x"":989,""y"":620,""t"":411},{""x"":995,""y"":602,""t"":446},{""x"":925,""y"":620,""t"":480},{""x"":864,""y"":765,""t"":513},{""x"":803,""y"":983,""t"":548},{""x"":753,""y"":1150,""t"":582},{""x"":734,""y"":1233,""t"":616},{""x"":758,""y"":1249,""t"":650},{""x"":744,""y"":1256,""t"":684},{""x"":769,""y"":1095,""t"":718},{""x"":797,""y"":987,""t"":751},{""x"":798,""y"":865,""t"":786},{""x"":790,""y"":761,""t"":820},{""x"":793,""y"":663,""t"":854},{""x"":763,""y"":611,""t"":888},{""x"":816,""y"":551,""t"":922},{""x"":853,""y"":552,""t"":956},{""x"":848,""y"":519,""t"":990},{""x"":882,""y"":498,""t"":1025},{""x"":891,""y"":498,""t"":1058},{""x"":959,""y"":509,""t"":1092},{""x"":997,""y"":515,""t"":1126},{""x"":1066,""y"":496,""t"":1160},{""x"":1022,""y"":542,""t"":1194},{""x"":999,""y"":508,""t"":1228},{""x"":983,""y"":499,""t"":1262},{""x"":1002,""y"":442,""t"":1295},{""x"":992,""y"":381,""t"":1329},{""x"":967,""y"":357,""t"":1363},{""x"":975,""y"":355,""t"":1398},{""x"":951,""y"":380,""t"":1431},{""x"":924,""y"":394,""t"":1465},{""x"":901,""y"":407,""t"":1497},{""x"":893,""y"":467,""t"":1534},{""x"":905,""y"":526,""t"":1568},{""x"":978,""y"":577,""t"":1601},{""x"":965,""y"":677,""t"":1637},{""x"":981,""y"":694,""t"":1670},{""x"":976,""y"":717,""t"":1703},{""x"":935,""y"":681,""t"":1738},{""x"":944,""y"":642,""t"":1771},{""x"":902,""y"":643,""t"":1805},{""x"":952,""y"":660,""t"":1841},{""x"":992,""y"":640,""t"":1874},{""x"":1025,""y"":623,""t"":1906},{""x"":1030,""y"":631,""t"":1941},{""x"":1013,""y"":670,""t"":1977}]","[{""x"":250,""y"":425,""width"":80,""height"":80,""top"":385,""right"":290,""bottom"":465,""left"":210},{""x"":400,""y"":165.1923788646684,""width"":80,""height"":80,""top"":125.1923788646684,""right"":440,""bottom"":205.1923788646684,""left"":360},{""x"":700,""y"":165.1923788646684,""width"":80,""height"":80,""top"":125.1923788646684,""right"":740,""bottom"":205.1923788646684,""left"":660},{""x"":850,""y"":425,""width"":80,""height"":80,""top"":385,""right"":890,""bottom"":465,""left"":810},{""x"":700,""y"":684.8076211353316,""width"":80,""height"":80,""top"":644.8076211353316,""right"":740,""bottom"":724.8076211353316,""left"":660},{""x"":400,""y"":684.8076211353316,""width"":80,""height"":80,""top"":644.8076211353316,""right"":440,""bottom"":724.8076211353316,""left"":360}]","{""#container"":{""x"":410,""y"":129.390625,""width"":1100,""height"":850,""top"":129.390625,""right"":1510,""bottom"":979.390625,""left"":410}}","[{'green': 1}, {'red': 1}, {'cyan': 2}, {'yellow': 1}, {'purple': 0}, {'blue': 3}]",{'red_1': 1},blue
5,,,,655.0,6.0,6.0,"[""green"",""red"",""yellow"",""purple"",""cyan"",""blue""]",purple_1,True,"[{""x"":977,""y"":704,""t"":3},{""x"":937,""y"":698,""t"":38},{""x"":932,""y"":615,""t"":71},{""x"":885,""y"":606,""t"":106},{""x"":867,""y"":597,""t"":140},{""x"":860,""y"":560,""t"":174},{""x"":897,""y"":577,""t"":207},{""x"":897,""y"":632,""t"":241},{""x"":906,""y"":646,""t"":276},{""x"":914,""y"":658,""t"":307},{""x"":883,""y"":666,""t"":343},{""x"":885,""y"":685,""t"":378},{""x"":848,""y"":747,""t"":413},{""x"":786,""y"":953,""t"":447},{""x"":744,""y"":1153,""t"":479},{""x"":727,""y"":1241,""t"":513},{""x"":719,""y"":1235,""t"":547},{""x"":728,""y"":1208,""t"":581},{""x"":767,""y"":1118,""t"":615},{""x"":772,""y"":1019,""t"":649},{""x"":777,""y"":933,""t"":682},{""x"":766,""y"":838,""t"":718},{""x"":811,""y"":748,""t"":751},{""x"":806,""y"":706,""t"":785},{""x"":813,""y"":687,""t"":819},{""x"":823,""y"":687,""t"":853},{""x"":829,""y"":645,""t"":889},{""x"":792,""y"":740,""t"":923},{""x"":749,""y"":903,""t"":955},{""x"":707,""y"":1020,""t"":990},{""x"":698,""y"":1106,""t"":1024},{""x"":682,""y"":1177,""t"":1057},{""x"":700,""y"":1112,""t"":1091},{""x"":722,""y"":1008,""t"":1125},{""x"":784,""y"":964,""t"":1159},{""x"":786,""y"":803,""t"":1194},{""x"":818,""y"":692,""t"":1227},{""x"":866,""y"":618,""t"":1262},{""x"":927,""y"":563,""t"":1295},{""x"":935,""y"":531,""t"":1329},{""x"":954,""y"":494,""t"":1363},{""x"":989,""y"":440,""t"":1397},{""x"":1004,""y"":387,""t"":1433},{""x"":1012,""y"":427,""t"":1467},{""x"":993,""y"":404,""t"":1500},{""x"":982,""y"":409,""t"":1533},{""x"":983,""y"":362,""t"":1567},{""x"":998,""y"":342,""t"":1602},{""x"":959,""y"":388,""t"":1635},{""x"":960,""y"":382,""t"":1670},{""x"":953,""y"":354,""t"":1703},{""x"":945,""y"":360,""t"":1737},{""x"":935,""y"":331,""t"":1772},{""x"":966,""y"":385,""t"":1805},{""x"":1001,""y"":371,""t"":1839},{""x"":1034,""y"":358,""t"":1871},{""x"":1029,""y"":363,""t"":1908},{""x"":1048,""y"":363,""t"":1942},{""x"":1077,""y"":365,""t"":1976}]","[{""x"":250,""y"":425,""width"":80,""height"":80,""top"":385,""right"":290,""bottom"":465,""left"":210},{""x"":400,""y"":165.1923788646684,""width"":80,""height"":80,""top"":125.1923788646684,""right"":440,""bottom"":205.1923788646684,""left"":360},{""x"":700,""y"":165.1923788646684,""width"":80,""height"":80,""top"":125.1923788646684,""right"":740,""bottom"":205.1923788646684,""left"":660},{""x"":850,""y"":425,""width"":80,""height"":80,""top"":385,""right"":890,""bottom"":465,""left"":810},{""x"":700,""y"":684.8076211353316,""width"":80,""height"":80,""top"":644.8076211353316,""right"":740,""bottom"":724.8076211353316,""left"":660},{""x"":400,""y"":684.8076211353316,""width"":80,""height"":80,""top"":644.8076211353316,""right"":440,""bottom"":724.8076211353316,""left"":360}]","{""#container"":{""x"":410,""y"":129.390625,""width"":1100,""height"":850,""top"":129.390625,""right"":1510,""bottom"":979.390625,""left"":410}}","[{'green': 0}, {'red': 1}, {'yellow': 8}, {'purple': 0}, {'cyan': 0}, {'blue': 13}]",,blue
6,,,,479.0,4.0,4.0,"[""yellow"",""red"",""green"",""purple"",""blue"",""cyan""]",yellow_1,True,"[{""x"":1043,""y"":364,""t"":3},{""x"":1041,""y"":421,""t"":37},{""x"":1008,""y"":449,""t"":72},{""x"":967,""y"":465,""t"":106},{""x"":949,""y"":549,""t"":140},{""x"":903,""y"":582,""t"":174},{""x"":866,""y"":652,""t"":208},{""x"":834,""y"":662,""t"":242},{""x"":812,""y"":663,""t"":276},{""x"":801,""y"":715,""t"":310},{""x"":797,""y"":755,""t"":343},{""x"":775,""y"":766,""t"":375},{""x"":718,""y"":966,""t"":412},{""x"":694,""y"":1174,""t"":446},{""x"":654,""y"":1236,""t"":480},{""x"":631,""y"":1231,""t"":515},{""x"":669,""y"":1101,""t"":548},{""x"":707,""y"":1059,""t"":582},{""x"":727,""y"":955,""t"":616},{""x"":748,""y"":862,""t"":649},{""x"":800,""y"":771,""t"":684},{""x"":842,""y"":654,""t"":718},{""x"":846,""y"":536,""t"":751},{""x"":866,""y"":495,""t"":787},{""x"":877,""y"":459,""t"":820},{""x"":896,""y"":462,""t"":854},{""x"":919,""y"":436,""t"":888},{""x"":942,""y"":411,""t"":922},{""x"":942,""y"":399,""t"":955},{""x"":918,""y"":396,""t"":990},{""x"":941,""y"":433,""t"":1024},{""x"":934,""y"":512,""t"":1058},{""x"":882,""y"":664,""t"":1092},{""x"":872,""y"":888,""t"":1127},{""x"":851,""y"":1073,""t"":1161},{""x"":827,""y"":1154,""t"":1194},{""x"":808,""y"":1171,""t"":1229},{""x"":784,""y"":1138,""t"":1262},{""x"":795,""y"":1052,""t"":1296},{""x"":795,""y"":952,""t"":1330},{""x"":805,""y"":888,""t"":1364},{""x"":831,""y"":803,""t"":1399},{""x"":848,""y"":798,""t"":1432},{""x"":867,""y"":675,""t"":1466},{""x"":858,""y"":651,""t"":1499},{""x"":913,""y"":598,""t"":1534},{""x"":902,""y"":613,""t"":1568},{""x"":888,""y"":530,""t"":1603},{""x"":895,""y"":530,""t"":1636},{""x"":902,""y"":544,""t"":1670},{""x"":844,""y"":712,""t"":1704},{""x"":807,""y"":915,""t"":1739},{""x"":795,""y"":1025,""t"":1772},{""x"":768,""y"":1048,""t"":1806},{""x"":765,""y"":1037,""t"":1841},{""x"":764,""y"":977,""t"":1875},{""x"":774,""y"":929,""t"":1909},{""x"":766,""y"":892,""t"":1942},{""x"":778,""y"":821,""t"":1973}]","[{""x"":250,""y"":425,""width"":80,""height"":80,""top"":385,""right"":290,""bottom"":465,""left"":210},{""x"":400,""y"":165.1923788646684,""width"":80,""height"":80,""top"":125.1923788646684,""right"":440,""bottom"":205.1923788646684,""left"":360},{""x"":700,""y"":165.1923788646684,""width"":80,""height"":80,""top"":125.1923788646684,""right"":740,""bottom"":205.1923788646684,""left"":660},{""x"":850,""y"":425,""width"":80,""height"":80,""top"":385,""right"":890,""bottom"":465,""left"":810},{""x"":700,""y"":684.8076211353316,""width"":80,""height"":80,""top"":644.8076211353316,""right"":740,""bottom"":724.8076211353316,""left"":660},{""x"":400,""y"":684.8076211353316,""width"":80,""height"":80,""top"":644.8076211353316,""right"":440,""bottom"":724.8076211353316,""left"":360}]","{""#container"":{""x"":410,""y"":129.390625,""width"":1100,""height"":850,""top"":129.390625,""right"":1510,""bottom"":979.390625,""left"":410}}","[{'yellow': 0}, {'red': 1}, {'green': 2}, {'purple': 0}, {'blue': 0}, {'cyan': 15}]",,cyan
7,,,,441.0,9.0,9.0,"[""yellow"",""purple"",""blue"",""green"",""red"",""cyan""]",blue,True,"[{""x"":799,""y"":792,""t"":3},{""x"":818,""y"":714,""t"":37},{""x"":836,""y"":700,""t"":72},{""x"":849,""y"":685,""t"":105},{""x"":869,""y"":652,""t"":140},{""x"":900,""y"":631,""t"":175},{""x"":943,""y"":591,""t"":208},{""x"":951,""y"":610,""t"":241},{""x"":991,""y"":609,""t"":276},{""x"":969,""y"":536,""t"":309},{""x"":1012,""y"":498,""t"":345},{""x"":961,""y"":458,""t"":377},{""x"":934,""y"":447,""t"":411},{""x"":922,""y"":524,""t"":446},{""x"":865,""y"":732,""t"":480},{""x"":815,""y"":930,""t"":514},{""x"":747,""y"":1003,""t"":549},{""x"":710,""y"":1036,""t"":582},{""x"":685,""y"":1062,""t"":616},{""x"":666,""y"":1079,""t"":648},{""x"":664,""y"":986,""t"":684},{""x"":741,""y"":899,""t"":717},{""x"":797,""y"":807,""t"":751},{""x"":861,""y"":722,""t"":786},{""x"":878,""y"":642,""t"":820},{""x"":897,""y"":566,""t"":854},{""x"":982,""y"":504,""t"":888},{""x"":1009,""y"":528,""t"":922},{""x"":967,""y"":502,""t"":955},{""x"":959,""y"":489,""t"":989},{""x"":939,""y"":507,""t"":1024},{""x"":967,""y"":483,""t"":1058},{""x"":979,""y"":495,""t"":1092},{""x"":990,""y"":455,""t"":1125},{""x"":965,""y"":476,""t"":1160},{""x"":956,""y"":469,""t"":1194},{""x"":995,""y"":410,""t"":1229},{""x"":944,""y"":373,""t"":1262},{""x"":945,""y"":401,""t"":1295},{""x"":906,""y"":397,""t"":1330},{""x"":929,""y"":398,""t"":1365},{""x"":913,""y"":396,""t"":1397},{""x"":925,""y"":461,""t"":1432},{""x"":932,""y"":467,""t"":1467},{""x"":904,""y"":499,""t"":1500},{""x"":894,""y"":538,""t"":1534},{""x"":867,""y"":565,""t"":1569},{""x"":859,""y"":551,""t"":1602},{""x"":839,""y"":627,""t"":1635},{""x"":799,""y"":815,""t"":1671},{""x"":740,""y"":1007,""t"":1704},{""x"":700,""y"":1123,""t"":1738},{""x"":696,""y"":1170,""t"":1772},{""x"":720,""y"":1171,""t"":1807},{""x"":700,""y"":1167,""t"":1840},{""x"":711,""y"":1198,""t"":1874},{""x"":740,""y"":1109,""t"":1908},{""x"":749,""y"":1017,""t"":1942},{""x"":776,""y"":915,""t"":1976}]","[{""x"":250,""y"":425,""width"":80,""height"":80,""top"":385,""right"":290,""bottom"":465,""left"":210},{""x"":400,""y"":165.1923788646684,""width"":80,""height"":80,""top"":125.1923788646684,""right"":440,""bottom"":205.1923788646684,""left"":360},{""x"":700,""y"":165.1923788646684,""width"":80,""height"":80,""top"":125.1923788646684,""right"":740,""bottom"":205.1923788646684,""left"":660},{""x"":850,""y"":425,""width"":80,""height"":80,""top"":385,""right"":890,""bottom"":465,""left"":810},{""x"":700,""y"":684.8076211353316,""width"":80,""height"":80,""top"":644.8076211353316,""right"":740,""bottom"":724.8076211353316,""left"":660},{""x"":400,""y"":684.8076211353316,""width"":80,""height"":80,""top"":644.8076211353316,""right"":440,""bottom"":724.8076211353316,""left"":360}]","{""#container"":{""x"":410,""y"":129.390625,""width"":1100,""height"":850,""top"":129.390625,""right"":1510,""bottom"":979.390625,""left"":410}}","[{'yellow': 0}, {'purple': 2}, {'blue': 0}, {'green': 0}, {'red': 0}, {'cyan': 11}]",,cyan
8,,,,448.0,9.0,9.0,"[""purple"",""cyan"",""red"",""blue"",""yellow"",""green""]",red_1,True,"[{""x"":788,""y"":805,""t"":3},{""x"":801,""y"":745,""t"":38},{""x"":846,""y"":707,""t"":72},{""x"":859,""y"":638,""t"":106},{""x"":895,""y"":547,""t"":140},{""x"":911,""y"":495,""t"":173},{""x"":897,""y"":455,""t"":208},{""x"":914,""y"":448,""t"":242},{""x"":900,""y"":461,""t"":275},{""x"":912,""y"":419,""t"":310},{""x"":902,""y"":478,""t"":344},{""x"":866,""y"":687,""t"":378},{""x"":830,""y"":939,""t"":412},{""x"":814,""y"":1110,""t"":445},{""x"":754,""y"":1180,""t"":479},{""x"":744,""y"":1100,""t"":513},{""x"":767,""y"":1030,""t"":548},{""x"":781,""y"":871,""t"":581},{""x"":854,""y"":729,""t"":616},{""x"":887,""y"":607,""t"":650},{""x"":938,""y"":523,""t"":684},{""x"":986,""y"":456,""t"":718},{""x"":1013,""y"":446,""t"":751},{""x"":1037,""y"":437,""t"":786},{""x"":1067,""y"":419,""t"":820},{""x"":1051,""y"":427,""t"":853},{""x"":984,""y"":576,""t"":887},{""x"":925,""y"":815,""t"":922},{""x"":857,""y"":991,""t"":955},{""x"":841,""y"":1057,""t"":996},{""x"":835,""y"":1026,""t"":1024},{""x"":811,""y"":991,""t"":1058},{""x"":812,""y"":897,""t"":1092},{""x"":818,""y"":820,""t"":1126},{""x"":873,""y"":705,""t"":1160},{""x"":891,""y"":663,""t"":1193},{""x"":870,""y"":562,""t"":1228},{""x"":909,""y"":475,""t"":1262},{""x"":895,""y"":454,""t"":1296},{""x"":882,""y"":441,""t"":1328},{""x"":892,""y"":409,""t"":1363},{""x"":903,""y"":386,""t"":1398},{""x"":902,""y"":330,""t"":1431},{""x"":893,""y"":408,""t"":1467},{""x"":837,""y"":615,""t"":1499},{""x"":786,""y"":877,""t"":1534},{""x"":777,""y"":1044,""t"":1568},{""x"":762,""y"":1087,""t"":1601},{""x"":778,""y"":1088,""t"":1635},{""x"":799,""y"":1075,""t"":1669},{""x"":822,""y"":992,""t"":1703},{""x"":863,""y"":905,""t"":1738},{""x"":890,""y"":816,""t"":1772},{""x"":896,""y"":723,""t"":1805},{""x"":909,""y"":654,""t"":1840},{""x"":906,""y"":625,""t"":1874},{""x"":937,""y"":551,""t"":1909},{""x"":955,""y"":576,""t"":1942},{""x"":947,""y"":531,""t"":1976}]","[{""x"":250,""y"":425,""width"":80,""height"":80,""top"":385,""right"":290,""bottom"":465,""left"":210},{""x"":400,""y"":165.1923788646684,""width"":80,""height"":80,""top"":125.1923788646684,""right"":440,""bottom"":205.1923788646684,""left"":360},{""x"":700,""y"":165.1923788646684,""width"":80,""height"":80,""top"":125.1923788646684,""right"":740,""bottom"":205.1923788646684,""left"":660},{""x"":850,""y"":425,""width"":80,""height"":80,""top"":385,""right"":890,""bottom"":465,""left"":810},{""x"":700,""y"":684.8076211353316,""width"":80,""height"":80,""top"":644.8076211353316,""right"":740,""bottom"":724.8076211353316,""left"":660},{""x"":400,""y"":684.8076211353316,""width"":80,""height"":80,""top"":644.8076211353316,""right"":440,""bottom"":724.8076211353316,""left"":360}]","{""#container"":{""x"":410,""y"":129.390625,""width"":1100,""height"":850,""top"":129.390625,""right"":1510,""bottom"":979.390625,""left"":410}}","[{'purple': 0}, {'cyan': 4}, {'red': 2}, {'blue': 0}, {'yellow': 0}, {'green': 15}]",{'red_1': 2},green
9,,,,685.0,3.0,3.0,"[""blue"",""purple"",""green"",""red"",""yellow"",""cyan""]",yellow,True,"[{""x"":932,""y"":559,""t"":3},{""x"":933,""y"":561,""t"":38},{""x"":926,""y"":554,""t"":69},{""x"":907,""y"":597,""t"":105},{""x"":875,""y"":617,""t"":140},{""x"":854,""y"":678,""t"":174},{""x"":863,""y"":707,""t"":207},{""x"":863,""y"":690,""t"":242},{""x"":850,""y"":729,""t"":276},{""x"":839,""y"":759,""t"":309},{""x"":847,""y"":800,""t"":344},{""x"":855,""y"":804,""t"":379},{""x"":844,""y"":769,""t"":411},{""x"":843,""y"":749,""t"":445},{""x"":843,""y"":694,""t"":479},{""x"":850,""y"":724,""t"":515},{""x"":827,""y"":703,""t"":547},{""x"":816,""y"":679,""t"":582},{""x"":851,""y"":680,""t"":616},{""x"":846,""y"":631,""t"":650},{""x"":850,""y"":637,""t"":683},{""x"":843,""y"":664,""t"":718},{""x"":846,""y"":700,""t"":751},{""x"":831,""y"":713,""t"":785},{""x"":806,""y"":704,""t"":820},{""x"":822,""y"":682,""t"":853},{""x"":801,""y"":681,""t"":887},{""x"":813,""y"":717,""t"":923},{""x"":783,""y"":832,""t"":956},{""x"":748,""y"":944,""t"":990},{""x"":754,""y"":961,""t"":1024},{""x"":750,""y"":952,""t"":1059},{""x"":780,""y"":912,""t"":1092},{""x"":775,""y"":908,""t"":1126},{""x"":743,""y"":1056,""t"":1159},{""x"":763,""y"":1206,""t"":1193},{""x"":780,""y"":1330,""t"":1226},{""x"":766,""y"":1297,""t"":1262},{""x"":763,""y"":1260,""t"":1296},{""x"":753,""y"":1218,""t"":1330},{""x"":788,""y"":1090,""t"":1365},{""x"":816,""y"":989,""t"":1398},{""x"":819,""y"":887,""t"":1432},{""x"":833,""y"":772,""t"":1466},{""x"":840,""y"":692,""t"":1500},{""x"":853,""y"":616,""t"":1535},{""x"":860,""y"":579,""t"":1568},{""x"":840,""y"":636,""t"":1601},{""x"":822,""y"":690,""t"":1633},{""x"":817,""y"":826,""t"":1671},{""x"":789,""y"":1004,""t"":1704},{""x"":763,""y"":1120,""t"":1738},{""x"":754,""y"":1099,""t"":1772},{""x"":751,""y"":1075,""t"":1805},{""x"":763,""y"":1078,""t"":1840},{""x"":774,""y"":983,""t"":1873},{""x"":824,""y"":890,""t"":1908},{""x"":849,""y"":803,""t"":1941},{""x"":906,""y"":738,""t"":1977}]","[{""x"":250,""y"":425,""width"":80,""height"":80,""top"":385,""right"":290,""bottom"":465,""left"":210},{""x"":400,""y"":165.1923788646684,""width"":80,""height"":80,""top"":125.1923788646684,""right"":440,""bottom"":205.1923788646684,""left"":360},{""x"":700,""y"":165.1923788646684,""width"":80,""height"":80,""top"":125.1923788646684,""right"":740,""bottom"":205.1923788646684,""left"":660},{""x"":850,""y"":425,""width"":80,""height"":80,""top"":385,""right"":890,""bottom"":465,""left"":810},{""x"":700,""y"":684.8076211353316,""width"":80,""height"":80,""top"":644.8076211353316,""right"":740,""bottom"":724.8076211353316,""left"":660},{""x"":400,""y"":684.8076211353316,""width"":80,""height"":80,""top"":644.8076211353316,""right"":440,""bottom"":724.8076211353316,""left"":360}]","{""#container"":{""x"":410,""y"":129.390625,""width"":1100,""height"":850,""top"":129.390625,""right"":1510,""bottom"":979.390625,""left"":410}}","[{'blue': 0}, {'purple': 0}, {'green': 0}, {'red': 0}, {'yellow': 0}, {'cyan': 32}]",,cyan
10,,,,648.0,6.0,6.0,"[""purple"",""yellow"",""red"",""green"",""cyan"",""blue""]",green_1,True,"[{""x"":875,""y"":797,""t"":3},{""x"":847,""y"":801,""t"":38},{""x"":850,""y"":795,""t"":71},{""x"":889,""y"":783,""t"":106},{""x"":891,""y"":681,""t"":140},{""x"":875,""y"":674,""t"":174},{""x"":829,""y"":806,""t"":207},{""x"":820,""y"":1020,""t"":242},{""x"":796,""y"":1123,""t"":277},{""x"":797,""y"":1155,""t"":309},{""x"":778,""y"":1140,""t"":344},{""x"":779,""y"":1061,""t"":377},{""x"":810,""y"":983,""t"":411},{""x"":808,""y"":917,""t"":445},{""x"":863,""y"":787,""t"":481},{""x"":877,""y"":718,""t"":514},{""x"":905,""y"":663,""t"":548},{""x"":896,""y"":634,""t"":582},{""x"":885,""y"":579,""t"":615},{""x"":896,""y"":502,""t"":649},{""x"":876,""y"":511,""t"":684},{""x"":881,""y"":529,""t"":718},{""x"":821,""y"":697,""t"":751},{""x"":783,""y"":905,""t"":786},{""x"":745,""y"":1059,""t"":820},{""x"":714,""y"":1187,""t"":851},{""x"":720,""y"":1275,""t"":888},{""x"":732,""y"":1282,""t"":922},{""x"":734,""y"":1219,""t"":956},{""x"":761,""y"":1153,""t"":990},{""x"":772,""y"":1039,""t"":1023},{""x"":824,""y"":960,""t"":1058},{""x"":858,""y"":849,""t"":1092},{""x"":878,""y"":734,""t"":1125},{""x"":869,""y"":701,""t"":1160},{""x"":881,""y"":648,""t"":1193},{""x"":923,""y"":593,""t"":1227},{""x"":957,""y"":552,""t"":1259},{""x"":936,""y"":506,""t"":1295},{""x"":868,""y"":650,""t"":1330},{""x"":852,""y"":889,""t"":1363},{""x"":810,""y"":1016,""t"":1397},{""x"":792,""y"":1056,""t"":1432},{""x"":769,""y"":1054,""t"":1466},{""x"":754,""y"":1134,""t"":1499},{""x"":746,""y"":1026,""t"":1533},{""x"":774,""y"":941,""t"":1568},{""x"":785,""y"":834,""t"":1601},{""x"":796,""y"":730,""t"":1636},{""x"":781,""y"":605,""t"":1670},{""x"":802,""y"":546,""t"":1703},{""x"":807,""y"":563,""t"":1739},{""x"":824,""y"":468,""t"":1772},{""x"":819,""y"":420,""t"":1806},{""x"":827,""y"":388,""t"":1841},{""x"":828,""y"":389,""t"":1874},{""x"":839,""y"":406,""t"":1907},{""x"":845,""y"":515,""t"":1943},{""x"":828,""y"":578,""t"":1975}]","[{""x"":250,""y"":425,""width"":80,""height"":80,""top"":385,""right"":290,""bottom"":465,""left"":210},{""x"":400,""y"":165.1923788646684,""width"":80,""height"":80,""top"":125.1923788646684,""right"":440,""bottom"":205.1923788646684,""left"":360},{""x"":700,""y"":165.1923788646684,""width"":80,""height"":80,""top"":125.1923788646684,""right"":740,""bottom"":205.1923788646684,""left"":660},{""x"":850,""y"":425,""width"":80,""height"":80,""top"":385,""right"":890,""bottom"":465,""left"":810},{""x"":700,""y"":684.8076211353316,""width"":80,""height"":80,""top"":644.8076211353316,""right"":740,""bottom"":724.8076211353316,""left"":660},{""x"":400,""y"":684.8076211353316,""width"":80,""height"":80,""top"":644.8076211353316,""right"":440,""bottom"":724.8076211353316,""left"":360}]","{""#container"":{""x"":410,""y"":129.390625,""width"":1100,""height"":850,""top"":129.390625,""right"":1510,""bottom"":979.390625,""left"":410}}","[{'purple': 3}, {'yellow': 4}, {'red': 0}, {'green': 0}, {'cyan': 0}, {'blue': 18}]",,blue
11,,,,680.0,4.0,4.0,"[""yellow"",""red"",""cyan"",""blue"",""purple"",""green""]",yellow,True,"[{""x"":874,""y"":625,""t"":3},{""x"":876,""y"":619,""t"":38},{""x"":914,""y"":599,""t"":73},{""x"":879,""y"":591,""t"":106},{""x"":860,""y"":647,""t"":140},{""x"":858,""y"":666,""t"":174},{""x"":841,""y"":701,""t"":209},{""x"":826,""y"":630,""t"":242},{""x"":833,""y"":612,""t"":276},{""x"":832,""y"":594,""t"":310},{""x"":838,""y"":586,""t"":343},{""x"":890,""y"":587,""t"":379},{""x"":907,""y"":584,""t"":412},{""x"":929,""y"":571,""t"":446},{""x"":921,""y"":568,""t"":480},{""x"":905,""y"":564,""t"":514},{""x"":932,""y"":566,""t"":548},{""x"":934,""y"":522,""t"":583},{""x"":935,""y"":519,""t"":616},{""x"":932,""y"":496,""t"":650},{""x"":880,""y"":583,""t"":683},{""x"":819,""y"":745,""t"":718},{""x"":778,""y"":956,""t"":751},{""x"":726,""y"":1127,""t"":786},{""x"":725,""y"":1156,""t"":820},{""x"":716,""y"":1124,""t"":853},{""x"":726,""y"":1060,""t"":888},{""x"":787,""y"":930,""t"":921},{""x"":812,""y"":830,""t"":956},{""x"":834,""y"":744,""t"":988},{""x"":853,""y"":661,""t"":1025},{""x"":875,""y"":646,""t"":1059},{""x"":852,""y"":604,""t"":1092},{""x"":864,""y"":561,""t"":1125},{""x"":907,""y"":506,""t"":1160},{""x"":921,""y"":478,""t"":1195},{""x"":943,""y"":431,""t"":1229},{""x"":979,""y"":404,""t"":1261},{""x"":961,""y"":468,""t"":1295},{""x"":917,""y"":520,""t"":1329},{""x"":900,""y"":624,""t"":1364},{""x"":885,""y"":714,""t"":1396},{""x"":866,""y"":965,""t"":1431},{""x"":845,""y"":1130,""t"":1467},{""x"":805,""y"":1194,""t"":1500},{""x"":774,""y"":1192,""t"":1533},{""x"":772,""y"":1185,""t"":1568},{""x"":775,""y"":1137,""t"":1603},{""x"":742,""y"":1076,""t"":1635},{""x"":717,""y"":990,""t"":1671},{""x"":751,""y"":934,""t"":1703},{""x"":814,""y"":892,""t"":1739},{""x"":837,""y"":813,""t"":1772},{""x"":827,""y"":743,""t"":1806},{""x"":819,""y"":649,""t"":1840},{""x"":839,""y"":593,""t"":1874},{""x"":845,""y"":553,""t"":1908},{""x"":841,""y"":545,""t"":1943},{""x"":920,""y"":515,""t"":1977}]","[{""x"":250,""y"":425,""width"":80,""height"":80,""top"":385,""right"":290,""bottom"":465,""left"":210},{""x"":400,""y"":165.1923788646684,""width"":80,""height"":80,""top"":125.1923788646684,""right"":440,""bottom"":205.1923788646684,""left"":360},{""x"":700,""y"":165.1923788646684,""width"":80,""height"":80,""top"":125.1923788646684,""right"":740,""bottom"":205.1923788646684,""left"":660},{""x"":850,""y"":425,""width"":80,""height"":80,""top"":385,""right"":890,""bottom"":465,""left"":810},{""x"":700,""y"":684.8076211353316,""width"":80,""height"":80,""top"":644.8076211353316,""right"":740,""bottom"":724.8076211353316,""left"":660},{""x"":400,""y"":684.8076211353316,""width"":80,""height"":80,""top"":644.8076211353316,""right"":440,""bottom"":724.8076211353316,""left"":360}]","{""#container"":{""x"":410,""y"":129.390625,""width"":1100,""height"":850,""top"":129.390625,""right"":1510,""bottom"":979.390625,""left"":410}}","[{'yellow': 0}, {'red': 0}, {'cyan': 0}, {'blue': 0}, {'purple': 0}, {'green': 11}]",,green
12,,,,576.0,9.0,1.0,"[""yellow"",""purple"",""blue"",""red"",""green"",""cyan""]",cyan_1,False,"[{""x"":895,""y"":487,""t"":3},{""x"":954,""y"":511,""t"":38},{""x"":973,""y"":526,""t"":71},{""x"":1004,""y"":543,""t"":106},{""x"":998,""y"":550,""t"":140},{""x"":1029,""y"":551,""t"":174},{""x"":992,""y"":552,""t"":208},{""x"":980,""y"":569,""t"":242},{""x"":959,""y"":610,""t"":277},{""x"":946,""y"":606,""t"":310},{""x"":928,""y"":593,""t"":344},{""x"":967,""y"":581,""t"":379},{""x"":929,""y"":720,""t"":411},{""x"":868,""y"":951,""t"":446},{""x"":827,""y"":1153,""t"":480},{""x"":762,""y"":1251,""t"":514},{""x"":746,""y"":1288,""t"":547},{""x"":746,""y"":1109,""t"":582},{""x"":768,""y"":1080,""t"":616},{""x"":798,""y"":949,""t"":650},{""x"":827,""y"":848,""t"":684},{""x"":850,""y"":712,""t"":718},{""x"":914,""y"":620,""t"":752},{""x"":969,""y"":536,""t"":786},{""x"":1002,""y"":453,""t"":820},{""x"":1050,""y"":398,""t"":854},{""x"":1040,""y"":371,""t"":888},{""x"":1056,""y"":363,""t"":921},{""x"":1065,""y"":305,""t"":956},{""x"":1032,""y"":295,""t"":990},{""x"":1050,""y"":272,""t"":1024},{""x"":1034,""y"":326,""t"":1058},{""x"":1007,""y"":342,""t"":1092},{""x"":993,""y"":352,""t"":1126},{""x"":958,""y"":392,""t"":1160},{""x"":872,""y"":502,""t"":1194},{""x"":792,""y"":822,""t"":1228},{""x"":726,""y"":1068,""t"":1261},{""x"":680,""y"":1231,""t"":1295},{""x"":689,""y"":1197,""t"":1331},{""x"":730,""y"":1119,""t"":1364},{""x"":746,""y"":1055,""t"":1396},{""x"":779,""y"":1027,""t"":1432},{""x"":812,""y"":966,""t"":1466},{""x"":836,""y"":854,""t"":1501},{""x"":883,""y"":766,""t"":1534},{""x"":890,""y"":669,""t"":1567},{""x"":929,""y"":553,""t"":1603},{""x"":960,""y"":477,""t"":1637},{""x"":973,""y"":366,""t"":1670},{""x"":1003,""y"":291,""t"":1704},{""x"":1019,""y"":248,""t"":1738},{""x"":1045,""y"":244,""t"":1771},{""x"":1065,""y"":248,""t"":1804},{""x"":1084,""y"":240,""t"":1840},{""x"":1092,""y"":216,""t"":1874},{""x"":1125,""y"":216,""t"":1908},{""x"":1140,""y"":190,""t"":1942},{""x"":1176,""y"":220,""t"":1976}]","[{""x"":250,""y"":425,""width"":80,""height"":80,""top"":385,""right"":290,""bottom"":465,""left"":210},{""x"":400,""y"":165.1923788646684,""width"":80,""height"":80,""top"":125.1923788646684,""right"":440,""bottom"":205.1923788646684,""left"":360},{""x"":700,""y"":165.1923788646684,""width"":80,""height"":80,""top"":125.1923788646684,""right"":740,""bottom"":205.1923788646684,""left"":660},{""x"":850,""y"":425,""width"":80,""height"":80,""top"":385,""right"":890,""bottom"":465,""left"":810},{""x"":700,""y"":684.8076211353316,""width"":80,""height"":80,""top"":644.8076211353316,""right"":740,""bottom"":724.8076211353316,""left"":660},{""x"":400,""y"":684.8076211353316,""width"":80,""height"":80,""top"":644.8076211353316,""right"":440,""bottom"":724.8076211353316,""left"":360}]","{""#container"":{""x"":410,""y"":129.390625,""width"":1100,""height"":850,""top"":129.390625,""right"":1510,""bottom"":979.390625,""left"":410}}","[{'yellow': 0}, {'purple': 0}, {'blue': 18}, {'red': 0}, {'green': 0}, {'cyan': 7}]",{'cyan_1': 7},blue
13,,,,668.0,7.0,7.0,"[""yellow"",""green"",""cyan"",""purple"",""blue"",""red""]",green,True,"[{""x"":1178,""y"":310,""t"":3},{""x"":1153,""y"":380,""t"":39},{""x"":1134,""y"":460,""t"":72},{""x"":1103,""y"":498,""t"":106},{""x"":1046,""y"":478,""t"":140},{""x"":990,""y"":448,""t"":172},{""x"":1008,""y"":468,""t"":209},{""x"":1012,""y"":468,""t"":242},{""x"":1053,""y"":463,""t"":276},{""x"":1000,""y"":458,""t"":311},{""x"":993,""y"":424,""t"":344},{""x"":1011,""y"":447,""t"":378},{""x"":1002,""y"":417,""t"":411},{""x"":994,""y"":414,""t"":445},{""x"":1025,""y"":435,""t"":480},{""x"":994,""y"":432,""t"":514},{""x"":992,""y"":401,""t"":549},{""x"":995,""y"":463,""t"":583},{""x"":927,""y"":742,""t"":616},{""x"":854,""y"":1006,""t"":650},{""x"":806,""y"":1176,""t"":684},{""x"":752,""y"":1216,""t"":717},{""x"":730,""y"":1125,""t"":752},{""x"":734,""y"":1097,""t"":786},{""x"":772,""y"":971,""t"":821},{""x"":796,""y"":792,""t"":854},{""x"":820,""y"":671,""t"":888},{""x"":868,""y"":600,""t"":922},{""x"":922,""y"":522,""t"":955},{""x"":946,""y"":428,""t"":990},{""x"":946,""y"":345,""t"":1023},{""x"":965,""y"":304,""t"":1058},{""x"":997,""y"":300,""t"":1098},{""x"":1034,""y"":333,""t"":1127},{""x"":1107,""y"":341,""t"":1160},{""x"":1097,""y"":386,""t"":1193},{""x"":1095,""y"":472,""t"":1228},{""x"":1033,""y"":846,""t"":1262},{""x"":951,""y"":1041,""t"":1296},{""x"":887,""y"":1172,""t"":1330},{""x"":843,""y"":1217,""t"":1365},{""x"":855,""y"":1218,""t"":1398},{""x"":844,""y"":1094,""t"":1432},{""x"":879,""y"":944,""t"":1466},{""x"":879,""y"":813,""t"":1500},{""x"":882,""y"":685,""t"":1534},{""x"":931,""y"":562,""t"":1568},{""x"":1004,""y"":491,""t"":1602},{""x"":1014,""y"":408,""t"":1636},{""x"":1034,""y"":406,""t"":1670},{""x"":1058,""y"":352,""t"":1704},{""x"":1081,""y"":298,""t"":1737},{""x"":1098,""y"":258,""t"":1770},{""x"":1091,""y"":293,""t"":1806},{""x"":1121,""y"":328,""t"":1841},{""x"":1149,""y"":302,""t"":1874},{""x"":1151,""y"":270,""t"":1907},{""x"":1093,""y"":327,""t"":1943},{""x"":1087,""y"":341,""t"":1976}]","[{""x"":250,""y"":425,""width"":80,""height"":80,""top"":385,""right"":290,""bottom"":465,""left"":210},{""x"":400,""y"":165.1923788646684,""width"":80,""height"":80,""top"":125.1923788646684,""right"":440,""bottom"":205.1923788646684,""left"":360},{""x"":700,""y"":165.1923788646684,""width"":80,""height"":80,""top"":125.1923788646684,""right"":740,""bottom"":205.1923788646684,""left"":660},{""x"":850,""y"":425,""width"":80,""height"":80,""top"":385,""right"":890,""bottom"":465,""left"":810},{""x"":700,""y"":684.8076211353316,""width"":80,""height"":80,""top"":644.8076211353316,""right"":740,""bottom"":724.8076211353316,""left"":660},{""x"":400,""y"":684.8076211353316,""width"":80,""height"":80,""top"":644.8076211353316,""right"":440,""bottom"":724.8076211353316,""left"":360}]","{""#container"":{""x"":410,""y"":129.390625,""width"":1100,""height"":850,""top"":129.390625,""right"":1510,""bottom"":979.390625,""left"":410}}","[{'yellow': 0}, {'green': 1}, {'cyan': 18}, {'purple': 0}, {'blue': 1}, {'red': 6}]",{'green': 1},cyan
14,,,,855.0,4.0,1.0,"[""blue"",""red"",""yellow"",""green"",""purple"",""cyan""]",cyan,False,"[{""x"":1065,""y"":401,""t"":3},{""x"":1018,""y"":432,""t"":38},{""x"":1046,""y"":489,""t"":71},{""x"":1069,""y"":514,""t"":105},{""x"":1007,""y"":604,""t"":139},{""x"":947,""y"":603,""t"":173},{""x"":947,""y"":559,""t"":207},{""x"":905,""y"":536,""t"":243},{""x"":881,""y"":506,""t"":276},{""x"":870,""y"":464,""t"":309},{""x"":856,""y"":475,""t"":343},{""x"":872,""y"":489,""t"":378},{""x"":869,""y"":502,""t"":411},{""x"":881,""y"":487,""t"":445},{""x"":868,""y"":487,""t"":479},{""x"":847,""y"":465,""t"":514},{""x"":913,""y"":480,""t"":549},{""x"":962,""y"":469,""t"":581},{""x"":958,""y"":593,""t"":615},{""x"":917,""y"":673,""t"":648},{""x"":862,""y"":966,""t"":684},{""x"":805,""y"":1187,""t"":717},{""x"":763,""y"":1347,""t"":752},{""x"":712,""y"":1370,""t"":785},{""x"":720,""y"":1302,""t"":819},{""x"":741,""y"":1197,""t"":853},{""x"":771,""y"":1015,""t"":887},{""x"":854,""y"":832,""t"":922},{""x"":881,""y"":693,""t"":957},{""x"":962,""y"":557,""t"":990},{""x"":996,""y"":466,""t"":1024},{""x"":1023,""y"":395,""t"":1056},{""x"":1089,""y"":331,""t"":1091},{""x"":1128,""y"":285,""t"":1126},{""x"":1160,""y"":240,""t"":1159},{""x"":1137,""y"":239,""t"":1193},{""x"":1111,""y"":289,""t"":1228},{""x"":1018,""y"":553,""t"":1262},{""x"":907,""y"":814,""t"":1296},{""x"":834,""y"":972,""t"":1330},{""x"":821,""y"":1062,""t"":1363},{""x"":806,""y"":1058,""t"":1398},{""x"":808,""y"":919,""t"":1431},{""x"":842,""y"":797,""t"":1466},{""x"":849,""y"":655,""t"":1499},{""x"":867,""y"":549,""t"":1534},{""x"":877,""y"":440,""t"":1569},{""x"":904,""y"":391,""t"":1601},{""x"":940,""y"":329,""t"":1635},{""x"":995,""y"":275,""t"":1670},{""x"":992,""y"":257,""t"":1705},{""x"":1009,""y"":255,""t"":1737},{""x"":988,""y"":284,""t"":1771},{""x"":1051,""y"":332,""t"":1806},{""x"":1064,""y"":371,""t"":1840},{""x"":1109,""y"":414,""t"":1873},{""x"":1145,""y"":410,""t"":1907},{""x"":1104,""y"":457,""t"":1942},{""x"":1106,""y"":485,""t"":1976}]","[{""x"":250,""y"":425,""width"":80,""height"":80,""top"":385,""right"":290,""bottom"":465,""left"":210},{""x"":400,""y"":165.1923788646684,""width"":80,""height"":80,""top"":125.1923788646684,""right"":440,""bottom"":205.1923788646684,""left"":360},{""x"":700,""y"":165.1923788646684,""width"":80,""height"":80,""top"":125.1923788646684,""right"":740,""bottom"":205.1923788646684,""left"":660},{""x"":850,""y"":425,""width"":80,""height"":80,""top"":385,""right"":890,""bottom"":465,""left"":810},{""x"":700,""y"":684.8076211353316,""width"":80,""height"":80,""top"":644.8076211353316,""right"":740,""bottom"":724.8076211353316,""left"":660},{""x"":400,""y"":684.8076211353316,""width"":80,""height"":80,""top"":644.8076211353316,""right"":440,""bottom"":724.8076211353316,""left"":360}]","{""#container"":{""x"":410,""y"":129.390625,""width"":1100,""height"":850,""top"":129.390625,""right"":1510,""bottom"":979.390625,""left"":410}}","[{'blue': 0}, {'red': 2}, {'yellow': 15}, {'green': 0}, {'purple': 0}, {'cyan': 5}]",{'cyan': 5},yellow
15,,,,525.0,3.0,3.0,"[""blue"",""purple"",""cyan"",""red"",""yellow"",""green""]",yellow_1,True,"[{""x"":1100,""y"":429,""t"":3},{""x"":1103,""y"":326,""t"":38},{""x"":1100,""y"":292,""t"":71},{""x"":1120,""y"":227,""t"":107},{""x"":1117,""y"":184,""t"":140},{""x"":1123,""y"":185,""t"":174},{""x"":1135,""y"":162,""t"":208},{""x"":1121,""y"":176,""t"":241},{""x"":1120,""y"":212,""t"":276},{""x"":1111,""y"":224,""t"":310},{""x"":1101,""y"":323,""t"":343},{""x"":1081,""y"":354,""t"":378},{""x"":1056,""y"":363,""t"":412},{""x"":978,""y"":566,""t"":446},{""x"":899,""y"":867,""t"":479},{""x"":828,""y"":1090,""t"":514},{""x"":747,""y"":1184,""t"":547},{""x"":713,""y"":1215,""t"":581},{""x"":727,""y"":1160,""t"":616},{""x"":796,""y"":1076,""t"":650},{""x"":799,""y"":953,""t"":684},{""x"":803,""y"":843,""t"":716},{""x"":849,""y"":714,""t"":751},{""x"":901,""y"":566,""t"":785},{""x"":937,""y"":468,""t"":820},{""x"":970,""y"":487,""t"":853},{""x"":1012,""y"":466,""t"":888},{""x"":1033,""y"":458,""t"":922},{""x"":1034,""y"":427,""t"":956},{""x"":1075,""y"":422,""t"":989},{""x"":1059,""y"":425,""t"":1023},{""x"":1093,""y"":464,""t"":1057},{""x"":1104,""y"":470,""t"":1091},{""x"":1114,""y"":436,""t"":1125},{""x"":1093,""y"":367,""t"":1160},{""x"":1134,""y"":271,""t"":1194},{""x"":1125,""y"":232,""t"":1228},{""x"":1072,""y"":233,""t"":1261},{""x"":1114,""y"":275,""t"":1296},{""x"":1122,""y"":345,""t"":1330},{""x"":1132,""y"":335,""t"":1364},{""x"":1102,""y"":363,""t"":1398},{""x"":1075,""y"":421,""t"":1432},{""x"":1081,""y"":444,""t"":1466},{""x"":1068,""y"":464,""t"":1500},{""x"":1088,""y"":529,""t"":1533},{""x"":1099,""y"":565,""t"":1568},{""x"":1124,""y"":557,""t"":1603},{""x"":1156,""y"":577,""t"":1636},{""x"":1146,""y"":586,""t"":1670},{""x"":1165,""y"":546,""t"":1703},{""x"":1160,""y"":531,""t"":1738},{""x"":1171,""y"":510,""t"":1772},{""x"":1203,""y"":431,""t"":1807},{""x"":1201,""y"":396,""t"":1840},{""x"":1172,""y"":425,""t"":1873},{""x"":1144,""y"":430,""t"":1908},{""x"":1154,""y"":462,""t"":1941},{""x"":1032,""y"":599,""t"":1976}]","[{""x"":250,""y"":425,""width"":80,""height"":80,""top"":385,""right"":290,""bottom"":465,""left"":210},{""x"":400,""y"":165.1923788646684,""width"":80,""height"":80,""top"":125.1923788646684,""right"":440,""bottom"":205.1923788646684,""left"":360},{""x"":700,""y"":165.1923788646684,""width"":80,""height"":80,""top"":125.1923788646684,""right"":740,""bottom"":205.1923788646684,""left"":660},{""x"":850,""y"":425,""width"":80,""height"":80,""top"":385,""right"":890,""bottom"":465,""left"":810},{""x"":700,""y"":684.8076211353316,""width"":80,""height"":80,""top"":644.8076211353316,""right"":740,""bottom"":724.8076211353316,""left"":660},{""x"":400,""y"":684.8076211353316,""width"":80,""height"":80,""top"":644.8076211353316,""right"":440,""bottom"":724.8076211353316,""left"":360}]","{""#container"":{""x"":410,""y"":129.390625,""width"":1100,""height"":850,""top"":129.390625,""right"":1510,""bottom"":979.390625,""left"":410}}","[{'blue': 0}, {'purple': 0}, {'cyan': 28}, {'red': 8}, {'yellow': 0}, {'green': 4}]",,cyan
16,,,,670.0,7.0,7.0,"[""red"",""cyan"",""purple"",""green"",""blue"",""yellow""]",cyan_1,True,"[{""x"":1039,""y"":571,""t"":3},{""x"":991,""y"":525,""t"":38},{""x"":964,""y"":536,""t"":72},{""x"":930,""y"":479,""t"":107},{""x"":901,""y"":465,""t"":137},{""x"":879,""y"":462,""t"":174},{""x"":846,""y"":427,""t"":209},{""x"":875,""y"":474,""t"":241},{""x"":904,""y"":493,""t"":275},{""x"":921,""y"":478,""t"":310},{""x"":944,""y"":491,""t"":345},{""x"":929,""y"":479,""t"":378},{""x"":966,""y"":484,""t"":412},{""x"":963,""y"":499,""t"":446},{""x"":968,""y"":543,""t"":480},{""x"":964,""y"":551,""t"":513},{""x"":961,""y"":556,""t"":546},{""x"":938,""y"":533,""t"":582},{""x"":975,""y"":534,""t"":616},{""x"":967,""y"":566,""t"":649},{""x"":983,""y"":540,""t"":685},{""x"":972,""y"":588,""t"":718},{""x"":1016,""y"":580,""t"":752},{""x"":991,""y"":658,""t"":786},{""x"":978,""y"":635,""t"":820},{""x"":966,""y"":613,""t"":853},{""x"":937,""y"":632,""t"":889},{""x"":906,""y"":584,""t"":922},{""x"":908,""y"":589,""t"":955},{""x"":862,""y"":557,""t"":990},{""x"":858,""y"":639,""t"":1025},{""x"":888,""y"":625,""t"":1058},{""x"":893,""y"":571,""t"":1092},{""x"":929,""y"":508,""t"":1126},{""x"":909,""y"":587,""t"":1159},{""x"":933,""y"":594,""t"":1193},{""x"":996,""y"":548,""t"":1229},{""x"":944,""y"":586,""t"":1262},{""x"":927,""y"":663,""t"":1296},{""x"":952,""y"":669,""t"":1330},{""x"":938,""y"":620,""t"":1364},{""x"":929,""y"":650,""t"":1397},{""x"":950,""y"":639,""t"":1431},{""x"":895,""y"":794,""t"":1466},{""x"":829,""y"":984,""t"":1500},{""x"":789,""y"":1138,""t"":1534},{""x"":734,""y"":1185,""t"":1567},{""x"":721,""y"":1226,""t"":1602},{""x"":738,""y"":1204,""t"":1636},{""x"":791,""y"":1113,""t"":1670},{""x"":821,""y"":985,""t"":1704},{""x"":872,""y"":873,""t"":1737},{""x"":890,""y"":816,""t"":1772},{""x"":915,""y"":736,""t"":1806},{""x"":972,""y"":660,""t"":1840},{""x"":1017,""y"":599,""t"":1874},{""x"":1090,""y"":559,""t"":1908},{""x"":1096,""y"":507,""t"":1942},{""x"":1112,""y"":510,""t"":1975}]","[{""x"":250,""y"":425,""width"":80,""height"":80,""top"":385,""right"":290,""bottom"":465,""left"":210},{""x"":400,""y"":165.1923788646684,""width"":80,""height"":80,""top"":125.1923788646684,""right"":440,""bottom"":205.1923788646684,""left"":360},{""x"":700,""y"":165.1923788646684,""width"":80,""height"":80,""top"":125.1923788646684,""right"":740,""bottom"":205.1923788646684,""left"":660},{""x"":850,""y"":425,""width"":80,""height"":80,""top"":385,""right"":890,""bottom"":465,""left"":810},{""x"":700,""y"":684.8076211353316,""width"":80,""height"":80,""top"":644.8076211353316,""right"":740,""bottom"":724.8076211353316,""left"":660},{""x"":400,""y"":684.8076211353316,""width"":80,""height"":80,""top"":644.8076211353316,""right"":440,""bottom"":724.8076211353316,""left"":360}]","{""#container"":{""x"":410,""y"":129.390625,""width"":1100,""height"":850,""top"":129.390625,""right"":1510,""bottom"":979.390625,""left"":410}}","[{'red': 0}, {'cyan': 1}, {'purple': 0}, {'green': 0}, {'blue': 0}, {'yellow': 4}]",{'cyan_1': 1},yellow
17,,,,535.0,6.0,6.0,"[""cyan"",""blue"",""yellow"",""red"",""purple"",""green""]",red,True,"[{""x"":1080,""y"":537,""t"":3},{""x"":1031,""y"":528,""t"":39},{""x"":1016,""y"":535,""t"":72},{""x"":1010,""y"":547,""t"":105},{""x"":990,""y"":551,""t"":140},{""x"":1012,""y"":578,""t"":174},{""x"":983,""y"":586,""t"":208},{""x"":973,""y"":610,""t"":242},{""x"":975,""y"":578,""t"":277},{""x"":982,""y"":555,""t"":311},{""x"":972,""y"":527,""t"":344},{""x"":994,""y"":516,""t"":378},{""x"":1056,""y"":494,""t"":412},{""x"":1058,""y"":484,""t"":445},{""x"":1035,""y"":468,""t"":480},{""x"":1047,""y"":427,""t"":513},{""x"":1027,""y"":434,""t"":548},{""x"":1051,""y"":412,""t"":582},{""x"":1081,""y"":401,""t"":616},{""x"":1107,""y"":396,""t"":650},{""x"":1057,""y"":400,""t"":683},{""x"":1013,""y"":429,""t"":717},{""x"":986,""y"":487,""t"":752},{""x"":1020,""y"":443,""t"":787},{""x"":1016,""y"":473,""t"":820},{""x"":1018,""y"":463,""t"":854},{""x"":1027,""y"":505,""t"":887},{""x"":1062,""y"":540,""t"":921},{""x"":1071,""y"":525,""t"":956},{""x"":1077,""y"":510,""t"":988},{""x"":1068,""y"":553,""t"":1024},{""x"":1060,""y"":553,""t"":1058},{""x"":1039,""y"":561,""t"":1092},{""x"":1009,""y"":495,""t"":1126},{""x"":961,""y"":474,""t"":1161},{""x"":969,""y"":475,""t"":1194},{""x"":986,""y"":473,""t"":1228},{""x"":1015,""y"":468,""t"":1261},{""x"":976,""y"":590,""t"":1295},{""x"":919,""y"":794,""t"":1330},{""x"":858,""y"":1032,""t"":1364},{""x"":808,""y"":1229,""t"":1395},{""x"":732,""y"":1337,""t"":1431},{""x"":724,""y"":1294,""t"":1466},{""x"":728,""y"":1213,""t"":1499},{""x"":725,""y"":1086,""t"":1533},{""x"":763,""y"":1015,""t"":1568},{""x"":814,""y"":888,""t"":1602},{""x"":826,""y"":765,""t"":1636},{""x"":844,""y"":665,""t"":1670},{""x"":873,""y"":573,""t"":1703},{""x"":887,""y"":495,""t"":1738},{""x"":902,""y"":476,""t"":1772},{""x"":908,""y"":495,""t"":1806},{""x"":897,""y"":460,""t"":1840},{""x"":914,""y"":419,""t"":1874},{""x"":920,""y"":403,""t"":1908},{""x"":896,""y"":386,""t"":1942},{""x"":882,""y"":524,""t"":1976}]","[{""x"":250,""y"":425,""width"":80,""height"":80,""top"":385,""right"":290,""bottom"":465,""left"":210},{""x"":400,""y"":165.1923788646684,""width"":80,""height"":80,""top"":125.1923788646684,""right"":440,""bottom"":205.1923788646684,""left"":360},{""x"":700,""y"":165.1923788646684,""width"":80,""height"":80,""top"":125.1923788646684,""right"":740,""bottom"":205.1923788646684,""left"":660},{""x"":850,""y"":425,""width"":80,""height"":80,""top"":385,""right"":890,""bottom"":465,""left"":810},{""x"":700,""y"":684.8076211353316,""width"":80,""height"":80,""top"":644.8076211353316,""right"":740,""bottom"":724.8076211353316,""left"":660},{""x"":400,""y"":684.8076211353316,""width"":80,""height"":80,""top"":644.8076211353316,""right"":440,""bottom"":724.8076211353316,""left"":360}]","{""#container"":{""x"":410,""y"":129.390625,""width"":1100,""height"":850,""top"":129.390625,""right"":1510,""bottom"":979.390625,""left"":410}}","[{'cyan': 0}, {'blue': 1}, {'yellow': 5}, {'red': 0}, {'purple': 0}, {'green': 3}]",,yellow
18,,,,424.0,4.0,4.0,"[""cyan"",""red"",""purple"",""yellow"",""blue"",""green""]",cyan,True,"[{""x"":853,""y"":451,""t"":3},{""x"":845,""y"":435,""t"":38},{""x"":831,""y"":416,""t"":71},{""x"":799,""y"":401,""t"":105},{""x"":815,""y"":408,""t"":139},{""x"":791,""y"":416,""t"":174},{""x"":810,""y"":455,""t"":208},{""x"":811,""y"":477,""t"":241},{""x"":801,""y"":475,""t"":276},{""x"":794,""y"":470,""t"":310},{""x"":799,""y"":473,""t"":344},{""x"":814,""y"":466,""t"":378},{""x"":808,""y"":424,""t"":411},{""x"":804,""y"":434,""t"":446},{""x"":826,""y"":397,""t"":481},{""x"":804,""y"":358,""t"":514},{""x"":807,""y"":294,""t"":547},{""x"":784,""y"":303,""t"":582},{""x"":771,""y"":288,""t"":616},{""x"":781,""y"":285,""t"":650},{""x"":744,""y"":271,""t"":684},{""x"":741,""y"":279,""t"":718},{""x"":811,""y"":259,""t"":752},{""x"":839,""y"":290,""t"":786},{""x"":860,""y"":265,""t"":819},{""x"":924,""y"":297,""t"":853},{""x"":970,""y"":320,""t"":887},{""x"":1004,""y"":359,""t"":921},{""x"":1053,""y"":405,""t"":955},{""x"":1058,""y"":392,""t"":989},{""x"":1064,""y"":453,""t"":1023},{""x"":1118,""y"":455,""t"":1058},{""x"":1152,""y"":453,""t"":1095},{""x"":1178,""y"":450,""t"":1123},{""x"":1138,""y"":496,""t"":1159},{""x"":1102,""y"":534,""t"":1192},{""x"":1069,""y"":553,""t"":1227},{""x"":1048,""y"":531,""t"":1262},{""x"":1034,""y"":544,""t"":1296},{""x"":1016,""y"":560,""t"":1329},{""x"":980,""y"":577,""t"":1364},{""x"":943,""y"":594,""t"":1398},{""x"":899,""y"":594,""t"":1431},{""x"":877,""y"":575,""t"":1466},{""x"":847,""y"":596,""t"":1499},{""x"":826,""y"":732,""t"":1534},{""x"":801,""y"":831,""t"":1566},{""x"":763,""y"":1061,""t"":1602},{""x"":750,""y"":1255,""t"":1636},{""x"":732,""y"":1295,""t"":1669},{""x"":701,""y"":1190,""t"":1703},{""x"":714,""y"":1137,""t"":1738},{""x"":729,""y"":1106,""t"":1772},{""x"":718,""y"":1000,""t"":1806},{""x"":749,""y"":891,""t"":1840},{""x"":791,""y"":776,""t"":1873},{""x"":777,""y"":689,""t"":1907},{""x"":805,""y"":638,""t"":1942},{""x"":840,""y"":610,""t"":1975}]","[{""x"":250,""y"":425,""width"":80,""height"":80,""top"":385,""right"":290,""bottom"":465,""left"":210},{""x"":400,""y"":165.1923788646684,""width"":80,""height"":80,""top"":125.1923788646684,""right"":440,""bottom"":205.1923788646684,""left"":360},{""x"":700,""y"":165.1923788646684,""width"":80,""height"":80,""top"":125.1923788646684,""right"":740,""bottom"":205.1923788646684,""left"":660},{""x"":850,""y"":425,""width"":80,""height"":80,""top"":385,""right"":890,""bottom"":465,""left"":810},{""x"":700,""y"":684.8076211353316,""width"":80,""height"":80,""top"":644.8076211353316,""right"":740,""bottom"":724.8076211353316,""left"":660},{""x"":400,""y"":684.8076211353316,""width"":80,""height"":80,""top"":644.8076211353316,""right"":440,""bottom"":724.8076211353316,""left"":360}]","{""#container"":{""x"":410,""y"":129.390625,""width"":1100,""height"":850,""top"":129.390625,""right"":1510,""bottom"":979.390625,""left"":410}}","[{'cyan': 0}, {'red': 19}, {'purple': 4}, {'yellow': 3}, {'blue': 0}, {'green': 5}]",,red
19,,,,806.0,4.0,6.0,"[""green"",""red"",""yellow"",""cyan"",""purple"",""blue""]",cyan,False,"[{""x"":871,""y"":593,""t"":3},{""x"":917,""y"":559,""t"":38},{""x"":936,""y"":567,""t"":73},{""x"":938,""y"":533,""t"":105},{""x"":932,""y"":530,""t"":140},{""x"":947,""y"":532,""t"":174},{""x"":925,""y"":526,""t"":207},{""x"":951,""y"":524,""t"":242},{""x"":927,""y"":516,""t"":277},{""x"":892,""y"":491,""t"":310},{""x"":879,""y"":463,""t"":343},{""x"":875,""y"":463,""t"":378},{""x"":850,""y"":437,""t"":412},{""x"":860,""y"":387,""t"":446},{""x"":860,""y"":445,""t"":480},{""x"":857,""y"":440,""t"":514},{""x"":874,""y"":464,""t"":548},{""x"":861,""y"":545,""t"":582},{""x"":807,""y"":789,""t"":617},{""x"":737,""y"":998,""t"":650},{""x"":729,""y"":1150,""t"":683},{""x"":691,""y"":1150,""t"":719},{""x"":703,""y"":1056,""t"":752},{""x"":746,""y"":921,""t"":786},{""x"":775,""y"":782,""t"":820},{""x"":818,""y"":714,""t"":854},{""x"":816,""y"":615,""t"":887},{""x"":864,""y"":560,""t"":922},{""x"":864,""y"":535,""t"":955},{""x"":893,""y"":467,""t"":989},{""x"":946,""y"":447,""t"":1024},{""x"":950,""y"":378,""t"":1058},{""x"":943,""y"":365,""t"":1092},{""x"":937,""y"":359,""t"":1125},{""x"":928,""y"":354,""t"":1160},{""x"":949,""y"":349,""t"":1194},{""x"":967,""y"":407,""t"":1228},{""x"":949,""y"":397,""t"":1262},{""x"":924,""y"":425,""t"":1296},{""x"":918,""y"":393,""t"":1329},{""x"":893,""y"":368,""t"":1364},{""x"":885,""y"":334,""t"":1398},{""x"":869,""y"":333,""t"":1432},{""x"":890,""y"":331,""t"":1465},{""x"":891,""y"":364,""t"":1500},{""x"":891,""y"":392,""t"":1531},{""x"":902,""y"":405,""t"":1569},{""x"":910,""y"":423,""t"":1602},{""x"":933,""y"":389,""t"":1636},{""x"":951,""y"":410,""t"":1670},{""x"":969,""y"":434,""t"":1704},{""x"":961,""y"":428,""t"":1737},{""x"":943,""y"":413,""t"":1772},{""x"":962,""y"":428,""t"":1806},{""x"":930,""y"":403,""t"":1840},{""x"":930,""y"":398,""t"":1874},{""x"":951,""y"":425,""t"":1909},{""x"":944,""y"":379,""t"":1942},{""x"":946,""y"":402,""t"":1976}]","[{""x"":250,""y"":425,""width"":80,""height"":80,""top"":385,""right"":290,""bottom"":465,""left"":210},{""x"":400,""y"":165.1923788646684,""width"":80,""height"":80,""top"":125.1923788646684,""right"":440,""bottom"":205.1923788646684,""left"":360},{""x"":700,""y"":165.1923788646684,""width"":80,""height"":80,""top"":125.1923788646684,""right"":740,""bottom"":205.1923788646684,""left"":660},{""x"":850,""y"":425,""width"":80,""height"":80,""top"":385,""right"":890,""bottom"":465,""left"":810},{""x"":700,""y"":684.8076211353316,""width"":80,""height"":80,""top"":644.8076211353316,""right"":740,""bottom"":724.8076211353316,""left"":660},{""x"":400,""y"":684.8076211353316,""width"":80,""height"":80,""top"":644.8076211353316,""right"":440,""bottom"":724.8076211353316,""left"":360}]","{""#container"":{""x"":410,""y"":129.390625,""width"":1100,""height"":850,""top"":129.390625,""right"":1510,""bottom"":979.390625,""left"":410}}","[{'green': 0}, {'red': 13}, {'yellow': 0}, {'cyan': 0}, {'purple': 0}, {'blue': 4}]",,red
20,,,,1084.0,3.0,3.0,"[""blue"",""yellow"",""green"",""red"",""purple"",""cyan""]",purple_1,True,"[{""x"":908,""y"":414,""t"":4},{""x"":923,""y"":442,""t"":39},{""x"":917,""y"":418,""t"":73},{""x"":881,""y"":396,""t"":107},{""x"":889,""y"":432,""t"":140},{""x"":862,""y"":443,""t"":174},{""x"":858,""y"":466,""t"":208},{""x"":828,""y"":485,""t"":242},{""x"":842,""y"":444,""t"":276},{""x"":839,""y"":439,""t"":309},{""x"":857,""y"":441,""t"":345},{""x"":855,""y"":463,""t"":377},{""x"":818,""y"":607,""t"":411},{""x"":756,""y"":833,""t"":448},{""x"":694,""y"":1041,""t"":481},{""x"":681,""y"":1170,""t"":514},{""x"":688,""y"":1206,""t"":548},{""x"":704,""y"":1165,""t"":582},{""x"":764,""y"":1079,""t"":616},{""x"":784,""y"":998,""t"":650},{""x"":806,""y"":907,""t"":684},{""x"":847,""y"":768,""t"":719},{""x"":895,""y"":727,""t"":753},{""x"":895,""y"":608,""t"":786},{""x"":893,""y"":509,""t"":819},{""x"":960,""y"":448,""t"":855},{""x"":949,""y"":442,""t"":889},{""x"":987,""y"":375,""t"":921},{""x"":1007,""y"":365,""t"":955},{""x"":970,""y"":357,""t"":990},{""x"":973,""y"":376,""t"":1024},{""x"":937,""y"":338,""t"":1058},{""x"":922,""y"":292,""t"":1092},{""x"":897,""y"":291,""t"":1126},{""x"":906,""y"":357,""t"":1160},{""x"":913,""y"":415,""t"":1192},{""x"":885,""y"":438,""t"":1227},{""x"":871,""y"":546,""t"":1263},{""x"":805,""y"":758,""t"":1297},{""x"":758,""y"":992,""t"":1329},{""x"":685,""y"":1136,""t"":1364},{""x"":673,""y"":1211,""t"":1398},{""x"":695,""y"":1252,""t"":1433},{""x"":714,""y"":1176,""t"":1465},{""x"":748,""y"":1091,""t"":1500},{""x"":772,""y"":1003,""t"":1534},{""x"":815,""y"":871,""t"":1568},{""x"":839,""y"":798,""t"":1603},{""x"":853,""y"":684,""t"":1636},{""x"":873,""y"":648,""t"":1670},{""x"":897,""y"":584,""t"":1711},{""x"":904,""y"":562,""t"":1738},{""x"":882,""y"":515,""t"":1772},{""x"":923,""y"":589,""t"":1805},{""x"":921,""y"":629,""t"":1840},{""x"":914,""y"":612,""t"":1874},{""x"":894,""y"":592,""t"":1908},{""x"":930,""y"":584,""t"":1942},{""x"":934,""y"":576,""t"":1976}]","[{""x"":250,""y"":425,""width"":80,""height"":80,""top"":385,""right"":290,""bottom"":465,""left"":210},{""x"":400,""y"":165.1923788646684,""width"":80,""height"":80,""top"":125.1923788646684,""right"":440,""bottom"":205.1923788646684,""left"":360},{""x"":700,""y"":165.1923788646684,""width"":80,""height"":80,""top"":125.1923788646684,""right"":740,""bottom"":205.1923788646684,""left"":660},{""x"":850,""y"":425,""width"":80,""height"":80,""top"":385,""right"":890,""bottom"":465,""left"":810},{""x"":700,""y"":684.8076211353316,""width"":80,""height"":80,""top"":644.8076211353316,""right"":740,""bottom"":724.8076211353316,""left"":660},{""x"":400,""y"":684.8076211353316,""width"":80,""height"":80,""top"":644.8076211353316,""right"":440,""bottom"":724.8076211353316,""left"":360}]","{""#container"":{""x"":410,""y"":129.390625,""width"":1100,""height"":850,""top"":129.390625,""right"":1510,""bottom"":979.390625,""left"":410}}","[{'blue': 0}, {'yellow': 6}, {'green': 2}, {'red': 0}, {'purple': 0}, {'cyan': 8}]",,cyan
21,,,,805.0,6.0,6.0,"[""cyan"",""yellow"",""red"",""green"",""blue"",""purple""]",green,True,"[{""x"":924,""y"":600,""t"":4},{""x"":910,""y"":592,""t"":38},{""x"":900,""y"":583,""t"":72},{""x"":882,""y"":545,""t"":106},{""x"":898,""y"":569,""t"":140},{""x"":909,""y"":551,""t"":174},{""x"":935,""y"":525,""t"":207},{""x"":945,""y"":497,""t"":242},{""x"":963,""y"":495,""t"":276},{""x"":970,""y"":511,""t"":310},{""x"":953,""y"":515,""t"":344},{""x"":925,""y"":514,""t"":379},{""x"":915,""y"":531,""t"":412},{""x"":870,""y"":713,""t"":447},{""x"":832,""y"":869,""t"":477},{""x"":766,""y"":1069,""t"":514},{""x"":722,""y"":1184,""t"":547},{""x"":693,""y"":1239,""t"":582},{""x"":698,""y"":1179,""t"":616},{""x"":700,""y"":1028,""t"":651},{""x"":685,""y"":857,""t"":684},{""x"":732,""y"":736,""t"":719},{""x"":788,""y"":666,""t"":753},{""x"":810,""y"":556,""t"":785},{""x"":851,""y"":491,""t"":820},{""x"":874,""y"":373,""t"":854},{""x"":893,""y"":278,""t"":885},{""x"":917,""y"":258,""t"":922},{""x"":909,""y"":234,""t"":955},{""x"":909,""y"":270,""t"":989},{""x"":899,""y"":299,""t"":1038},{""x"":884,""y"":316,""t"":1061},{""x"":881,""y"":354,""t"":1092},{""x"":885,""y"":396,""t"":1127},{""x"":887,""y"":418,""t"":1160},{""x"":873,""y"":425,""t"":1193},{""x"":875,""y"":408,""t"":1228},{""x"":912,""y"":454,""t"":1262},{""x"":897,""y"":455,""t"":1297},{""x"":916,""y"":501,""t"":1330},{""x"":919,""y"":510,""t"":1364},{""x"":930,""y"":501,""t"":1398},{""x"":916,""y"":495,""t"":1432},{""x"":973,""y"":500,""t"":1465},{""x"":1006,""y"":470,""t"":1500},{""x"":1024,""y"":437,""t"":1534},{""x"":1045,""y"":422,""t"":1568},{""x"":1039,""y"":466,""t"":1601},{""x"":990,""y"":451,""t"":1635},{""x"":940,""y"":440,""t"":1670},{""x"":955,""y"":441,""t"":1704},{""x"":931,""y"":435,""t"":1738},{""x"":916,""y"":517,""t"":1772},{""x"":836,""y"":766,""t"":1806},{""x"":770,""y"":993,""t"":1840},{""x"":717,""y"":1126,""t"":1874},{""x"":689,""y"":1152,""t"":1908},{""x"":716,""y"":1126,""t"":1942},{""x"":727,""y"":1048,""t"":1976}]","[{""x"":250,""y"":425,""width"":80,""height"":80,""top"":385,""right"":290,""bottom"":465,""left"":210},{""x"":400,""y"":165.1923788646684,""width"":80,""height"":80,""top"":125.1923788646684,""right"":440,""bottom"":205.1923788646684,""left"":360},{""x"":700,""y"":165.1923788646684,""width"":80,""height"":80,""top"":125.1923788646684,""right"":740,""bottom"":205.1923788646684,""left"":660},{""x"":850,""y"":425,""width"":80,""height"":80,""top"":385,""right"":890,""bottom"":465,""left"":810},{""x"":700,""y"":684.8076211353316,""width"":80,""height"":80,""top"":644.8076211353316,""right"":740,""bottom"":724.8076211353316,""left"":660},{""x"":400,""y"":684.8076211353316,""width"":80,""height"":80,""top"":644.8076211353316,""right"":440,""bottom"":724.8076211353316,""left"":360}]","{""#container"":{""x"":410,""y"":129.390625,""width"":1100,""height"":850,""top"":129.390625,""right"":1510,""bottom"":979.390625,""left"":410}}","[{'cyan': 0}, {'yellow': 12}, {'red': 1}, {'green': 0}, {'blue': 0}, {'purple': 6}]",,yellow
22,,,,652.0,6.0,6.0,"[""purple"",""green"",""cyan"",""yellow"",""blue"",""red""]",yellow,True,"[{""x"":828,""y"":920,""t"":3},{""x"":889,""y"":868,""t"":35},{""x"":889,""y"":759,""t"":72},{""x"":893,""y"":725,""t"":105},{""x"":894,""y"":666,""t"":140},{""x"":882,""y"":624,""t"":174},{""x"":897,""y"":599,""t"":208},{""x"":916,""y"":553,""t"":242},{""x"":920,""y"":498,""t"":276},{""x"":921,""y"":524,""t"":310},{""x"":919,""y"":520,""t"":344},{""x"":899,""y"":483,""t"":378},{""x"":907,""y"":483,""t"":411},{""x"":939,""y"":443,""t"":447},{""x"":908,""y"":434,""t"":480},{""x"":888,""y"":386,""t"":515},{""x"":925,""y"":400,""t"":548},{""x"":924,""y"":426,""t"":583},{""x"":926,""y"":404,""t"":616},{""x"":920,""y"":460,""t"":649},{""x"":883,""y"":694,""t"":685},{""x"":814,""y"":957,""t"":718},{""x"":768,""y"":1145,""t"":751},{""x"":749,""y"":1193,""t"":786},{""x"":734,""y"":1237,""t"":820},{""x"":751,""y"":1164,""t"":854},{""x"":792,""y"":1057,""t"":888},{""x"":799,""y"":956,""t"":921},{""x"":831,""y"":919,""t"":956},{""x"":831,""y"":833,""t"":990},{""x"":872,""y"":722,""t"":1024},{""x"":873,""y"":651,""t"":1058},{""x"":857,""y"":516,""t"":1092},{""x"":871,""y"":485,""t"":1125},{""x"":883,""y"":527,""t"":1160},{""x"":894,""y"":567,""t"":1192},{""x"":822,""y"":749,""t"":1228},{""x"":797,""y"":917,""t"":1261},{""x"":776,""y"":1042,""t"":1296},{""x"":739,""y"":1058,""t"":1330},{""x"":712,""y"":1038,""t"":1363},{""x"":746,""y"":965,""t"":1397},{""x"":772,""y"":882,""t"":1433},{""x"":786,""y"":769,""t"":1465},{""x"":809,""y"":674,""t"":1500},{""x"":839,""y"":592,""t"":1534},{""x"":866,""y"":565,""t"":1565},{""x"":889,""y"":574,""t"":1602},{""x"":852,""y"":510,""t"":1637},{""x"":854,""y"":459,""t"":1669},{""x"":822,""y"":389,""t"":1703},{""x"":818,""y"":361,""t"":1738},{""x"":791,""y"":312,""t"":1772},{""x"":845,""y"":368,""t"":1805},{""x"":836,""y"":407,""t"":1840},{""x"":837,""y"":442,""t"":1873},{""x"":832,""y"":463,""t"":1908},{""x"":860,""y"":482,""t"":1942},{""x"":883,""y"":455,""t"":1976}]","[{""x"":250,""y"":425,""width"":80,""height"":80,""top"":385,""right"":290,""bottom"":465,""left"":210},{""x"":400,""y"":165.1923788646684,""width"":80,""height"":80,""top"":125.1923788646684,""right"":440,""bottom"":205.1923788646684,""left"":360},{""x"":700,""y"":165.1923788646684,""width"":80,""height"":80,""top"":125.1923788646684,""right"":740,""bottom"":205.1923788646684,""left"":660},{""x"":850,""y"":425,""width"":80,""height"":80,""top"":385,""right"":890,""bottom"":465,""left"":810},{""x"":700,""y"":684.8076211353316,""width"":80,""height"":80,""top"":644.8076211353316,""right"":740,""bottom"":724.8076211353316,""left"":660},{""x"":400,""y"":684.8076211353316,""width"":80,""height"":80,""top"":644.8076211353316,""right"":440,""bottom"":724.8076211353316,""left"":360}]","{""#container"":{""x"":410,""y"":129.390625,""width"":1100,""height"":850,""top"":129.390625,""right"":1510,""bottom"":979.390625,""left"":410}}","[{'purple': 0}, {'green': 7}, {'cyan': 0}, {'yellow': 0}, {'blue': 0}, {'red': 15}]",,red
23,,,,909.0,1.0,1.0,"[""cyan"",""blue"",""purple"",""yellow"",""green"",""red""]",red_1,True,"[{""x"":875,""y"":456,""t"":3},{""x"":879,""y"":489,""t"":38},{""x"":852,""y"":508,""t"":71},{""x"":921,""y"":521,""t"":105},{""x"":907,""y"":519,""t"":139},{""x"":900,""y"":534,""t"":175},{""x"":913,""y"":513,""t"":207},{""x"":937,""y"":513,""t"":241},{""x"":928,""y"":556,""t"":275},{""x"":981,""y"":527,""t"":310},{""x"":975,""y"":533,""t"":343},{""x"":975,""y"":552,""t"":377},{""x"":927,""y"":646,""t"":412},{""x"":857,""y"":875,""t"":446},{""x"":762,""y"":1067,""t"":481},{""x"":717,""y"":1125,""t"":514},{""x"":696,""y"":1156,""t"":547},{""x"":703,""y"":1074,""t"":582},{""x"":718,""y"":960,""t"":616},{""x"":714,""y"":819,""t"":649},{""x"":741,""y"":719,""t"":683},{""x"":768,""y"":616,""t"":717},{""x"":774,""y"":512,""t"":752},{""x"":806,""y"":469,""t"":786},{""x"":843,""y"":408,""t"":819},{""x"":830,""y"":357,""t"":854},{""x"":849,""y"":355,""t"":887},{""x"":870,""y"":375,""t"":921},{""x"":883,""y"":398,""t"":961},{""x"":892,""y"":404,""t"":990},{""x"":889,""y"":418,""t"":1024},{""x"":984,""y"":407,""t"":1058},{""x"":981,""y"":414,""t"":1091},{""x"":992,""y"":367,""t"":1125},{""x"":1016,""y"":340,""t"":1161},{""x"":1038,""y"":349,""t"":1195},{""x"":1055,""y"":392,""t"":1228},{""x"":1081,""y"":360,""t"":1260},{""x"":1077,""y"":378,""t"":1296},{""x"":1034,""y"":394,""t"":1330},{""x"":989,""y"":398,""t"":1364},{""x"":966,""y"":456,""t"":1397},{""x"":922,""y"":467,""t"":1431},{""x"":908,""y"":455,""t"":1465},{""x"":905,""y"":447,""t"":1500},{""x"":903,""y"":458,""t"":1533},{""x"":899,""y"":473,""t"":1567},{""x"":877,""y"":470,""t"":1603},{""x"":867,""y"":534,""t"":1637},{""x"":876,""y"":530,""t"":1667},{""x"":880,""y"":493,""t"":1704},{""x"":868,""y"":429,""t"":1738},{""x"":841,""y"":455,""t"":1772},{""x"":825,""y"":445,""t"":1805},{""x"":839,""y"":468,""t"":1840},{""x"":852,""y"":449,""t"":1873},{""x"":859,""y"":422,""t"":1908},{""x"":862,""y"":423,""t"":1941},{""x"":892,""y"":440,""t"":1976}]","[{""x"":250,""y"":425,""width"":80,""height"":80,""top"":385,""right"":290,""bottom"":465,""left"":210},{""x"":400,""y"":165.1923788646684,""width"":80,""height"":80,""top"":125.1923788646684,""right"":440,""bottom"":205.1923788646684,""left"":360},{""x"":700,""y"":165.1923788646684,""width"":80,""height"":80,""top"":125.1923788646684,""right"":740,""bottom"":205.1923788646684,""left"":660},{""x"":850,""y"":425,""width"":80,""height"":80,""top"":385,""right"":890,""bottom"":465,""left"":810},{""x"":700,""y"":684.8076211353316,""width"":80,""height"":80,""top"":644.8076211353316,""right"":740,""bottom"":724.8076211353316,""left"":660},{""x"":400,""y"":684.8076211353316,""width"":80,""height"":80,""top"":644.8076211353316,""right"":440,""bottom"":724.8076211353316,""left"":360}]","{""#container"":{""x"":410,""y"":129.390625,""width"":1100,""height"":850,""top"":129.390625,""right"":1510,""bottom"":979.390625,""left"":410}}","[{'cyan': 2}, {'blue': 10}, {'purple': 7}, {'yellow': 0}, {'green': 0}, {'red': 3}]",{'red_1': 3},blue
24,,,,626.0,4.0,4.0,"[""red"",""green"",""cyan"",""blue"",""purple"",""yellow""]",red_1,True,"[{""x"":880,""y"":409,""t"":4},{""x"":915,""y"":366,""t"":38},{""x"":928,""y"":423,""t"":72},{""x"":952,""y"":482,""t"":105},{""x"":996,""y"":566,""t"":140},{""x"":1023,""y"":614,""t"":173},{""x"":1000,""y"":606,""t"":207},{""x"":994,""y"":577,""t"":242},{""x"":993,""y"":562,""t"":275},{""x"":988,""y"":529,""t"":310},{""x"":991,""y"":503,""t"":344},{""x"":957,""y"":475,""t"":378},{""x"":940,""y"":459,""t"":412},{""x"":944,""y"":442,""t"":446},{""x"":909,""y"":452,""t"":480},{""x"":903,""y"":481,""t"":514},{""x"":873,""y"":586,""t"":548},{""x"":820,""y"":879,""t"":581},{""x"":760,""y"":1090,""t"":615},{""x"":734,""y"":1232,""t"":650},{""x"":706,""y"":1278,""t"":684},{""x"":723,""y"":1224,""t"":718},{""x"":723,""y"":1083,""t"":752},{""x"":744,""y"":908,""t"":786},{""x"":774,""y"":769,""t"":820},{""x"":801,""y"":623,""t"":854},{""x"":801,""y"":562,""t"":888},{""x"":837,""y"":515,""t"":921},{""x"":864,""y"":471,""t"":956},{""x"":876,""y"":377,""t"":990},{""x"":917,""y"":325,""t"":1025},{""x"":905,""y"":343,""t"":1058},{""x"":874,""y"":305,""t"":1092},{""x"":906,""y"":292,""t"":1126},{""x"":856,""y"":283,""t"":1160},{""x"":843,""y"":227,""t"":1194},{""x"":845,""y"":234,""t"":1228},{""x"":817,""y"":218,""t"":1262},{""x"":842,""y"":290,""t"":1296},{""x"":829,""y"":426,""t"":1330},{""x"":789,""y"":668,""t"":1363},{""x"":765,""y"":792,""t"":1398},{""x"":763,""y"":827,""t"":1431},{""x"":807,""y"":878,""t"":1465},{""x"":821,""y"":881,""t"":1497},{""x"":831,""y"":785,""t"":1534},{""x"":850,""y"":751,""t"":1568},{""x"":848,""y"":713,""t"":1602},{""x"":846,""y"":636,""t"":1635},{""x"":821,""y"":570,""t"":1671},{""x"":847,""y"":541,""t"":1704},{""x"":847,""y"":494,""t"":1738},{""x"":835,""y"":504,""t"":1771},{""x"":857,""y"":512,""t"":1805},{""x"":858,""y"":485,""t"":1840},{""x"":857,""y"":473,""t"":1874},{""x"":855,""y"":465,""t"":1905},{""x"":835,""y"":432,""t"":1942},{""x"":840,""y"":420,""t"":1976}]","[{""x"":250,""y"":425,""width"":80,""height"":80,""top"":385,""right"":290,""bottom"":465,""left"":210},{""x"":400,""y"":165.1923788646684,""width"":80,""height"":80,""top"":125.1923788646684,""right"":440,""bottom"":205.1923788646684,""left"":360},{""x"":700,""y"":165.1923788646684,""width"":80,""height"":80,""top"":125.1923788646684,""right"":740,""bottom"":205.1923788646684,""left"":660},{""x"":850,""y"":425,""width"":80,""height"":80,""top"":385,""right"":890,""bottom"":465,""left"":810},{""x"":700,""y"":684.8076211353316,""width"":80,""height"":80,""top"":644.8076211353316,""right"":740,""bottom"":724.8076211353316,""left"":660},{""x"":400,""y"":684.8076211353316,""width"":80,""height"":80,""top"":644.8076211353316,""right"":440,""bottom"":724.8076211353316,""left"":360}]","{""#container"":{""x"":410,""y"":129.390625,""width"":1100,""height"":850,""top"":129.390625,""right"":1510,""bottom"":979.390625,""left"":410}}","[{'red': 1}, {'green': 15}, {'cyan': 0}, {'blue': 0}, {'purple': 0}, {'yellow': 11}]",{'red_1': 1},green
25,,,,937.0,4.0,4.0,"[""purple"",""cyan"",""red"",""blue"",""yellow"",""green""]",purple,True,"[{""x"":856,""y"":450,""t"":4},{""x"":852,""y"":449,""t"":40},{""x"":853,""y"":426,""t"":72},{""x"":847,""y"":472,""t"":106},{""x"":887,""y"":439,""t"":140},{""x"":880,""y"":471,""t"":173},{""x"":889,""y"":496,""t"":208},{""x"":919,""y"":479,""t"":241},{""x"":932,""y"":531,""t"":276},{""x"":929,""y"":554,""t"":310},{""x"":900,""y"":582,""t"":344},{""x"":889,""y"":595,""t"":378},{""x"":877,""y"":570,""t"":412},{""x"":918,""y"":575,""t"":446},{""x"":901,""y"":578,""t"":479},{""x"":937,""y"":580,""t"":520},{""x"":938,""y"":561,""t"":548},{""x"":913,""y"":529,""t"":581},{""x"":869,""y"":584,""t"":615},{""x"":803,""y"":839,""t"":650},{""x"":740,""y"":1014,""t"":684},{""x"":721,""y"":1063,""t"":717},{""x"":710,""y"":994,""t"":751},{""x"":747,""y"":957,""t"":786},{""x"":780,""y"":920,""t"":817},{""x"":787,""y"":781,""t"":854},{""x"":805,""y"":648,""t"":887},{""x"":811,""y"":510,""t"":922},{""x"":822,""y"":412,""t"":956},{""x"":855,""y"":331,""t"":990},{""x"":873,""y"":256,""t"":1023},{""x"":884,""y"":209,""t"":1057},{""x"":894,""y"":147,""t"":1092},{""x"":867,""y"":203,""t"":1126},{""x"":804,""y"":416,""t"":1160},{""x"":750,""y"":602,""t"":1191},{""x"":722,""y"":857,""t"":1228},{""x"":683,""y"":910,""t"":1262},{""x"":697,""y"":830,""t"":1296},{""x"":709,""y"":739,""t"":1329},{""x"":703,""y"":643,""t"":1364},{""x"":724,""y"":542,""t"":1398},{""x"":711,""y"":471,""t"":1433},{""x"":712,""y"":402,""t"":1466},{""x"":743,""y"":316,""t"":1500},{""x"":784,""y"":218,""t"":1535},{""x"":825,""y"":129,""t"":1568},{""x"":835,""y"":145,""t"":1602},{""x"":853,""y"":131,""t"":1636},{""x"":857,""y"":68,""t"":1669},{""x"":863,""y"":77,""t"":1704},{""x"":819,""y"":98,""t"":1738},{""x"":828,""y"":161,""t"":1772},{""x"":779,""y"":171,""t"":1806},{""x"":787,""y"":187,""t"":1840},{""x"":799,""y"":165,""t"":1874},{""x"":786,""y"":188,""t"":1907},{""x"":787,""y"":167,""t"":1941},{""x"":819,""y"":214,""t"":1976}]","[{""x"":250,""y"":425,""width"":80,""height"":80,""top"":385,""right"":290,""bottom"":465,""left"":210},{""x"":400,""y"":165.1923788646684,""width"":80,""height"":80,""top"":125.1923788646684,""right"":440,""bottom"":205.1923788646684,""left"":360},{""x"":700,""y"":165.1923788646684,""width"":80,""height"":80,""top"":125.1923788646684,""right"":740,""bottom"":205.1923788646684,""left"":660},{""x"":850,""y"":425,""width"":80,""height"":80,""top"":385,""right"":890,""bottom"":465,""left"":810},{""x"":700,""y"":684.8076211353316,""width"":80,""height"":80,""top"":644.8076211353316,""right"":740,""bottom"":724.8076211353316,""left"":660},{""x"":400,""y"":684.8076211353316,""width"":80,""height"":80,""top"":644.8076211353316,""right"":440,""bottom"":724.8076211353316,""left"":360}]","{""#container"":{""x"":410,""y"":129.390625,""width"":1100,""height"":850,""top"":129.390625,""right"":1510,""bottom"":979.390625,""left"":410}}","[{'purple': 4}, {'cyan': 17}, {'red': 0}, {'blue': 0}, {'yellow': 0}, {'green': 6}]",{'purple': 4},cyan
26,,,,525.0,4.0,4.0,"[""red"",""cyan"",""blue"",""yellow"",""green"",""purple""]",red,True,"[{""x"":856,""y"":341,""t"":4},{""x"":850,""y"":412,""t"":39},{""x"":886,""y"":443,""t"":72},{""x"":902,""y"":488,""t"":105},{""x"":890,""y"":580,""t"":139},{""x"":916,""y"":595,""t"":173},{""x"":924,""y"":618,""t"":207},{""x"":917,""y"":646,""t"":242},{""x"":905,""y"":638,""t"":276},{""x"":920,""y"":644,""t"":310},{""x"":892,""y"":703,""t"":343},{""x"":817,""y"":874,""t"":379},{""x"":769,""y"":1125,""t"":411},{""x"":707,""y"":1300,""t"":445},{""x"":677,""y"":1333,""t"":480},{""x"":655,""y"":1270,""t"":513},{""x"":632,""y"":1159,""t"":548},{""x"":679,""y"":989,""t"":582},{""x"":733,""y"":814,""t"":616},{""x"":755,""y"":679,""t"":650},{""x"":773,""y"":554,""t"":683},{""x"":790,""y"":416,""t"":718},{""x"":843,""y"":312,""t"":751},{""x"":848,""y"":261,""t"":785},{""x"":813,""y"":210,""t"":819},{""x"":800,""y"":151,""t"":854},{""x"":756,""y"":111,""t"":888},{""x"":781,""y"":120,""t"":922},{""x"":807,""y"":141,""t"":956},{""x"":788,""y"":123,""t"":990},{""x"":774,""y"":146,""t"":1024},{""x"":763,""y"":384,""t"":1058},{""x"":746,""y"":637,""t"":1091},{""x"":721,""y"":775,""t"":1126},{""x"":712,""y"":777,""t"":1160},{""x"":735,""y"":782,""t"":1195},{""x"":762,""y"":717,""t"":1228},{""x"":773,""y"":655,""t"":1261},{""x"":803,""y"":557,""t"":1296},{""x"":820,""y"":488,""t"":1329},{""x"":826,""y"":431,""t"":1365},{""x"":820,""y"":365,""t"":1396},{""x"":797,""y"":301,""t"":1432},{""x"":803,""y"":256,""t"":1466},{""x"":830,""y"":249,""t"":1500},{""x"":825,""y"":218,""t"":1533},{""x"":846,""y"":208,""t"":1568},{""x"":830,""y"":170,""t"":1602},{""x"":833,""y"":147,""t"":1636},{""x"":823,""y"":145,""t"":1670},{""x"":807,""y"":186,""t"":1703},{""x"":800,""y"":180,""t"":1738},{""x"":797,""y"":210,""t"":1773},{""x"":773,""y"":189,""t"":1805},{""x"":778,""y"":191,""t"":1840},{""x"":742,""y"":212,""t"":1874},{""x"":740,""y"":224,""t"":1908},{""x"":715,""y"":232,""t"":1942},{""x"":713,""y"":197,""t"":1976}]","[{""x"":250,""y"":425,""width"":80,""height"":80,""top"":385,""right"":290,""bottom"":465,""left"":210},{""x"":400,""y"":165.1923788646684,""width"":80,""height"":80,""top"":125.1923788646684,""right"":440,""bottom"":205.1923788646684,""left"":360},{""x"":700,""y"":165.1923788646684,""width"":80,""height"":80,""top"":125.1923788646684,""right"":740,""bottom"":205.1923788646684,""left"":660},{""x"":850,""y"":425,""width"":80,""height"":80,""top"":385,""right"":890,""bottom"":465,""left"":810},{""x"":700,""y"":684.8076211353316,""width"":80,""height"":80,""top"":644.8076211353316,""right"":740,""bottom"":724.8076211353316,""left"":660},{""x"":400,""y"":684.8076211353316,""width"":80,""height"":80,""top"":644.8076211353316,""right"":440,""bottom"":724.8076211353316,""left"":360}]","{""#container"":{""x"":410,""y"":129.390625,""width"":1100,""height"":850,""top"":129.390625,""right"":1510,""bottom"":979.390625,""left"":410}}","[{'red': 3}, {'cyan': 26}, {'blue': 0}, {'yellow': 0}, {'green': 0}, {'purple': 8}]",{'red': 3},cyan
27,,,,557.0,4.0,4.0,"[""blue"",""purple"",""yellow"",""cyan"",""green"",""red""]",blue_1,True,"[{""x"":750,""y"":269,""t"":3},{""x"":769,""y"":377,""t"":38},{""x"":813,""y"":452,""t"":71},{""x"":880,""y"":447,""t"":107},{""x"":869,""y"":468,""t"":140},{""x"":886,""y"":539,""t"":174},{""x"":879,""y"":587,""t"":208},{""x"":903,""y"":604,""t"":242},{""x"":889,""y"":643,""t"":276},{""x"":890,""y"":685,""t"":310},{""x"":902,""y"":673,""t"":344},{""x"":901,""y"":661,""t"":378},{""x"":915,""y"":662,""t"":413},{""x"":881,""y"":638,""t"":446},{""x"":887,""y"":598,""t"":480},{""x"":880,""y"":543,""t"":514},{""x"":849,""y"":469,""t"":548},{""x"":862,""y"":473,""t"":582},{""x"":854,""y"":578,""t"":616},{""x"":806,""y"":783,""t"":650},{""x"":782,""y"":991,""t"":684},{""x"":757,""y"":978,""t"":717},{""x"":754,""y"":913,""t"":753},{""x"":781,""y"":811,""t"":786},{""x"":806,""y"":721,""t"":818},{""x"":776,""y"":581,""t"":855},{""x"":793,""y"":456,""t"":888},{""x"":794,""y"":354,""t"":922},{""x"":777,""y"":303,""t"":956},{""x"":823,""y"":242,""t"":989},{""x"":796,""y"":197,""t"":1024},{""x"":735,""y"":172,""t"":1058},{""x"":778,""y"":191,""t"":1092},{""x"":750,""y"":141,""t"":1126},{""x"":744,""y"":142,""t"":1161},{""x"":729,""y"":159,""t"":1193},{""x"":717,""y"":176,""t"":1225},{""x"":743,""y"":201,""t"":1262},{""x"":721,""y"":196,""t"":1296},{""x"":765,""y"":245,""t"":1330},{""x"":827,""y"":241,""t"":1364},{""x"":840,""y"":301,""t"":1397},{""x"":864,""y"":303,""t"":1432},{""x"":886,""y"":281,""t"":1466},{""x"":907,""y"":321,""t"":1500},{""x"":970,""y"":318,""t"":1534},{""x"":997,""y"":320,""t"":1568},{""x"":1029,""y"":329,""t"":1602},{""x"":1017,""y"":328,""t"":1636},{""x"":1030,""y"":321,""t"":1670},{""x"":1014,""y"":360,""t"":1704},{""x"":992,""y"":351,""t"":1738},{""x"":960,""y"":366,""t"":1771},{""x"":953,""y"":356,""t"":1805},{""x"":945,""y"":389,""t"":1840},{""x"":935,""y"":399,""t"":1874},{""x"":930,""y"":423,""t"":1908},{""x"":973,""y"":478,""t"":1942},{""x"":995,""y"":470,""t"":1977}]","[{""x"":250,""y"":425,""width"":80,""height"":80,""top"":385,""right"":290,""bottom"":465,""left"":210},{""x"":400,""y"":165.1923788646684,""width"":80,""height"":80,""top"":125.1923788646684,""right"":440,""bottom"":205.1923788646684,""left"":360},{""x"":700,""y"":165.1923788646684,""width"":80,""height"":80,""top"":125.1923788646684,""right"":740,""bottom"":205.1923788646684,""left"":660},{""x"":850,""y"":425,""width"":80,""height"":80,""top"":385,""right"":890,""bottom"":465,""left"":810},{""x"":700,""y"":684.8076211353316,""width"":80,""height"":80,""top"":644.8076211353316,""right"":740,""bottom"":724.8076211353316,""left"":660},{""x"":400,""y"":684.8076211353316,""width"":80,""height"":80,""top"":644.8076211353316,""right"":440,""bottom"":724.8076211353316,""left"":360}]","{""#container"":{""x"":410,""y"":129.390625,""width"":1100,""height"":850,""top"":129.390625,""right"":1510,""bottom"":979.390625,""left"":410}}","[{'blue': 1}, {'purple': 16}, {'yellow': 7}, {'cyan': 0}, {'green': 0}, {'red': 4}]",{'blue_1': 1},purple
28,,,,515.0,4.0,4.0,"[""cyan"",""purple"",""yellow"",""red"",""blue"",""green""]",cyan_1,True,"[{""x"":995,""y"":482,""t"":3},{""x"":954,""y"":500,""t"":38},{""x"":961,""y"":532,""t"":72},{""x"":952,""y"":570,""t"":106},{""x"":938,""y"":571,""t"":139},{""x"":913,""y"":543,""t"":173},{""x"":892,""y"":517,""t"":206},{""x"":946,""y"":545,""t"":242},{""x"":922,""y"":609,""t"":277},{""x"":936,""y"":596,""t"":311},{""x"":920,""y"":614,""t"":344},{""x"":928,""y"":587,""t"":379},{""x"":909,""y"":595,""t"":412},{""x"":926,""y"":561,""t"":446},{""x"":862,""y"":737,""t"":480},{""x"":783,""y"":954,""t"":514},{""x"":712,""y"":1096,""t"":548},{""x"":709,""y"":1157,""t"":582},{""x"":690,""y"":1161,""t"":616},{""x"":689,""y"":1046,""t"":650},{""x"":704,""y"":924,""t"":684},{""x"":770,""y"":812,""t"":718},{""x"":791,""y"":702,""t"":751},{""x"":822,""y"":610,""t"":786},{""x"":828,""y"":500,""t"":820},{""x"":860,""y"":398,""t"":854},{""x"":922,""y"":346,""t"":888},{""x"":902,""y"":269,""t"":922},{""x"":921,""y"":231,""t"":956},{""x"":970,""y"":287,""t"":989},{""x"":975,""y"":284,""t"":1024},{""x"":983,""y"":246,""t"":1058},{""x"":956,""y"":253,""t"":1092},{""x"":946,""y"":265,""t"":1125},{""x"":947,""y"":399,""t"":1160},{""x"":864,""y"":666,""t"":1193},{""x"":805,""y"":873,""t"":1227},{""x"":749,""y"":957,""t"":1261},{""x"":746,""y"":1037,""t"":1295},{""x"":728,""y"":969,""t"":1330},{""x"":719,""y"":885,""t"":1364},{""x"":747,""y"":878,""t"":1398},{""x"":764,""y"":777,""t"":1431},{""x"":796,""y"":697,""t"":1466},{""x"":830,""y"":619,""t"":1500},{""x"":914,""y"":535,""t"":1533},{""x"":903,""y"":431,""t"":1568},{""x"":886,""y"":325,""t"":1602},{""x"":887,""y"":308,""t"":1637},{""x"":918,""y"":261,""t"":1671},{""x"":906,""y"":202,""t"":1704},{""x"":955,""y"":202,""t"":1738},{""x"":996,""y"":207,""t"":1769},{""x"":1066,""y"":185,""t"":1805},{""x"":1134,""y"":212,""t"":1840},{""x"":1198,""y"":249,""t"":1874},{""x"":1217,""y"":260,""t"":1907},{""x"":1239,""y"":320,""t"":1943},{""x"":1247,""y"":326,""t"":1976}]","[{""x"":250,""y"":425,""width"":80,""height"":80,""top"":385,""right"":290,""bottom"":465,""left"":210},{""x"":400,""y"":165.1923788646684,""width"":80,""height"":80,""top"":125.1923788646684,""right"":440,""bottom"":205.1923788646684,""left"":360},{""x"":700,""y"":165.1923788646684,""width"":80,""height"":80,""top"":125.1923788646684,""right"":740,""bottom"":205.1923788646684,""left"":660},{""x"":850,""y"":425,""width"":80,""height"":80,""top"":385,""right"":890,""bottom"":465,""left"":810},{""x"":700,""y"":684.8076211353316,""width"":80,""height"":80,""top"":644.8076211353316,""right"":740,""bottom"":724.8076211353316,""left"":660},{""x"":400,""y"":684.8076211353316,""width"":80,""height"":80,""top"":644.8076211353316,""right"":440,""bottom"":724.8076211353316,""left"":360}]","{""#container"":{""x"":410,""y"":129.390625,""width"":1100,""height"":850,""top"":129.390625,""right"":1510,""bottom"":979.390625,""left"":410}}","[{'cyan': 0}, {'purple': 9}, {'yellow': 10}, {'red': 0}, {'blue': 0}, {'green': 9}]",,yellow
29,,,,667.0,6.0,6.0,"[""green"",""cyan"",""yellow"",""blue"",""purple"",""red""]",blue_1,True,"[{""x"":1135,""y"":503,""t"":4},{""x"":1036,""y"":652,""t"":36},{""x"":1007,""y"":713,""t"":72},{""x"":940,""y"":661,""t"":106},{""x"":902,""y"":688,""t"":140},{""x"":869,""y"":641,""t"":174},{""x"":846,""y"":596,""t"":208},{""x"":835,""y"":547,""t"":242},{""x"":826,""y"":521,""t"":276},{""x"":818,""y"":475,""t"":310},{""x"":824,""y"":478,""t"":344},{""x"":858,""y"":486,""t"":378},{""x"":901,""y"":442,""t"":412},{""x"":885,""y"":411,""t"":447},{""x"":874,""y"":459,""t"":480},{""x"":895,""y"":456,""t"":514},{""x"":937,""y"":462,""t"":548},{""x"":1010,""y"":478,""t"":582},{""x"":1018,""y"":484,""t"":616},{""x"":1057,""y"":490,""t"":650},{""x"":1051,""y"":479,""t"":683},{""x"":1051,""y"":462,""t"":718},{""x"":1145,""y"":479,""t"":752},{""x"":1182,""y"":458,""t"":786},{""x"":1156,""y"":459,""t"":819},{""x"":1136,""y"":465,""t"":854},{""x"":1180,""y"":399,""t"":888},{""x"":1179,""y"":395,""t"":922},{""x"":1179,""y"":417,""t"":955},{""x"":1176,""y"":361,""t"":991},{""x"":1163,""y"":337,""t"":1024},{""x"":1138,""y"":325,""t"":1058},{""x"":1099,""y"":325,""t"":1092},{""x"":1002,""y"":356,""t"":1126},{""x"":946,""y"":404,""t"":1160},{""x"":892,""y"":422,""t"":1193},{""x"":825,""y"":434,""t"":1228},{""x"":804,""y"":454,""t"":1261},{""x"":800,""y"":468,""t"":1296},{""x"":797,""y"":499,""t"":1330},{""x"":818,""y"":536,""t"":1363},{""x"":879,""y"":533,""t"":1398},{""x"":922,""y"":581,""t"":1431},{""x"":996,""y"":518,""t"":1466},{""x"":1033,""y"":518,""t"":1499},{""x"":1018,""y"":532,""t"":1534},{""x"":1003,""y"":510,""t"":1567},{""x"":989,""y"":538,""t"":1600},{""x"":937,""y"":538,""t"":1636},{""x"":918,""y"":602,""t"":1670},{""x"":900,""y"":708,""t"":1704},{""x"":920,""y"":730,""t"":1738},{""x"":911,""y"":734,""t"":1771},{""x"":899,""y"":706,""t"":1806},{""x"":891,""y"":670,""t"":1840},{""x"":879,""y"":611,""t"":1874},{""x"":885,""y"":558,""t"":1908},{""x"":858,""y"":619,""t"":1941},{""x"":794,""y"":844,""t"":1975}]","[{""x"":250,""y"":425,""width"":80,""height"":80,""top"":385,""right"":290,""bottom"":465,""left"":210},{""x"":400,""y"":165.1923788646684,""width"":80,""height"":80,""top"":125.1923788646684,""right"":440,""bottom"":205.1923788646684,""left"":360},{""x"":700,""y"":165.1923788646684,""width"":80,""height"":80,""top"":125.1923788646684,""right"":740,""bottom"":205.1923788646684,""left"":660},{""x"":850,""y"":425,""width"":80,""height"":80,""top"":385,""right"":890,""bottom"":465,""left"":810},{""x"":700,""y"":684.8076211353316,""width"":80,""height"":80,""top"":644.8076211353316,""right"":740,""bottom"":724.8076211353316,""left"":660},{""x"":400,""y"":684.8076211353316,""width"":80,""height"":80,""top"":644.8076211353316,""right"":440,""bottom"":724.8076211353316,""left"":360}]","{""#container"":{""x"":410,""y"":129.390625,""width"":1100,""height"":850,""top"":129.390625,""right"":1510,""bottom"":979.390625,""left"":410}}","[{'green': 1}, {'cyan': 2}, {'yellow': 8}, {'blue': 4}, {'purple': 1}, {'red': 5}]",{'blue_1': 4},yellow
30,,,,727.0,3.0,3.0,"[""yellow"",""red"",""cyan"",""purple"",""blue"",""green""]",blue_1,True,"[{""x"":813,""y"":798,""t"":3},{""x"":855,""y"":738,""t"":39},{""x"":840,""y"":696,""t"":72},{""x"":833,""y"":619,""t"":105},{""x"":853,""y"":593,""t"":140},{""x"":867,""y"":553,""t"":174},{""x"":889,""y"":508,""t"":208},{""x"":904,""y"":482,""t"":242},{""x"":937,""y"":420,""t"":276},{""x"":917,""y"":386,""t"":310},{""x"":888,""y"":403,""t"":344},{""x"":882,""y"":419,""t"":377},{""x"":870,""y"":407,""t"":413},{""x"":880,""y"":421,""t"":445},{""x"":902,""y"":432,""t"":481},{""x"":930,""y"":405,""t"":514},{""x"":915,""y"":378,""t"":548},{""x"":890,""y"":423,""t"":582},{""x"":852,""y"":565,""t"":616},{""x"":818,""y"":824,""t"":649},{""x"":750,""y"":1038,""t"":684},{""x"":737,""y"":1030,""t"":718},{""x"":752,""y"":1043,""t"":752},{""x"":785,""y"":931,""t"":786},{""x"":817,""y"":837,""t"":820},{""x"":828,""y"":692,""t"":854},{""x"":837,""y"":542,""t"":885},{""x"":895,""y"":457,""t"":922},{""x"":908,""y"":382,""t"":956},{""x"":971,""y"":305,""t"":989},{""x"":986,""y"":287,""t"":1024},{""x"":980,""y"":241,""t"":1058},{""x"":960,""y"":276,""t"":1092},{""x"":941,""y"":306,""t"":1125},{""x"":941,""y"":261,""t"":1160},{""x"":946,""y"":224,""t"":1194},{""x"":955,""y"":235,""t"":1228},{""x"":935,""y"":232,""t"":1262},{""x"":951,""y"":231,""t"":1296},{""x"":1000,""y"":252,""t"":1330},{""x"":1023,""y"":271,""t"":1363},{""x"":1041,""y"":252,""t"":1398},{""x"":1096,""y"":205,""t"":1432},{""x"":1116,""y"":187,""t"":1466},{""x"":1074,""y"":178,""t"":1500},{""x"":1005,""y"":194,""t"":1534},{""x"":935,""y"":262,""t"":1568},{""x"":892,""y"":329,""t"":1602},{""x"":923,""y"":344,""t"":1636},{""x"":919,""y"":379,""t"":1669},{""x"":907,""y"":407,""t"":1704},{""x"":919,""y"":434,""t"":1742},{""x"":890,""y"":455,""t"":1771},{""x"":879,""y"":459,""t"":1806},{""x"":876,""y"":514,""t"":1840},{""x"":876,""y"":530,""t"":1874},{""x"":858,""y"":540,""t"":1907},{""x"":836,""y"":545,""t"":1943},{""x"":840,""y"":554,""t"":1976}]","[{""x"":250,""y"":425,""width"":80,""height"":80,""top"":385,""right"":290,""bottom"":465,""left"":210},{""x"":400,""y"":165.1923788646684,""width"":80,""height"":80,""top"":125.1923788646684,""right"":440,""bottom"":205.1923788646684,""left"":360},{""x"":700,""y"":165.1923788646684,""width"":80,""height"":80,""top"":125.1923788646684,""right"":740,""bottom"":205.1923788646684,""left"":660},{""x"":850,""y"":425,""width"":80,""height"":80,""top"":385,""right"":890,""bottom"":465,""left"":810},{""x"":700,""y"":684.8076211353316,""width"":80,""height"":80,""top"":644.8076211353316,""right"":740,""bottom"":724.8076211353316,""left"":660},{""x"":400,""y"":684.8076211353316,""width"":80,""height"":80,""top"":644.8076211353316,""right"":440,""bottom"":724.8076211353316,""left"":360}]","{""#container"":{""x"":410,""y"":129.390625,""width"":1100,""height"":850,""top"":129.390625,""right"":1510,""bottom"":979.390625,""left"":410}}","[{'yellow': 0}, {'red': 15}, {'cyan': 10}, {'purple': 0}, {'blue': 0}, {'green': 7}]",,red
31,,,,494.0,4.0,4.0,"[""blue"",""cyan"",""purple"",""yellow"",""green"",""red""]",blue,True,"[{""x"":840,""y"":555,""t"":3},{""x"":835,""y"":539,""t"":37},{""x"":831,""y"":524,""t"":70},{""x"":842,""y"":475,""t"":106},{""x"":857,""y"":553,""t"":139},{""x"":881,""y"":544,""t"":173},{""x"":893,""y"":537,""t"":208},{""x"":939,""y"":522,""t"":242},{""x"":999,""y"":500,""t"":275},{""x"":1055,""y"":498,""t"":309},{""x"":1041,""y"":482,""t"":344},{""x"":1075,""y"":417,""t"":379},{""x"":1057,""y"":405,""t"":411},{""x"":1049,""y"":382,""t"":446},{""x"":1042,""y"":340,""t"":477},{""x"":1024,""y"":347,""t"":514},{""x"":1028,""y"":363,""t"":548},{""x"":963,""y"":618,""t"":581},{""x"":898,""y"":838,""t"":616},{""x"":869,""y"":934,""t"":649},{""x"":863,""y"":958,""t"":685},{""x"":841,""y"":880,""t"":718},{""x"":849,""y"":812,""t"":752},{""x"":878,""y"":752,""t"":786},{""x"":865,""y"":604,""t"":819},{""x"":814,""y"":515,""t"":853},{""x"":817,""y"":468,""t"":888},{""x"":828,""y"":374,""t"":921},{""x"":835,""y"":318,""t"":956},{""x"":858,""y"":245,""t"":989},{""x"":864,""y"":195,""t"":1024},{""x"":905,""y"":198,""t"":1057},{""x"":886,""y"":167,""t"":1092},{""x"":940,""y"":192,""t"":1125},{""x"":969,""y"":202,""t"":1160},{""x"":988,""y"":279,""t"":1194},{""x"":986,""y"":299,""t"":1228},{""x"":996,""y"":305,""t"":1262},{""x"":956,""y"":296,""t"":1296},{""x"":918,""y"":590,""t"":1330},{""x"":850,""y"":867,""t"":1364},{""x"":799,""y"":1062,""t"":1398},{""x"":767,""y"":1119,""t"":1432},{""x"":746,""y"":1067,""t"":1466},{""x"":757,""y"":952,""t"":1499},{""x"":793,""y"":818,""t"":1534},{""x"":841,""y"":723,""t"":1568},{""x"":859,""y"":619,""t"":1602},{""x"":885,""y"":547,""t"":1637},{""x"":868,""y"":437,""t"":1669},{""x"":890,""y"":408,""t"":1703},{""x"":932,""y"":399,""t"":1738},{""x"":946,""y"":400,""t"":1772},{""x"":958,""y"":365,""t"":1805},{""x"":936,""y"":311,""t"":1839},{""x"":903,""y"":301,""t"":1874},{""x"":885,""y"":301,""t"":1907},{""x"":870,""y"":320,""t"":1941},{""x"":866,""y"":290,""t"":1975}]","[{""x"":250,""y"":425,""width"":80,""height"":80,""top"":385,""right"":290,""bottom"":465,""left"":210},{""x"":400,""y"":165.1923788646684,""width"":80,""height"":80,""top"":125.1923788646684,""right"":440,""bottom"":205.1923788646684,""left"":360},{""x"":700,""y"":165.1923788646684,""width"":80,""height"":80,""top"":125.1923788646684,""right"":740,""bottom"":205.1923788646684,""left"":660},{""x"":850,""y"":425,""width"":80,""height"":80,""top"":385,""right"":890,""bottom"":465,""left"":810},{""x"":700,""y"":684.8076211353316,""width"":80,""height"":80,""top"":644.8076211353316,""right"":740,""bottom"":724.8076211353316,""left"":660},{""x"":400,""y"":684.8076211353316,""width"":80,""height"":80,""top"":644.8076211353316,""right"":440,""bottom"":724.8076211353316,""left"":360}]","{""#container"":{""x"":410,""y"":129.390625,""width"":1100,""height"":850,""top"":129.390625,""right"":1510,""bottom"":979.390625,""left"":410}}","[{'blue': 0}, {'cyan': 13}, {'purple': 9}, {'yellow': 0}, {'green': 0}, {'red': 9}]",,cyan
32,,,,552.0,6.0,6.0,"[""yellow"",""green"",""purple"",""cyan"",""blue"",""red""]",cyan_1,True,"[{""x"":851,""y"":289,""t"":4},{""x"":854,""y"":287,""t"":39},{""x"":879,""y"":315,""t"":73},{""x"":909,""y"":295,""t"":106},{""x"":889,""y"":284,""t"":140},{""x"":898,""y"":375,""t"":174},{""x"":928,""y"":373,""t"":208},{""x"":929,""y"":437,""t"":242},{""x"":920,""y"":518,""t"":276},{""x"":952,""y"":507,""t"":310},{""x"":961,""y"":468,""t"":344},{""x"":960,""y"":506,""t"":378},{""x"":963,""y"":566,""t"":412},{""x"":957,""y"":496,""t"":446},{""x"":955,""y"":453,""t"":480},{""x"":920,""y"":502,""t"":514},{""x"":902,""y"":502,""t"":548},{""x"":868,""y"":474,""t"":582},{""x"":904,""y"":434,""t"":616},{""x"":851,""y"":708,""t"":649},{""x"":794,""y"":920,""t"":684},{""x"":747,""y"":1096,""t"":715},{""x"":680,""y"":1142,""t"":751},{""x"":684,""y"":1048,""t"":786},{""x"":693,""y"":1023,""t"":820},{""x"":754,""y"":933,""t"":854},{""x"":794,""y"":831,""t"":889},{""x"":786,""y"":699,""t"":921},{""x"":813,""y"":629,""t"":957},{""x"":846,""y"":550,""t"":989},{""x"":841,""y"":504,""t"":1023},{""x"":831,""y"":447,""t"":1059},{""x"":796,""y"":377,""t"":1092},{""x"":766,""y"":323,""t"":1123},{""x"":774,""y"":343,""t"":1160},{""x"":769,""y"":316,""t"":1193},{""x"":804,""y"":327,""t"":1229},{""x"":847,""y"":329,""t"":1262},{""x"":851,""y"":458,""t"":1295},{""x"":802,""y"":660,""t"":1330},{""x"":778,""y"":877,""t"":1364},{""x"":741,""y"":1047,""t"":1398},{""x"":722,""y"":1064,""t"":1432},{""x"":716,""y"":995,""t"":1467},{""x"":743,""y"":935,""t"":1500},{""x"":761,""y"":797,""t"":1533},{""x"":765,""y"":704,""t"":1568},{""x"":741,""y"":606,""t"":1602},{""x"":748,""y"":536,""t"":1636},{""x"":759,""y"":486,""t"":1670},{""x"":758,""y"":418,""t"":1704},{""x"":792,""y"":446,""t"":1738},{""x"":799,""y"":434,""t"":1772},{""x"":843,""y"":433,""t"":1806},{""x"":843,""y"":392,""t"":1840},{""x"":862,""y"":386,""t"":1874},{""x"":903,""y"":364,""t"":1908},{""x"":917,""y"":352,""t"":1942},{""x"":935,""y"":309,""t"":1975}]","[{""x"":250,""y"":425,""width"":80,""height"":80,""top"":385,""right"":290,""bottom"":465,""left"":210},{""x"":400,""y"":165.1923788646684,""width"":80,""height"":80,""top"":125.1923788646684,""right"":440,""bottom"":205.1923788646684,""left"":360},{""x"":700,""y"":165.1923788646684,""width"":80,""height"":80,""top"":125.1923788646684,""right"":740,""bottom"":205.1923788646684,""left"":660},{""x"":850,""y"":425,""width"":80,""height"":80,""top"":385,""right"":890,""bottom"":465,""left"":810},{""x"":700,""y"":684.8076211353316,""width"":80,""height"":80,""top"":644.8076211353316,""right"":740,""bottom"":724.8076211353316,""left"":660},{""x"":400,""y"":684.8076211353316,""width"":80,""height"":80,""top"":644.8076211353316,""right"":440,""bottom"":724.8076211353316,""left"":360}]","{""#container"":{""x"":410,""y"":129.390625,""width"":1100,""height"":850,""top"":129.390625,""right"":1510,""bottom"":979.390625,""left"":410}}","[{'yellow': 3}, {'green': 21}, {'purple': 0}, {'cyan': 0}, {'blue': 0}, {'red': 9}]",,green
33,,,,876.0,1.0,3.0,"[""red"",""purple"",""yellow"",""cyan"",""green"",""blue""]",green,False,"[{""x"":922,""y"":308,""t"":4},{""x"":952,""y"":330,""t"":39},{""x"":944,""y"":385,""t"":74},{""x"":958,""y"":409,""t"":107},{""x"":944,""y"":422,""t"":140},{""x"":940,""y"":452,""t"":175},{""x"":920,""y"":450,""t"":208},{""x"":893,""y"":441,""t"":241},{""x"":880,""y"":418,""t"":276},{""x"":888,""y"":424,""t"":310},{""x"":917,""y"":412,""t"":344},{""x"":911,""y"":414,""t"":378},{""x"":896,""y"":447,""t"":412},{""x"":832,""y"":496,""t"":447},{""x"":777,""y"":536,""t"":478},{""x"":765,""y"":537,""t"":514},{""x"":777,""y"":457,""t"":548},{""x"":791,""y"":441,""t"":581},{""x"":792,""y"":380,""t"":617},{""x"":809,""y"":348,""t"":651},{""x"":813,""y"":319,""t"":684},{""x"":776,""y"":577,""t"":719},{""x"":749,""y"":870,""t"":753},{""x"":699,""y"":1004,""t"":787},{""x"":678,""y"":1032,""t"":820},{""x"":744,""y"":977,""t"":854},{""x"":802,""y"":922,""t"":886},{""x"":848,""y"":892,""t"":922},{""x"":876,""y"":846,""t"":956},{""x"":906,""y"":779,""t"":991},{""x"":924,""y"":695,""t"":1025},{""x"":907,""y"":554,""t"":1058},{""x"":939,""y"":501,""t"":1092},{""x"":937,""y"":427,""t"":1126},{""x"":942,""y"":418,""t"":1160},{""x"":962,""y"":409,""t"":1194},{""x"":968,""y"":377,""t"":1227},{""x"":941,""y"":344,""t"":1272},{""x"":903,""y"":353,""t"":1295},{""x"":904,""y"":322,""t"":1330},{""x"":921,""y"":328,""t"":1364},{""x"":923,""y"":331,""t"":1397},{""x"":946,""y"":354,""t"":1433},{""x"":962,""y"":329,""t"":1466},{""x"":953,""y"":358,""t"":1500},{""x"":932,""y"":409,""t"":1534},{""x"":907,""y"":419,""t"":1568},{""x"":896,""y"":498,""t"":1601},{""x"":868,""y"":472,""t"":1637},{""x"":870,""y"":502,""t"":1670},{""x"":856,""y"":553,""t"":1704},{""x"":850,""y"":520,""t"":1737},{""x"":850,""y"":530,""t"":1772},{""x"":868,""y"":513,""t"":1806},{""x"":859,""y"":488,""t"":1841},{""x"":896,""y"":528,""t"":1874},{""x"":906,""y"":451,""t"":1908},{""x"":917,""y"":436,""t"":1942},{""x"":929,""y"":413,""t"":1976}]","[{""x"":250,""y"":425,""width"":80,""height"":80,""top"":385,""right"":290,""bottom"":465,""left"":210},{""x"":400,""y"":165.1923788646684,""width"":80,""height"":80,""top"":125.1923788646684,""right"":440,""bottom"":205.1923788646684,""left"":360},{""x"":700,""y"":165.1923788646684,""width"":80,""height"":80,""top"":125.1923788646684,""right"":740,""bottom"":205.1923788646684,""left"":660},{""x"":850,""y"":425,""width"":80,""height"":80,""top"":385,""right"":890,""bottom"":465,""left"":810},{""x"":700,""y"":684.8076211353316,""width"":80,""height"":80,""top"":644.8076211353316,""right"":740,""bottom"":724.8076211353316,""left"":660},{""x"":400,""y"":684.8076211353316,""width"":80,""height"":80,""top"":644.8076211353316,""right"":440,""bottom"":724.8076211353316,""left"":360}]","{""#container"":{""x"":410,""y"":129.390625,""width"":1100,""height"":850,""top"":129.390625,""right"":1510,""bottom"":979.390625,""left"":410}}","[{'red': 3}, {'purple': 13}, {'yellow': 0}, {'cyan': 0}, {'green': 0}, {'blue': 5}]",,purple
34,,,,635.0,7.0,7.0,"[""red"",""yellow"",""blue"",""purple"",""green"",""cyan""]",yellow,True,"[{""x"":900,""y"":472,""t"":3},{""x"":895,""y"":471,""t"":39},{""x"":902,""y"":469,""t"":71},{""x"":910,""y"":438,""t"":106},{""x"":899,""y"":452,""t"":140},{""x"":896,""y"":430,""t"":174},{""x"":894,""y"":428,""t"":208},{""x"":877,""y"":522,""t"":242},{""x"":839,""y"":524,""t"":276},{""x"":844,""y"":442,""t"":318},{""x"":869,""y"":444,""t"":344},{""x"":862,""y"":433,""t"":378},{""x"":868,""y"":400,""t"":412},{""x"":868,""y"":433,""t"":445},{""x"":891,""y"":411,""t"":480},{""x"":859,""y"":409,""t"":514},{""x"":855,""y"":443,""t"":549},{""x"":827,""y"":623,""t"":581},{""x"":796,""y"":891,""t"":616},{""x"":748,""y"":1137,""t"":650},{""x"":702,""y"":1236,""t"":684},{""x"":690,""y"":1228,""t"":718},{""x"":703,""y"":1207,""t"":751},{""x"":752,""y"":1040,""t"":786},{""x"":797,""y"":950,""t"":819},{""x"":819,""y"":803,""t"":854},{""x"":821,""y"":668,""t"":888},{""x"":850,""y"":542,""t"":922},{""x"":867,""y"":445,""t"":954},{""x"":864,""y"":452,""t"":990},{""x"":864,""y"":377,""t"":1024},{""x"":878,""y"":400,""t"":1057},{""x"":888,""y"":362,""t"":1091},{""x"":912,""y"":406,""t"":1127},{""x"":923,""y"":429,""t"":1159},{""x"":850,""y"":604,""t"":1195},{""x"":809,""y"":891,""t"":1228},{""x"":773,""y"":1057,""t"":1262},{""x"":749,""y"":1169,""t"":1296},{""x"":767,""y"":1183,""t"":1330},{""x"":803,""y"":1173,""t"":1363},{""x"":826,""y"":1147,""t"":1399},{""x"":848,""y"":980,""t"":1431},{""x"":873,""y"":877,""t"":1465},{""x"":914,""y"":765,""t"":1500},{""x"":928,""y"":688,""t"":1534},{""x"":972,""y"":617,""t"":1568},{""x"":982,""y"":578,""t"":1602},{""x"":1002,""y"":535,""t"":1637},{""x"":1008,""y"":516,""t"":1670},{""x"":1016,""y"":474,""t"":1704},{""x"":993,""y"":460,""t"":1737},{""x"":1005,""y"":411,""t"":1772},{""x"":969,""y"":372,""t"":1806},{""x"":984,""y"":365,""t"":1839},{""x"":970,""y"":397,""t"":1874},{""x"":963,""y"":356,""t"":1909},{""x"":968,""y"":377,""t"":1943},{""x"":962,""y"":345,""t"":1976}]","[{""x"":250,""y"":425,""width"":80,""height"":80,""top"":385,""right"":290,""bottom"":465,""left"":210},{""x"":400,""y"":165.1923788646684,""width"":80,""height"":80,""top"":125.1923788646684,""right"":440,""bottom"":205.1923788646684,""left"":360},{""x"":700,""y"":165.1923788646684,""width"":80,""height"":80,""top"":125.1923788646684,""right"":740,""bottom"":205.1923788646684,""left"":660},{""x"":850,""y"":425,""width"":80,""height"":80,""top"":385,""right"":890,""bottom"":465,""left"":810},{""x"":700,""y"":684.8076211353316,""width"":80,""height"":80,""top"":644.8076211353316,""right"":740,""bottom"":724.8076211353316,""left"":660},{""x"":400,""y"":684.8076211353316,""width"":80,""height"":80,""top"":644.8076211353316,""right"":440,""bottom"":724.8076211353316,""left"":360}]","{""#container"":{""x"":410,""y"":129.390625,""width"":1100,""height"":850,""top"":129.390625,""right"":1510,""bottom"":979.390625,""left"":410}}","[{'red': 0}, {'yellow': 7}, {'blue': 1}, {'purple': 0}, {'green': 0}, {'cyan': 7}]",{'yellow': 7},yellow
35,,,,741.0,1.0,1.0,"[""purple"",""cyan"",""red"",""yellow"",""green"",""blue""]",blue_1,True,"[{""x"":978,""y"":409,""t"":3},{""x"":950,""y"":453,""t"":38},{""x"":948,""y"":473,""t"":72},{""x"":929,""y"":569,""t"":106},{""x"":901,""y"":602,""t"":140},{""x"":897,""y"":658,""t"":174},{""x"":889,""y"":709,""t"":208},{""x"":878,""y"":727,""t"":240},{""x"":909,""y"":648,""t"":276},{""x"":907,""y"":618,""t"":309},{""x"":900,""y"":637,""t"":344},{""x"":867,""y"":643,""t"":377},{""x"":847,""y"":637,""t"":412},{""x"":840,""y"":610,""t"":445},{""x"":813,""y"":606,""t"":480},{""x"":807,""y"":773,""t"":514},{""x"":785,""y"":994,""t"":548},{""x"":788,""y"":1153,""t"":581},{""x"":774,""y"":1227,""t"":616},{""x"":750,""y"":1229,""t"":650},{""x"":743,""y"":1222,""t"":683},{""x"":791,""y"":1152,""t"":718},{""x"":821,""y"":1026,""t"":752},{""x"":850,""y"":894,""t"":786},{""x"":860,""y"":810,""t"":820},{""x"":869,""y"":634,""t"":854},{""x"":883,""y"":549,""t"":887},{""x"":862,""y"":478,""t"":922},{""x"":888,""y"":405,""t"":956},{""x"":936,""y"":368,""t"":990},{""x"":932,""y"":334,""t"":1024},{""x"":949,""y"":291,""t"":1057},{""x"":956,""y"":275,""t"":1092},{""x"":980,""y"":280,""t"":1125},{""x"":1010,""y"":276,""t"":1160},{""x"":952,""y"":447,""t"":1194},{""x"":868,""y"":739,""t"":1227},{""x"":810,""y"":947,""t"":1262},{""x"":797,""y"":1084,""t"":1295},{""x"":764,""y"":1118,""t"":1330},{""x"":745,""y"":1121,""t"":1365},{""x"":758,""y"":1039,""t"":1398},{""x"":771,""y"":963,""t"":1430},{""x"":765,""y"":858,""t"":1466},{""x"":765,""y"":763,""t"":1501},{""x"":810,""y"":666,""t"":1534},{""x"":835,""y"":640,""t"":1568},{""x"":840,""y"":623,""t"":1603},{""x"":871,""y"":508,""t"":1635},{""x"":877,""y"":408,""t"":1669},{""x"":869,""y"":422,""t"":1703},{""x"":875,""y"":390,""t"":1738},{""x"":904,""y"":365,""t"":1772},{""x"":877,""y"":359,""t"":1806},{""x"":863,""y"":425,""t"":1838},{""x"":857,""y"":454,""t"":1873},{""x"":852,""y"":419,""t"":1907},{""x"":862,""y"":372,""t"":1942},{""x"":854,""y"":349,""t"":1977}]","[{""x"":250,""y"":425,""width"":80,""height"":80,""top"":385,""right"":290,""bottom"":465,""left"":210},{""x"":400,""y"":165.1923788646684,""width"":80,""height"":80,""top"":125.1923788646684,""right"":440,""bottom"":205.1923788646684,""left"":360},{""x"":700,""y"":165.1923788646684,""width"":80,""height"":80,""top"":125.1923788646684,""right"":740,""bottom"":205.1923788646684,""left"":660},{""x"":850,""y"":425,""width"":80,""height"":80,""top"":385,""right"":890,""bottom"":465,""left"":810},{""x"":700,""y"":684.8076211353316,""width"":80,""height"":80,""top"":644.8076211353316,""right"":740,""bottom"":724.8076211353316,""left"":660},{""x"":400,""y"":684.8076211353316,""width"":80,""height"":80,""top"":644.8076211353316,""right"":440,""bottom"":724.8076211353316,""left"":360}]","{""#container"":{""x"":410,""y"":129.390625,""width"":1100,""height"":850,""top"":129.390625,""right"":1510,""bottom"":979.390625,""left"":410}}","[{'purple': 0}, {'cyan': 14}, {'red': 2}, {'yellow': 0}, {'green': 0}, {'blue': 10}]",{'blue_1': 10},cyan
36,,,,415.0,4.0,4.0,"[""green"",""red"",""cyan"",""yellow"",""blue"",""purple""]",green,True,"[{""x"":847,""y"":372,""t"":3},{""x"":843,""y"":410,""t"":40},{""x"":845,""y"":478,""t"":71},{""x"":828,""y"":541,""t"":106},{""x"":819,""y"":549,""t"":140},{""x"":822,""y"":488,""t"":174},{""x"":801,""y"":460,""t"":209},{""x"":786,""y"":460,""t"":240},{""x"":784,""y"":440,""t"":275},{""x"":791,""y"":419,""t"":310},{""x"":825,""y"":403,""t"":344},{""x"":818,""y"":408,""t"":378},{""x"":829,""y"":359,""t"":412},{""x"":808,""y"":395,""t"":445},{""x"":822,""y"":410,""t"":481},{""x"":851,""y"":390,""t"":515},{""x"":854,""y"":425,""t"":548},{""x"":892,""y"":453,""t"":582},{""x"":897,""y"":476,""t"":615},{""x"":900,""y"":495,""t"":648},{""x"":903,""y"":469,""t"":684},{""x"":903,""y"":509,""t"":718},{""x"":918,""y"":559,""t"":752},{""x"":929,""y"":654,""t"":786},{""x"":885,""y"":891,""t"":820},{""x"":791,""y"":1087,""t"":854},{""x"":718,""y"":1200,""t"":888},{""x"":686,""y"":1242,""t"":922},{""x"":687,""y"":1238,""t"":956},{""x"":713,""y"":1159,""t"":990},{""x"":767,""y"":1070,""t"":1024},{""x"":797,""y"":986,""t"":1057},{""x"":814,""y"":922,""t"":1092},{""x"":838,""y"":785,""t"":1126},{""x"":868,""y"":649,""t"":1160},{""x"":888,""y"":585,""t"":1193},{""x"":867,""y"":488,""t"":1228},{""x"":873,""y"":463,""t"":1262},{""x"":894,""y"":444,""t"":1296},{""x"":877,""y"":426,""t"":1330},{""x"":866,""y"":442,""t"":1364},{""x"":798,""y"":589,""t"":1398},{""x"":741,""y"":836,""t"":1432},{""x"":755,""y"":990,""t"":1466},{""x"":727,""y"":1031,""t"":1500},{""x"":703,""y"":1026,""t"":1535},{""x"":718,""y"":932,""t"":1568},{""x"":742,""y"":843,""t"":1602},{""x"":786,""y"":831,""t"":1637},{""x"":824,""y"":762,""t"":1670},{""x"":868,""y"":739,""t"":1705},{""x"":879,""y"":672,""t"":1738},{""x"":885,""y"":663,""t"":1772},{""x"":859,""y"":642,""t"":1806},{""x"":844,""y"":580,""t"":1840},{""x"":850,""y"":567,""t"":1873},{""x"":841,""y"":531,""t"":1908},{""x"":837,""y"":535,""t"":1942},{""x"":831,""y"":504,""t"":1976}]","[{""x"":250,""y"":425,""width"":80,""height"":80,""top"":385,""right"":290,""bottom"":465,""left"":210},{""x"":400,""y"":165.1923788646684,""width"":80,""height"":80,""top"":125.1923788646684,""right"":440,""bottom"":205.1923788646684,""left"":360},{""x"":700,""y"":165.1923788646684,""width"":80,""height"":80,""top"":125.1923788646684,""right"":740,""bottom"":205.1923788646684,""left"":660},{""x"":850,""y"":425,""width"":80,""height"":80,""top"":385,""right"":890,""bottom"":465,""left"":810},{""x"":700,""y"":684.8076211353316,""width"":80,""height"":80,""top"":644.8076211353316,""right"":740,""bottom"":724.8076211353316,""left"":660},{""x"":400,""y"":684.8076211353316,""width"":80,""height"":80,""top"":644.8076211353316,""right"":440,""bottom"":724.8076211353316,""left"":360}]","{""#container"":{""x"":410,""y"":129.390625,""width"":1100,""height"":850,""top"":129.390625,""right"":1510,""bottom"":979.390625,""left"":410}}","[{'green': 1}, {'red': 12}, {'cyan': 0}, {'yellow': 0}, {'blue': 0}, {'purple': 9}]",{'green': 1},red
37,,,,617.0,6.0,6.0,"[""blue"",""yellow"",""green"",""red"",""cyan"",""purple""]",red_1,True,"[{""x"":827,""y"":640,""t"":3},{""x"":790,""y"":753,""t"":38},{""x"":764,""y"":734,""t"":72},{""x"":771,""y"":757,""t"":105},{""x"":806,""y"":765,""t"":140},{""x"":844,""y"":778,""t"":171},{""x"":847,""y"":763,""t"":208},{""x"":843,""y"":732,""t"":242},{""x"":865,""y"":667,""t"":276},{""x"":866,""y"":606,""t"":310},{""x"":870,""y"":546,""t"":343},{""x"":873,""y"":481,""t"":377},{""x"":874,""y"":498,""t"":412},{""x"":881,""y"":471,""t"":446},{""x"":919,""y"":475,""t"":480},{""x"":897,""y"":489,""t"":513},{""x"":878,""y"":466,""t"":549},{""x"":868,""y"":490,""t"":580},{""x"":866,""y"":490,""t"":615},{""x"":809,""y"":750,""t"":649},{""x"":779,""y"":1002,""t"":684},{""x"":743,""y"":1135,""t"":718},{""x"":723,""y"":1177,""t"":752},{""x"":693,""y"":1130,""t"":786},{""x"":731,""y"":1059,""t"":819},{""x"":759,""y"":998,""t"":855},{""x"":772,""y"":854,""t"":888},{""x"":797,""y"":755,""t"":922},{""x"":830,""y"":688,""t"":956},{""x"":844,""y"":623,""t"":989},{""x"":854,""y"":587,""t"":1023},{""x"":851,""y"":548,""t"":1059},{""x"":868,""y"":488,""t"":1092},{""x"":854,""y"":428,""t"":1126},{""x"":839,""y"":392,""t"":1159},{""x"":839,""y"":375,""t"":1194},{""x"":872,""y"":373,""t"":1228},{""x"":901,""y"":403,""t"":1262},{""x"":901,""y"":396,""t"":1295},{""x"":865,""y"":414,""t"":1330},{""x"":860,""y"":396,""t"":1364},{""x"":854,""y"":422,""t"":1398},{""x"":854,""y"":414,""t"":1432},{""x"":851,""y"":467,""t"":1466},{""x"":873,""y"":475,""t"":1500},{""x"":880,""y"":459,""t"":1533},{""x"":896,""y"":498,""t"":1568},{""x"":886,""y"":470,""t"":1602},{""x"":865,""y"":488,""t"":1636},{""x"":871,""y"":451,""t"":1669},{""x"":875,""y"":486,""t"":1703},{""x"":887,""y"":486,""t"":1739},{""x"":874,""y"":468,""t"":1772},{""x"":861,""y"":473,""t"":1806},{""x"":881,""y"":507,""t"":1840},{""x"":920,""y"":500,""t"":1873},{""x"":941,""y"":507,""t"":1909},{""x"":930,""y"":536,""t"":1942},{""x"":918,""y"":520,""t"":1976}]","[{""x"":250,""y"":425,""width"":80,""height"":80,""top"":385,""right"":290,""bottom"":465,""left"":210},{""x"":400,""y"":165.1923788646684,""width"":80,""height"":80,""top"":125.1923788646684,""right"":440,""bottom"":205.1923788646684,""left"":360},{""x"":700,""y"":165.1923788646684,""width"":80,""height"":80,""top"":125.1923788646684,""right"":740,""bottom"":205.1923788646684,""left"":660},{""x"":850,""y"":425,""width"":80,""height"":80,""top"":385,""right"":890,""bottom"":465,""left"":810},{""x"":700,""y"":684.8076211353316,""width"":80,""height"":80,""top"":644.8076211353316,""right"":740,""bottom"":724.8076211353316,""left"":660},{""x"":400,""y"":684.8076211353316,""width"":80,""height"":80,""top"":644.8076211353316,""right"":440,""bottom"":724.8076211353316,""left"":360}]","{""#container"":{""x"":410,""y"":129.390625,""width"":1100,""height"":850,""top"":129.390625,""right"":1510,""bottom"":979.390625,""left"":410}}","[{'blue': 0}, {'yellow': 10}, {'green': 0}, {'red': 0}, {'cyan': 0}, {'purple': 11}]",,purple
38,,,,845.0,9.0,9.0,"[""yellow"",""purple"",""cyan"",""red"",""green"",""blue""]",cyan_1,True,"[{""x"":906,""y"":486,""t"":4},{""x"":912,""y"":543,""t"":39},{""x"":904,""y"":483,""t"":72},{""x"":911,""y"":505,""t"":107},{""x"":945,""y"":522,""t"":140},{""x"":942,""y"":555,""t"":174},{""x"":928,""y"":500,""t"":208},{""x"":910,""y"":492,""t"":243},{""x"":899,""y"":478,""t"":276},{""x"":889,""y"":466,""t"":307},{""x"":912,""y"":503,""t"":344},{""x"":933,""y"":555,""t"":378},{""x"":926,""y"":548,""t"":412},{""x"":927,""y"":544,""t"":446},{""x"":910,""y"":569,""t"":480},{""x"":908,""y"":627,""t"":514},{""x"":837,""y"":828,""t"":548},{""x"":803,""y"":1081,""t"":583},{""x"":784,""y"":1196,""t"":615},{""x"":772,""y"":1249,""t"":650},{""x"":763,""y"":1284,""t"":681},{""x"":777,""y"":1213,""t"":718},{""x"":786,""y"":1054,""t"":752},{""x"":825,""y"":948,""t"":786},{""x"":832,""y"":781,""t"":820},{""x"":871,""y"":680,""t"":854},{""x"":882,""y"":618,""t"":888},{""x"":877,""y"":466,""t"":921},{""x"":896,""y"":391,""t"":955},{""x"":884,""y"":385,""t"":990},{""x"":875,""y"":377,""t"":1024},{""x"":852,""y"":364,""t"":1058},{""x"":862,""y"":358,""t"":1092},{""x"":876,""y"":314,""t"":1126},{""x"":879,""y"":336,""t"":1160},{""x"":857,""y"":356,""t"":1194},{""x"":862,""y"":386,""t"":1227},{""x"":865,""y"":415,""t"":1262},{""x"":898,""y"":479,""t"":1296},{""x"":895,""y"":503,""t"":1329},{""x"":908,""y"":510,""t"":1364},{""x"":887,""y"":515,""t"":1398},{""x"":840,""y"":752,""t"":1437},{""x"":801,""y"":952,""t"":1463},{""x"":700,""y"":1090,""t"":1500},{""x"":674,""y"":1174,""t"":1534},{""x"":670,""y"":1238,""t"":1567},{""x"":674,""y"":1218,""t"":1602},{""x"":717,""y"":1046,""t"":1636},{""x"":742,""y"":1000,""t"":1669},{""x"":811,""y"":951,""t"":1704},{""x"":832,""y"":857,""t"":1737},{""x"":820,""y"":760,""t"":1772},{""x"":839,""y"":740,""t"":1806},{""x"":839,""y"":692,""t"":1840},{""x"":837,""y"":652,""t"":1871},{""x"":852,""y"":644,""t"":1908},{""x"":869,""y"":587,""t"":1941},{""x"":882,""y"":560,""t"":1977}]","[{""x"":250,""y"":425,""width"":80,""height"":80,""top"":385,""right"":290,""bottom"":465,""left"":210},{""x"":400,""y"":165.1923788646684,""width"":80,""height"":80,""top"":125.1923788646684,""right"":440,""bottom"":205.1923788646684,""left"":360},{""x"":700,""y"":165.1923788646684,""width"":80,""height"":80,""top"":125.1923788646684,""right"":740,""bottom"":205.1923788646684,""left"":660},{""x"":850,""y"":425,""width"":80,""height"":80,""top"":385,""right"":890,""bottom"":465,""left"":810},{""x"":700,""y"":684.8076211353316,""width"":80,""height"":80,""top"":644.8076211353316,""right"":740,""bottom"":724.8076211353316,""left"":660},{""x"":400,""y"":684.8076211353316,""width"":80,""height"":80,""top"":644.8076211353316,""right"":440,""bottom"":724.8076211353316,""left"":360}]","{""#container"":{""x"":410,""y"":129.390625,""width"":1100,""height"":850,""top"":129.390625,""right"":1510,""bottom"":979.390625,""left"":410}}","[{'yellow': 0}, {'purple': 10}, {'cyan': 0}, {'red': 0}, {'green': 0}, {'blue': 11}]",,blue
39,,,,781.0,7.0,7.0,"[""red"",""yellow"",""purple"",""cyan"",""blue"",""green""]",yellow_1,True,"[{""x"":914,""y"":524,""t"":4},{""x"":907,""y"":512,""t"":39},{""x"":870,""y"":604,""t"":72},{""x"":824,""y"":780,""t"":106},{""x"":791,""y"":990,""t"":140},{""x"":766,""y"":1110,""t"":174},{""x"":743,""y"":1130,""t"":208},{""x"":774,""y"":1139,""t"":242},{""x"":818,""y"":1054,""t"":276},{""x"":813,""y"":882,""t"":310},{""x"":841,""y"":798,""t"":344},{""x"":848,""y"":688,""t"":378},{""x"":826,""y"":608,""t"":412},{""x"":824,""y"":516,""t"":445},{""x"":866,""y"":449,""t"":481},{""x"":893,""y"":393,""t"":515},{""x"":906,""y"":375,""t"":547},{""x"":916,""y"":365,""t"":580},{""x"":959,""y"":328,""t"":616},{""x"":966,""y"":310,""t"":649},{""x"":940,""y"":313,""t"":684},{""x"":905,""y"":316,""t"":717},{""x"":873,""y"":424,""t"":752},{""x"":813,""y"":669,""t"":786},{""x"":785,""y"":930,""t"":820},{""x"":782,""y"":1111,""t"":854},{""x"":743,""y"":1198,""t"":888},{""x"":723,""y"":1173,""t"":922},{""x"":713,""y"":1114,""t"":955},{""x"":707,""y"":1055,""t"":987},{""x"":703,""y"":988,""t"":1024},{""x"":710,""y"":950,""t"":1058},{""x"":716,""y"":866,""t"":1091},{""x"":753,""y"":838,""t"":1126},{""x"":766,""y"":667,""t"":1159},{""x"":770,""y"":642,""t"":1194},{""x"":783,""y"":599,""t"":1228},{""x"":789,""y"":592,""t"":1262},{""x"":817,""y"":656,""t"":1295},{""x"":824,""y"":597,""t"":1342},{""x"":810,""y"":585,""t"":1370},{""x"":807,""y"":564,""t"":1399},{""x"":791,""y"":512,""t"":1432},{""x"":842,""y"":543,""t"":1466},{""x"":909,""y"":541,""t"":1501},{""x"":923,""y"":548,""t"":1535},{""x"":925,""y"":526,""t"":1567},{""x"":912,""y"":475,""t"":1601},{""x"":912,""y"":462,""t"":1636},{""x"":928,""y"":515,""t"":1670},{""x"":935,""y"":479,""t"":1705},{""x"":942,""y"":412,""t"":1738},{""x"":964,""y"":363,""t"":1772},{""x"":949,""y"":397,""t"":1806},{""x"":933,""y"":376,""t"":1840},{""x"":957,""y"":394,""t"":1874},{""x"":945,""y"":450,""t"":1908},{""x"":973,""y"":464,""t"":1942},{""x"":986,""y"":471,""t"":1976}]","[{""x"":250,""y"":425,""width"":80,""height"":80,""top"":385,""right"":290,""bottom"":465,""left"":210},{""x"":400,""y"":165.1923788646684,""width"":80,""height"":80,""top"":125.1923788646684,""right"":440,""bottom"":205.1923788646684,""left"":360},{""x"":700,""y"":165.1923788646684,""width"":80,""height"":80,""top"":125.1923788646684,""right"":740,""bottom"":205.1923788646684,""left"":660},{""x"":850,""y"":425,""width"":80,""height"":80,""top"":385,""right"":890,""bottom"":465,""left"":810},{""x"":700,""y"":684.8076211353316,""width"":80,""height"":80,""top"":644.8076211353316,""right"":740,""bottom"":724.8076211353316,""left"":660},{""x"":400,""y"":684.8076211353316,""width"":80,""height"":80,""top"":644.8076211353316,""right"":440,""bottom"":724.8076211353316,""left"":360}]","{""#container"":{""x"":410,""y"":129.390625,""width"":1100,""height"":850,""top"":129.390625,""right"":1510,""bottom"":979.390625,""left"":410}}","[{'red': 5}, {'yellow': 7}, {'purple': 1}, {'cyan': 0}, {'blue': 0}, {'green': 8}]",{'yellow_1': 7},green
40,,,,868.0,4.0,4.0,"[""green"",""cyan"",""purple"",""yellow"",""red"",""blue""]",green_1,True,"[{""x"":941,""y"":622,""t"":3},{""x"":886,""y"":922,""t"":41},{""x"":827,""y"":1176,""t"":72},{""x"":816,""y"":1317,""t"":105},{""x"":790,""y"":1405,""t"":140},{""x"":769,""y"":1401,""t"":174},{""x"":767,""y"":1296,""t"":207},{""x"":794,""y"":1100,""t"":241},{""x"":781,""y"":952,""t"":275},{""x"":774,""y"":817,""t"":310},{""x"":789,""y"":750,""t"":344},{""x"":812,""y"":688,""t"":378},{""x"":845,""y"":584,""t"":412},{""x"":901,""y"":495,""t"":446},{""x"":891,""y"":523,""t"":479},{""x"":894,""y"":605,""t"":514},{""x"":895,""y"":679,""t"":546},{""x"":864,""y"":919,""t"":581},{""x"":825,""y"":1134,""t"":616},{""x"":818,""y"":1253,""t"":650},{""x"":773,""y"":1279,""t"":684},{""x"":769,""y"":1241,""t"":718},{""x"":778,""y"":1114,""t"":753},{""x"":809,""y"":934,""t"":786},{""x"":847,""y"":728,""t"":820},{""x"":875,""y"":636,""t"":853},{""x"":885,""y"":504,""t"":888},{""x"":911,""y"":345,""t"":922},{""x"":922,""y"":225,""t"":953},{""x"":909,""y"":174,""t"":989},{""x"":873,""y"":109,""t"":1024},{""x"":863,""y"":173,""t"":1058},{""x"":876,""y"":230,""t"":1091},{""x"":871,""y"":284,""t"":1126},{""x"":860,""y"":294,""t"":1160},{""x"":834,""y"":331,""t"":1194},{""x"":817,""y"":328,""t"":1228},{""x"":769,""y"":318,""t"":1262},{""x"":800,""y"":391,""t"":1296},{""x"":835,""y"":386,""t"":1330},{""x"":866,""y"":447,""t"":1364},{""x"":917,""y"":407,""t"":1398},{""x"":914,""y"":432,""t"":1432},{""x"":942,""y"":407,""t"":1466},{""x"":934,""y"":439,""t"":1500},{""x"":903,""y"":432,""t"":1535},{""x"":908,""y"":486,""t"":1567},{""x"":861,""y"":633,""t"":1602},{""x"":817,""y"":898,""t"":1635},{""x"":783,""y"":1056,""t"":1669},{""x"":782,""y"":1172,""t"":1705},{""x"":779,""y"":1188,""t"":1738},{""x"":787,""y"":1198,""t"":1773},{""x"":812,""y"":1112,""t"":1807},{""x"":839,""y"":1031,""t"":1840},{""x"":855,""y"":967,""t"":1874},{""x"":882,""y"":891,""t"":1907},{""x"":862,""y"":771,""t"":1942},{""x"":877,""y"":618,""t"":1977}]","[{""x"":250,""y"":425,""width"":80,""height"":80,""top"":385,""right"":290,""bottom"":465,""left"":210},{""x"":400,""y"":165.1923788646684,""width"":80,""height"":80,""top"":125.1923788646684,""right"":440,""bottom"":205.1923788646684,""left"":360},{""x"":700,""y"":165.1923788646684,""width"":80,""height"":80,""top"":125.1923788646684,""right"":740,""bottom"":205.1923788646684,""left"":660},{""x"":850,""y"":425,""width"":80,""height"":80,""top"":385,""right"":890,""bottom"":465,""left"":810},{""x"":700,""y"":684.8076211353316,""width"":80,""height"":80,""top"":644.8076211353316,""right"":740,""bottom"":724.8076211353316,""left"":660},{""x"":400,""y"":684.8076211353316,""width"":80,""height"":80,""top"":644.8076211353316,""right"":440,""bottom"":724.8076211353316,""left"":360}]","{""#container"":{""x"":410,""y"":129.390625,""width"":1100,""height"":850,""top"":129.390625,""right"":1510,""bottom"":979.390625,""left"":410}}","[{'green': 0}, {'cyan': 11}, {'purple': 0}, {'yellow': 0}, {'red': 0}, {'blue': 11}]",,cyan
41,,,,589.0,1.0,1.0,"[""red"",""purple"",""blue"",""yellow"",""cyan"",""green""]",green_1,True,"[{""x"":898,""y"":568,""t"":3},{""x"":905,""y"":470,""t"":39},{""x"":891,""y"":415,""t"":73},{""x"":906,""y"":411,""t"":106},{""x"":899,""y"":372,""t"":140},{""x"":907,""y"":336,""t"":174},{""x"":906,""y"":329,""t"":208},{""x"":914,""y"":332,""t"":242},{""x"":895,""y"":308,""t"":276},{""x"":903,""y"":258,""t"":310},{""x"":896,""y"":339,""t"":344},{""x"":897,""y"":402,""t"":378},{""x"":913,""y"":445,""t"":412},{""x"":911,""y"":492,""t"":446},{""x"":887,""y"":482,""t"":480},{""x"":906,""y"":488,""t"":513},{""x"":900,""y"":573,""t"":547},{""x"":876,""y"":825,""t"":582},{""x"":846,""y"":1060,""t"":616},{""x"":806,""y"":1178,""t"":650},{""x"":772,""y"":1214,""t"":684},{""x"":731,""y"":1198,""t"":718},{""x"":726,""y"":1094,""t"":752},{""x"":723,""y"":914,""t"":786},{""x"":746,""y"":747,""t"":820},{""x"":817,""y"":700,""t"":854},{""x"":829,""y"":539,""t"":888},{""x"":842,""y"":512,""t"":922},{""x"":844,""y"":489,""t"":956},{""x"":864,""y"":471,""t"":990},{""x"":858,""y"":389,""t"":1024},{""x"":868,""y"":385,""t"":1058},{""x"":858,""y"":325,""t"":1092},{""x"":839,""y"":246,""t"":1125},{""x"":840,""y"":258,""t"":1161},{""x"":840,""y"":273,""t"":1191},{""x"":871,""y"":271,""t"":1227},{""x"":874,""y"":268,""t"":1262},{""x"":876,""y"":312,""t"":1296},{""x"":841,""y"":500,""t"":1330},{""x"":834,""y"":778,""t"":1364},{""x"":811,""y"":992,""t"":1397},{""x"":808,""y"":1052,""t"":1433},{""x"":830,""y"":1048,""t"":1467},{""x"":815,""y"":995,""t"":1499},{""x"":857,""y"":948,""t"":1534},{""x"":892,""y"":903,""t"":1565},{""x"":881,""y"":871,""t"":1602},{""x"":842,""y"":762,""t"":1636},{""x"":885,""y"":726,""t"":1669},{""x"":871,""y"":649,""t"":1704},{""x"":874,""y"":623,""t"":1738},{""x"":882,""y"":587,""t"":1771},{""x"":906,""y"":559,""t"":1806},{""x"":935,""y"":555,""t"":1840},{""x"":1003,""y"":471,""t"":1874},{""x"":1020,""y"":458,""t"":1908},{""x"":1057,""y"":481,""t"":1942},{""x"":1109,""y"":472,""t"":1976}]","[{""x"":250,""y"":425,""width"":80,""height"":80,""top"":385,""right"":290,""bottom"":465,""left"":210},{""x"":400,""y"":165.1923788646684,""width"":80,""height"":80,""top"":125.1923788646684,""right"":440,""bottom"":205.1923788646684,""left"":360},{""x"":700,""y"":165.1923788646684,""width"":80,""height"":80,""top"":125.1923788646684,""right"":740,""bottom"":205.1923788646684,""left"":660},{""x"":850,""y"":425,""width"":80,""height"":80,""top"":385,""right"":890,""bottom"":465,""left"":810},{""x"":700,""y"":684.8076211353316,""width"":80,""height"":80,""top"":644.8076211353316,""right"":740,""bottom"":724.8076211353316,""left"":660},{""x"":400,""y"":684.8076211353316,""width"":80,""height"":80,""top"":644.8076211353316,""right"":440,""bottom"":724.8076211353316,""left"":360}]","{""#container"":{""x"":410,""y"":129.390625,""width"":1100,""height"":850,""top"":129.390625,""right"":1510,""bottom"":979.390625,""left"":410}}","[{'red': 0}, {'purple': 18}, {'blue': 0}, {'yellow': 0}, {'cyan': 0}, {'green': 10}]",{'green_1': 10},purple
42,,,,1251.0,3.0,3.0,"[""cyan"",""red"",""green"",""yellow"",""purple"",""blue""]",purple,True,"[{""x"":1097,""y"":457,""t"":4},{""x"":1063,""y"":413,""t"":41},{""x"":1081,""y"":384,""t"":71},{""x"":1076,""y"":423,""t"":106},{""x"":1058,""y"":388,""t"":141},{""x"":1052,""y"":342,""t"":173},{""x"":1027,""y"":319,""t"":208},{""x"":1018,""y"":335,""t"":241},{""x"":992,""y"":333,""t"":276},{""x"":1006,""y"":302,""t"":310},{""x"":963,""y"":325,""t"":343},{""x"":898,""y"":486,""t"":379},{""x"":834,""y"":751,""t"":412},{""x"":776,""y"":981,""t"":446},{""x"":726,""y"":1131,""t"":480},{""x"":705,""y"":1100,""t"":514},{""x"":680,""y"":1064,""t"":547},{""x"":717,""y"":939,""t"":582},{""x"":751,""y"":870,""t"":615},{""x"":783,""y"":764,""t"":650},{""x"":809,""y"":679,""t"":684},{""x"":802,""y"":571,""t"":718},{""x"":823,""y"":559,""t"":751},{""x"":828,""y"":487,""t"":786},{""x"":838,""y"":431,""t"":819},{""x"":856,""y"":398,""t"":853},{""x"":907,""y"":353,""t"":887},{""x"":952,""y"":345,""t"":921},{""x"":988,""y"":343,""t"":954},{""x"":1018,""y"":354,""t"":991},{""x"":1053,""y"":351,""t"":1023},{""x"":1085,""y"":334,""t"":1057},{""x"":1075,""y"":295,""t"":1091},{""x"":1063,""y"":322,""t"":1126},{""x"":1050,""y"":287,""t"":1159},{""x"":1001,""y"":295,""t"":1194},{""x"":977,""y"":392,""t"":1227},{""x"":886,""y"":630,""t"":1262},{""x"":878,""y"":879,""t"":1296},{""x"":815,""y"":1062,""t"":1330},{""x"":755,""y"":1171,""t"":1363},{""x"":723,""y"":1251,""t"":1398},{""x"":721,""y"":1304,""t"":1432},{""x"":756,""y"":1224,""t"":1465},{""x"":783,""y"":1160,""t"":1500},{""x"":829,""y"":1084,""t"":1533},{""x"":830,""y"":992,""t"":1567},{""x"":816,""y"":829,""t"":1602},{""x"":842,""y"":717,""t"":1635},{""x"":853,""y"":629,""t"":1670},{""x"":869,""y"":510,""t"":1703},{""x"":888,""y"":472,""t"":1738},{""x"":883,""y"":474,""t"":1771},{""x"":882,""y"":493,""t"":1806},{""x"":865,""y"":450,""t"":1839},{""x"":866,""y"":403,""t"":1875},{""x"":870,""y"":371,""t"":1908},{""x"":888,""y"":329,""t"":1943},{""x"":892,""y"":346,""t"":1975}]","[{""x"":250,""y"":425,""width"":80,""height"":80,""top"":385,""right"":290,""bottom"":465,""left"":210},{""x"":400,""y"":165.1923788646684,""width"":80,""height"":80,""top"":125.1923788646684,""right"":440,""bottom"":205.1923788646684,""left"":360},{""x"":700,""y"":165.1923788646684,""width"":80,""height"":80,""top"":125.1923788646684,""right"":740,""bottom"":205.1923788646684,""left"":660},{""x"":850,""y"":425,""width"":80,""height"":80,""top"":385,""right"":890,""bottom"":465,""left"":810},{""x"":700,""y"":684.8076211353316,""width"":80,""height"":80,""top"":644.8076211353316,""right"":740,""bottom"":724.8076211353316,""left"":660},{""x"":400,""y"":684.8076211353316,""width"":80,""height"":80,""top"":644.8076211353316,""right"":440,""bottom"":724.8076211353316,""left"":360}]","{""#container"":{""x"":410,""y"":129.390625,""width"":1100,""height"":850,""top"":129.390625,""right"":1510,""bottom"":979.390625,""left"":410}}","[{'cyan': 1}, {'red': 7}, {'green': 17}, {'yellow': 0}, {'purple': 0}, {'blue': 7}]",,green
43,,,,508.0,7.0,7.0,"[""blue"",""red"",""green"",""yellow"",""cyan"",""purple""]",red,True,"[{""x"":899,""y"":349,""t"":4},{""x"":862,""y"":336,""t"":42},{""x"":874,""y"":382,""t"":72},{""x"":869,""y"":433,""t"":106},{""x"":863,""y"":438,""t"":140},{""x"":882,""y"":519,""t"":174},{""x"":903,""y"":538,""t"":208},{""x"":911,""y"":557,""t"":242},{""x"":909,""y"":549,""t"":276},{""x"":937,""y"":549,""t"":310},{""x"":925,""y"":563,""t"":344},{""x"":915,""y"":539,""t"":378},{""x"":877,""y"":563,""t"":412},{""x"":811,""y"":745,""t"":446},{""x"":802,""y"":993,""t"":479},{""x"":762,""y"":1206,""t"":514},{""x"":727,""y"":1339,""t"":547},{""x"":701,""y"":1343,""t"":582},{""x"":699,""y"":1329,""t"":616},{""x"":758,""y"":1169,""t"":650},{""x"":818,""y"":1073,""t"":684},{""x"":833,""y"":893,""t"":719},{""x"":867,""y"":771,""t"":752},{""x"":912,""y"":656,""t"":786},{""x"":950,""y"":562,""t"":818},{""x"":953,""y"":460,""t"":854},{""x"":965,""y"":383,""t"":888},{""x"":998,""y"":364,""t"":922},{""x"":974,""y"":324,""t"":956},{""x"":924,""y"":451,""t"":991},{""x"":860,""y"":680,""t"":1024},{""x"":845,""y"":922,""t"":1057},{""x"":797,""y"":1062,""t"":1093},{""x"":753,""y"":1075,""t"":1127},{""x"":758,""y"":1045,""t"":1160},{""x"":765,""y"":1007,""t"":1194},{""x"":773,""y"":970,""t"":1226},{""x"":812,""y"":843,""t"":1262},{""x"":817,""y"":723,""t"":1297},{""x"":827,""y"":643,""t"":1330},{""x"":823,""y"":501,""t"":1364},{""x"":842,""y"":418,""t"":1398},{""x"":874,""y"":350,""t"":1432},{""x"":867,""y"":306,""t"":1467},{""x"":864,""y"":284,""t"":1500},{""x"":864,""y"":243,""t"":1533},{""x"":850,""y"":287,""t"":1568},{""x"":861,""y"":308,""t"":1603},{""x"":866,""y"":324,""t"":1637},{""x"":867,""y"":319,""t"":1670},{""x"":875,""y"":355,""t"":1703},{""x"":867,""y"":350,""t"":1738},{""x"":859,""y"":373,""t"":1772},{""x"":871,""y"":366,""t"":1806},{""x"":859,""y"":381,""t"":1840},{""x"":857,""y"":490,""t"":1873},{""x"":811,""y"":692,""t"":1907},{""x"":744,""y"":943,""t"":1941},{""x"":702,""y"":1108,""t"":1976}]","[{""x"":250,""y"":425,""width"":80,""height"":80,""top"":385,""right"":290,""bottom"":465,""left"":210},{""x"":400,""y"":165.1923788646684,""width"":80,""height"":80,""top"":125.1923788646684,""right"":440,""bottom"":205.1923788646684,""left"":360},{""x"":700,""y"":165.1923788646684,""width"":80,""height"":80,""top"":125.1923788646684,""right"":740,""bottom"":205.1923788646684,""left"":660},{""x"":850,""y"":425,""width"":80,""height"":80,""top"":385,""right"":890,""bottom"":465,""left"":810},{""x"":700,""y"":684.8076211353316,""width"":80,""height"":80,""top"":644.8076211353316,""right"":740,""bottom"":724.8076211353316,""left"":660},{""x"":400,""y"":684.8076211353316,""width"":80,""height"":80,""top"":644.8076211353316,""right"":440,""bottom"":724.8076211353316,""left"":360}]","{""#container"":{""x"":410,""y"":129.390625,""width"":1100,""height"":850,""top"":129.390625,""right"":1510,""bottom"":979.390625,""left"":410}}","[{'blue': 0}, {'red': 17}, {'green': 2}, {'yellow': 0}, {'cyan': 0}, {'purple': 9}]",{'red': 17},red
44,,,,948.0,6.0,1.0,"[""purple"",""green"",""red"",""cyan"",""blue"",""yellow""]",yellow_1,False,"[{""x"":715,""y"":1029,""t"":4},{""x"":748,""y"":909,""t"":39},{""x"":769,""y"":831,""t"":72},{""x"":775,""y"":788,""t"":106},{""x"":755,""y"":733,""t"":140},{""x"":760,""y"":673,""t"":174},{""x"":780,""y"":593,""t"":207},{""x"":788,""y"":578,""t"":241},{""x"":787,""y"":520,""t"":276},{""x"":816,""y"":538,""t"":310},{""x"":822,""y"":515,""t"":344},{""x"":818,""y"":697,""t"":378},{""x"":779,""y"":932,""t"":411},{""x"":767,""y"":1150,""t"":446},{""x"":786,""y"":1296,""t"":479},{""x"":760,""y"":1282,""t"":513},{""x"":754,""y"":1210,""t"":549},{""x"":790,""y"":1137,""t"":582},{""x"":823,""y"":1056,""t"":616},{""x"":854,""y"":936,""t"":650},{""x"":856,""y"":820,""t"":684},{""x"":877,""y"":763,""t"":719},{""x"":871,""y"":816,""t"":753},{""x"":833,""y"":974,""t"":785},{""x"":794,""y"":1085,""t"":819},{""x"":783,""y"":1051,""t"":854},{""x"":763,""y"":1018,""t"":888},{""x"":798,""y"":946,""t"":922},{""x"":801,""y"":863,""t"":956},{""x"":775,""y"":731,""t"":989},{""x"":804,""y"":758,""t"":1023},{""x"":800,""y"":668,""t"":1058},{""x"":806,""y"":633,""t"":1092},{""x"":817,""y"":587,""t"":1125},{""x"":790,""y"":543,""t"":1159},{""x"":799,""y"":560,""t"":1194},{""x"":845,""y"":458,""t"":1228},{""x"":844,""y"":483,""t"":1262},{""x"":869,""y"":531,""t"":1297},{""x"":878,""y"":494,""t"":1330},{""x"":832,""y"":529,""t"":1364},{""x"":826,""y"":530,""t"":1399},{""x"":820,""y"":532,""t"":1431},{""x"":866,""y"":545,""t"":1466},{""x"":847,""y"":575,""t"":1500},{""x"":824,""y"":545,""t"":1533},{""x"":787,""y"":546,""t"":1568},{""x"":775,""y"":576,""t"":1603},{""x"":795,""y"":610,""t"":1636},{""x"":783,""y"":612,""t"":1671},{""x"":787,""y"":660,""t"":1704},{""x"":780,""y"":624,""t"":1737},{""x"":800,""y"":628,""t"":1773},{""x"":780,""y"":618,""t"":1805},{""x"":771,""y"":650,""t"":1840},{""x"":795,""y"":709,""t"":1875},{""x"":815,""y"":718,""t"":1909},{""x"":806,""y"":678,""t"":1942},{""x"":770,""y"":678,""t"":1976}]","[{""x"":250,""y"":425,""width"":80,""height"":80,""top"":385,""right"":290,""bottom"":465,""left"":210},{""x"":400,""y"":165.1923788646684,""width"":80,""height"":80,""top"":125.1923788646684,""right"":440,""bottom"":205.1923788646684,""left"":360},{""x"":700,""y"":165.1923788646684,""width"":80,""height"":80,""top"":125.1923788646684,""right"":740,""bottom"":205.1923788646684,""left"":660},{""x"":850,""y"":425,""width"":80,""height"":80,""top"":385,""right"":890,""bottom"":465,""left"":810},{""x"":700,""y"":684.8076211353316,""width"":80,""height"":80,""top"":644.8076211353316,""right"":740,""bottom"":724.8076211353316,""left"":660},{""x"":400,""y"":684.8076211353316,""width"":80,""height"":80,""top"":644.8076211353316,""right"":440,""bottom"":724.8076211353316,""left"":360}]","{""#container"":{""x"":410,""y"":129.390625,""width"":1100,""height"":850,""top"":129.390625,""right"":1510,""bottom"":979.390625,""left"":410}}","[{'purple': 12}, {'green': 0}, {'red': 0}, {'cyan': 0}, {'blue': 0}, {'yellow': 20}]",{'yellow_1': 20},yellow_1
45,,,,826.0,9.0,9.0,"[""yellow"",""purple"",""cyan"",""red"",""blue"",""green""]",cyan,True,"[{""x"":813,""y"":702,""t"":3},{""x"":795,""y"":686,""t"":37},{""x"":809,""y"":728,""t"":72},{""x"":836,""y"":707,""t"":106},{""x"":862,""y"":715,""t"":140},{""x"":848,""y"":696,""t"":173},{""x"":842,""y"":696,""t"":207},{""x"":844,""y"":692,""t"":242},{""x"":861,""y"":601,""t"":277},{""x"":876,""y"":573,""t"":310},{""x"":893,""y"":537,""t"":343},{""x"":890,""y"":573,""t"":378},{""x"":870,""y"":733,""t"":412},{""x"":846,""y"":951,""t"":446},{""x"":816,""y"":1158,""t"":480},{""x"":788,""y"":1243,""t"":514},{""x"":800,""y"":1219,""t"":548},{""x"":810,""y"":1213,""t"":582},{""x"":831,""y"":1116,""t"":615},{""x"":831,""y"":1043,""t"":650},{""x"":838,""y"":970,""t"":685},{""x"":856,""y"":995,""t"":718},{""x"":835,""y"":1117,""t"":752},{""x"":842,""y"":1255,""t"":786},{""x"":862,""y"":1308,""t"":820},{""x"":851,""y"":1241,""t"":854},{""x"":828,""y"":1183,""t"":888},{""x"":821,""y"":1121,""t"":922},{""x"":830,""y"":1021,""t"":955},{""x"":851,""y"":899,""t"":990},{""x"":868,""y"":796,""t"":1022},{""x"":880,""y"":756,""t"":1058},{""x"":878,""y"":663,""t"":1092},{""x"":852,""y"":533,""t"":1126},{""x"":839,""y"":557,""t"":1160},{""x"":828,""y"":540,""t"":1194},{""x"":858,""y"":563,""t"":1227},{""x"":855,""y"":580,""t"":1262},{""x"":887,""y"":584,""t"":1296},{""x"":893,""y"":520,""t"":1330},{""x"":892,""y"":550,""t"":1364},{""x"":912,""y"":513,""t"":1398},{""x"":919,""y"":499,""t"":1430},{""x"":910,""y"":461,""t"":1466},{""x"":899,""y"":445,""t"":1500},{""x"":891,""y"":471,""t"":1534},{""x"":922,""y"":521,""t"":1568},{""x"":895,""y"":614,""t"":1602},{""x"":859,""y"":809,""t"":1636},{""x"":830,""y"":1027,""t"":1670},{""x"":775,""y"":1160,""t"":1703},{""x"":779,""y"":1226,""t"":1738},{""x"":789,""y"":1251,""t"":1772},{""x"":812,""y"":1159,""t"":1806},{""x"":810,""y"":1074,""t"":1840},{""x"":838,""y"":1004,""t"":1874},{""x"":853,""y"":958,""t"":1907},{""x"":855,""y"":909,""t"":1942},{""x"":869,""y"":865,""t"":1976}]","[{""x"":250,""y"":425,""width"":80,""height"":80,""top"":385,""right"":290,""bottom"":465,""left"":210},{""x"":400,""y"":165.1923788646684,""width"":80,""height"":80,""top"":125.1923788646684,""right"":440,""bottom"":205.1923788646684,""left"":360},{""x"":700,""y"":165.1923788646684,""width"":80,""height"":80,""top"":125.1923788646684,""right"":740,""bottom"":205.1923788646684,""left"":660},{""x"":850,""y"":425,""width"":80,""height"":80,""top"":385,""right"":890,""bottom"":465,""left"":810},{""x"":700,""y"":684.8076211353316,""width"":80,""height"":80,""top"":644.8076211353316,""right"":740,""bottom"":724.8076211353316,""left"":660},{""x"":400,""y"":684.8076211353316,""width"":80,""height"":80,""top"":644.8076211353316,""right"":440,""bottom"":724.8076211353316,""left"":360}]","{""#container"":{""x"":410,""y"":129.390625,""width"":1100,""height"":850,""top"":129.390625,""right"":1510,""bottom"":979.390625,""left"":410}}","[{'yellow': 0}, {'purple': 0}, {'cyan': 0}, {'red': 0}, {'blue': 0}, {'green': 16}]",,green
46,,,,506.0,1.0,1.0,"[""cyan"",""purple"",""blue"",""red"",""yellow"",""green""]",green,True,"[{""x"":876,""y"":729,""t"":4},{""x"":886,""y"":661,""t"":40},{""x"":874,""y"":599,""t"":72},{""x"":888,""y"":607,""t"":106},{""x"":874,""y"":593,""t"":140},{""x"":882,""y"":534,""t"":173},{""x"":903,""y"":563,""t"":207},{""x"":901,""y"":545,""t"":242},{""x"":878,""y"":534,""t"":277},{""x"":887,""y"":581,""t"":310},{""x"":885,""y"":602,""t"":343},{""x"":870,""y"":602,""t"":378},{""x"":905,""y"":607,""t"":411},{""x"":915,""y"":673,""t"":447},{""x"":896,""y"":844,""t"":480},{""x"":880,""y"":988,""t"":512},{""x"":848,""y"":1178,""t"":548},{""x"":823,""y"":1356,""t"":581},{""x"":797,""y"":1394,""t"":617},{""x"":790,""y"":1363,""t"":649},{""x"":801,""y"":1299,""t"":684},{""x"":805,""y"":1232,""t"":719},{""x"":787,""y"":1128,""t"":752},{""x"":791,""y"":1010,""t"":785},{""x"":820,""y"":926,""t"":820},{""x"":830,""y"":845,""t"":854},{""x"":805,""y"":763,""t"":888},{""x"":784,""y"":697,""t"":919},{""x"":785,""y"":673,""t"":956},{""x"":771,""y"":892,""t"":991},{""x"":758,""y"":1046,""t"":1024},{""x"":776,""y"":1158,""t"":1058},{""x"":762,""y"":1141,""t"":1092},{""x"":725,""y"":1162,""t"":1126},{""x"":728,""y"":1079,""t"":1160},{""x"":754,""y"":987,""t"":1194},{""x"":740,""y"":942,""t"":1228},{""x"":738,""y"":883,""t"":1262},{""x"":782,""y"":813,""t"":1296},{""x"":777,""y"":764,""t"":1330},{""x"":743,""y"":719,""t"":1363},{""x"":754,""y"":686,""t"":1398},{""x"":741,""y"":659,""t"":1432},{""x"":733,""y"":637,""t"":1467},{""x"":755,""y"":626,""t"":1501},{""x"":782,""y"":590,""t"":1534},{""x"":820,""y"":568,""t"":1568},{""x"":826,""y"":566,""t"":1602},{""x"":801,""y"":579,""t"":1636},{""x"":874,""y"":594,""t"":1670},{""x"":890,""y"":655,""t"":1705},{""x"":958,""y"":623,""t"":1737},{""x"":985,""y"":623,""t"":1771},{""x"":980,""y"":561,""t"":1806},{""x"":972,""y"":601,""t"":1840},{""x"":960,""y"":634,""t"":1875},{""x"":952,""y"":647,""t"":1908},{""x"":919,""y"":664,""t"":1942},{""x"":904,""y"":643,""t"":1975}]","[{""x"":250,""y"":425,""width"":80,""height"":80,""top"":385,""right"":290,""bottom"":465,""left"":210},{""x"":400,""y"":165.1923788646684,""width"":80,""height"":80,""top"":125.1923788646684,""right"":440,""bottom"":205.1923788646684,""left"":360},{""x"":700,""y"":165.1923788646684,""width"":80,""height"":80,""top"":125.1923788646684,""right"":740,""bottom"":205.1923788646684,""left"":660},{""x"":850,""y"":425,""width"":80,""height"":80,""top"":385,""right"":890,""bottom"":465,""left"":810},{""x"":700,""y"":684.8076211353316,""width"":80,""height"":80,""top"":644.8076211353316,""right"":740,""bottom"":724.8076211353316,""left"":660},{""x"":400,""y"":684.8076211353316,""width"":80,""height"":80,""top"":644.8076211353316,""right"":440,""bottom"":724.8076211353316,""left"":360}]","{""#container"":{""x"":410,""y"":129.390625,""width"":1100,""height"":850,""top"":129.390625,""right"":1510,""bottom"":979.390625,""left"":410}}","[{'cyan': 5}, {'purple': 0}, {'blue': 0}, {'red': 0}, {'yellow': 0}, {'green': 14}]",{'green': 14},green
47,,,,756.0,7.0,1.0,"[""yellow"",""green"",""cyan"",""red"",""blue"",""purple""]",purple_1,False,"[{""x"":891,""y"":689,""t"":4},{""x"":864,""y"":672,""t"":45},{""x"":827,""y"":658,""t"":74},{""x"":792,""y"":676,""t"":107},{""x"":777,""y"":688,""t"":140},{""x"":800,""y"":687,""t"":174},{""x"":818,""y"":683,""t"":208},{""x"":788,""y"":680,""t"":243},{""x"":817,""y"":685,""t"":276},{""x"":842,""y"":608,""t"":310},{""x"":828,""y"":622,""t"":344},{""x"":815,""y"":531,""t"":378},{""x"":809,""y"":448,""t"":413},{""x"":833,""y"":425,""t"":446},{""x"":852,""y"":361,""t"":480},{""x"":835,""y"":339,""t"":513},{""x"":871,""y"":405,""t"":548},{""x"":886,""y"":376,""t"":582},{""x"":872,""y"":397,""t"":616},{""x"":876,""y"":440,""t"":649},{""x"":867,""y"":441,""t"":683},{""x"":856,""y"":468,""t"":719},{""x"":846,""y"":491,""t"":749},{""x"":803,""y"":561,""t"":785},{""x"":815,""y"":641,""t"":820},{""x"":831,""y"":629,""t"":855},{""x"":836,""y"":653,""t"":888},{""x"":876,""y"":630,""t"":922},{""x"":891,""y"":677,""t"":955},{""x"":878,""y"":713,""t"":991},{""x"":865,""y"":722,""t"":1024},{""x"":815,""y"":742,""t"":1059},{""x"":810,""y"":737,""t"":1093},{""x"":794,""y"":818,""t"":1126},{""x"":781,""y"":886,""t"":1158},{""x"":788,""y"":1049,""t"":1195},{""x"":722,""y"":1203,""t"":1228},{""x"":665,""y"":1225,""t"":1262},{""x"":662,""y"":1233,""t"":1297},{""x"":632,""y"":1209,""t"":1329},{""x"":626,""y"":1151,""t"":1365},{""x"":665,""y"":1065,""t"":1398},{""x"":702,""y"":1029,""t"":1431},{""x"":703,""y"":965,""t"":1467},{""x"":735,""y"":899,""t"":1499},{""x"":758,""y"":873,""t"":1535},{""x"":808,""y"":844,""t"":1567},{""x"":842,""y"":809,""t"":1602},{""x"":855,""y"":792,""t"":1636},{""x"":870,""y"":794,""t"":1669},{""x"":906,""y"":751,""t"":1704},{""x"":944,""y"":764,""t"":1738},{""x"":952,""y"":725,""t"":1772},{""x"":950,""y"":661,""t"":1805},{""x"":985,""y"":656,""t"":1839},{""x"":1017,""y"":653,""t"":1873},{""x"":1050,""y"":648,""t"":1908},{""x"":1134,""y"":633,""t"":1941},{""x"":1128,""y"":603,""t"":1976}]","[{""x"":250,""y"":425,""width"":80,""height"":80,""top"":385,""right"":290,""bottom"":465,""left"":210},{""x"":400,""y"":165.1923788646684,""width"":80,""height"":80,""top"":125.1923788646684,""right"":440,""bottom"":205.1923788646684,""left"":360},{""x"":700,""y"":165.1923788646684,""width"":80,""height"":80,""top"":125.1923788646684,""right"":740,""bottom"":205.1923788646684,""left"":660},{""x"":850,""y"":425,""width"":80,""height"":80,""top"":385,""right"":890,""bottom"":465,""left"":810},{""x"":700,""y"":684.8076211353316,""width"":80,""height"":80,""top"":644.8076211353316,""right"":740,""bottom"":724.8076211353316,""left"":660},{""x"":400,""y"":684.8076211353316,""width"":80,""height"":80,""top"":644.8076211353316,""right"":440,""bottom"":724.8076211353316,""left"":360}]","{""#container"":{""x"":410,""y"":129.390625,""width"":1100,""height"":850,""top"":129.390625,""right"":1510,""bottom"":979.390625,""left"":410}}","[{'yellow': 1}, {'green': 6}, {'cyan': 0}, {'red': 2}, {'blue': 0}, {'purple': 21}]",{'purple_1': 21},purple_1
48,,,,482.0,1.0,1.0,"[""green"",""purple"",""red"",""cyan"",""yellow"",""blue""]",blue,True,"[{""x"":1056,""y"":615,""t"":3},{""x"":1028,""y"":653,""t"":38},{""x"":957,""y"":693,""t"":73},{""x"":920,""y"":687,""t"":106},{""x"":897,""y"":726,""t"":140},{""x"":880,""y"":734,""t"":174},{""x"":859,""y"":737,""t"":208},{""x"":841,""y"":720,""t"":242},{""x"":842,""y"":733,""t"":275},{""x"":837,""y"":764,""t"":309},{""x"":858,""y"":760,""t"":345},{""x"":842,""y"":735,""t"":378},{""x"":788,""y"":858,""t"":411},{""x"":755,""y"":1065,""t"":445},{""x"":722,""y"":1231,""t"":480},{""x"":688,""y"":1364,""t"":514},{""x"":654,""y"":1469,""t"":545},{""x"":630,""y"":1447,""t"":582},{""x"":604,""y"":1342,""t"":615},{""x"":609,""y"":1233,""t"":650},{""x"":624,""y"":1084,""t"":684},{""x"":653,""y"":948,""t"":718},{""x"":643,""y"":945,""t"":753},{""x"":629,""y"":1112,""t"":785},{""x"":680,""y"":1227,""t"":820},{""x"":646,""y"":1226,""t"":855},{""x"":652,""y"":1178,""t"":887},{""x"":647,""y"":1122,""t"":920},{""x"":689,""y"":1055,""t"":955},{""x"":750,""y"":979,""t"":991},{""x"":754,""y"":902,""t"":1023},{""x"":799,""y"":885,""t"":1057},{""x"":850,""y"":754,""t"":1091},{""x"":844,""y"":720,""t"":1125},{""x"":803,""y"":654,""t"":1159},{""x"":824,""y"":587,""t"":1194},{""x"":832,""y"":580,""t"":1227},{""x"":846,""y"":598,""t"":1261},{""x"":839,""y"":603,""t"":1296},{""x"":810,""y"":549,""t"":1329},{""x"":832,""y"":575,""t"":1364},{""x"":826,""y"":574,""t"":1398},{""x"":858,""y"":585,""t"":1433},{""x"":840,""y"":586,""t"":1466},{""x"":880,""y"":623,""t"":1501},{""x"":860,""y"":626,""t"":1533},{""x"":864,""y"":664,""t"":1568},{""x"":871,""y"":658,""t"":1602},{""x"":899,""y"":665,""t"":1635},{""x"":918,""y"":785,""t"":1670},{""x"":885,""y"":842,""t"":1705},{""x"":833,""y"":1009,""t"":1737},{""x"":788,""y"":1217,""t"":1771},{""x"":784,""y"":1409,""t"":1805},{""x"":803,""y"":1482,""t"":1840},{""x"":795,""y"":1439,""t"":1873},{""x"":805,""y"":1384,""t"":1908},{""x"":805,""y"":1268,""t"":1942},{""x"":784,""y"":1153,""t"":1976}]","[{""x"":250,""y"":425,""width"":80,""height"":80,""top"":385,""right"":290,""bottom"":465,""left"":210},{""x"":400,""y"":165.1923788646684,""width"":80,""height"":80,""top"":125.1923788646684,""right"":440,""bottom"":205.1923788646684,""left"":360},{""x"":700,""y"":165.1923788646684,""width"":80,""height"":80,""top"":125.1923788646684,""right"":740,""bottom"":205.1923788646684,""left"":660},{""x"":850,""y"":425,""width"":80,""height"":80,""top"":385,""right"":890,""bottom"":465,""left"":810},{""x"":700,""y"":684.8076211353316,""width"":80,""height"":80,""top"":644.8076211353316,""right"":740,""bottom"":724.8076211353316,""left"":660},{""x"":400,""y"":684.8076211353316,""width"":80,""height"":80,""top"":644.8076211353316,""right"":440,""bottom"":724.8076211353316,""left"":360}]","{""#container"":{""x"":410,""y"":129.390625,""width"":1100,""height"":850,""top"":129.390625,""right"":1510,""bottom"":979.390625,""left"":410}}","[{'green': 0}, {'purple': 0}, {'red': 0}, {'cyan': 0}, {'yellow': 0}, {'blue': 15}]",{'blue': 15},blue
49,,,,756.0,9.0,9.0,"[""purple"",""blue"",""red"",""green"",""yellow"",""cyan""]",red,True,"[{""x"":811,""y"":1061,""t"":4},{""x"":854,""y"":1011,""t"":38},{""x"":892,""y"":975,""t"":72},{""x"":904,""y"":920,""t"":107},{""x"":911,""y"":907,""t"":139},{""x"":879,""y"":869,""t"":174},{""x"":855,""y"":772,""t"":208},{""x"":857,""y"":725,""t"":242},{""x"":868,""y"":710,""t"":275},{""x"":861,""y"":692,""t"":311},{""x"":867,""y"":727,""t"":345},{""x"":872,""y"":761,""t"":376},{""x"":856,""y"":768,""t"":412},{""x"":818,""y"":820,""t"":445},{""x"":781,""y"":1020,""t"":480},{""x"":766,""y"":1204,""t"":514},{""x"":719,""y"":1192,""t"":547},{""x"":691,""y"":1141,""t"":582},{""x"":722,""y"":1114,""t"":615},{""x"":743,""y"":1040,""t"":650},{""x"":768,""y"":969,""t"":684},{""x"":781,""y"":888,""t"":718},{""x"":797,""y"":767,""t"":752},{""x"":812,""y"":667,""t"":783},{""x"":827,""y"":652,""t"":819},{""x"":831,""y"":611,""t"":854},{""x"":892,""y"":602,""t"":888},{""x"":889,""y"":629,""t"":922},{""x"":905,""y"":671,""t"":955},{""x"":866,""y"":684,""t"":990},{""x"":884,""y"":651,""t"":1024},{""x"":862,""y"":642,""t"":1058},{""x"":876,""y"":632,""t"":1092},{""x"":855,""y"":634,""t"":1126},{""x"":811,""y"":696,""t"":1160},{""x"":770,""y"":820,""t"":1194},{""x"":743,""y"":1029,""t"":1228},{""x"":756,""y"":1216,""t"":1262},{""x"":722,""y"":1268,""t"":1295},{""x"":716,""y"":1288,""t"":1330},{""x"":690,""y"":1246,""t"":1363},{""x"":719,""y"":1208,""t"":1397},{""x"":742,""y"":1191,""t"":1432},{""x"":747,""y"":1128,""t"":1466},{""x"":755,""y"":1053,""t"":1500},{""x"":778,""y"":965,""t"":1533},{""x"":807,""y"":900,""t"":1568},{""x"":828,""y"":783,""t"":1602},{""x"":849,""y"":739,""t"":1636},{""x"":860,""y"":700,""t"":1670},{""x"":870,""y"":690,""t"":1704},{""x"":805,""y"":745,""t"":1738},{""x"":790,""y"":926,""t"":1772},{""x"":746,""y"":1086,""t"":1806},{""x"":697,""y"":1222,""t"":1840},{""x"":717,""y"":1217,""t"":1874},{""x"":737,""y"":1162,""t"":1907},{""x"":755,""y"":1111,""t"":1940},{""x"":751,""y"":988,""t"":1976}]","[{""x"":250,""y"":425,""width"":80,""height"":80,""top"":385,""right"":290,""bottom"":465,""left"":210},{""x"":400,""y"":165.1923788646684,""width"":80,""height"":80,""top"":125.1923788646684,""right"":440,""bottom"":205.1923788646684,""left"":360},{""x"":700,""y"":165.1923788646684,""width"":80,""height"":80,""top"":125.1923788646684,""right"":740,""bottom"":205.1923788646684,""left"":660},{""x"":850,""y"":425,""width"":80,""height"":80,""top"":385,""right"":890,""bottom"":465,""left"":810},{""x"":700,""y"":684.8076211353316,""width"":80,""height"":80,""top"":644.8076211353316,""right"":740,""bottom"":724.8076211353316,""left"":660},{""x"":400,""y"":684.8076211353316,""width"":80,""height"":80,""top"":644.8076211353316,""right"":440,""bottom"":724.8076211353316,""left"":360}]","{""#container"":{""x"":410,""y"":129.390625,""width"":1100,""height"":850,""top"":129.390625,""right"":1510,""bottom"":979.390625,""left"":410}}","[{'purple': 0}, {'blue': 0}, {'red': 0}, {'green': 0}, {'yellow': 0}, {'cyan': 24}]",,cyan
50,,,,554.0,7.0,7.0,"[""green"",""purple"",""cyan"",""yellow"",""blue"",""red""]",purple_1,True,"[{""x"":796,""y"":901,""t"":3},{""x"":827,""y"":809,""t"":39},{""x"":846,""y"":768,""t"":72},{""x"":877,""y"":716,""t"":106},{""x"":901,""y"":652,""t"":140},{""x"":905,""y"":644,""t"":173},{""x"":901,""y"":614,""t"":207},{""x"":897,""y"":669,""t"":242},{""x"":878,""y"":640,""t"":276},{""x"":881,""y"":623,""t"":309},{""x"":884,""y"":611,""t"":343},{""x"":881,""y"":581,""t"":378},{""x"":871,""y"":561,""t"":413},{""x"":877,""y"":569,""t"":445},{""x"":882,""y"":642,""t"":480},{""x"":873,""y"":668,""t"":513},{""x"":856,""y"":662,""t"":548},{""x"":813,""y"":704,""t"":582},{""x"":737,""y"":834,""t"":616},{""x"":714,""y"":1055,""t"":651},{""x"":700,""y"":1224,""t"":683},{""x"":631,""y"":1318,""t"":718},{""x"":614,""y"":1371,""t"":752},{""x"":649,""y"":1334,""t"":786},{""x"":719,""y"":1306,""t"":819},{""x"":736,""y"":1209,""t"":854},{""x"":781,""y"":1170,""t"":888},{""x"":803,""y"":1118,""t"":922},{""x"":832,""y"":1057,""t"":956},{""x"":845,""y"":886,""t"":990},{""x"":863,""y"":788,""t"":1024},{""x"":843,""y"":714,""t"":1058},{""x"":853,""y"":714,""t"":1093},{""x"":848,""y"":641,""t"":1126},{""x"":843,""y"":582,""t"":1157},{""x"":849,""y"":604,""t"":1194},{""x"":905,""y"":630,""t"":1227},{""x"":866,""y"":634,""t"":1263},{""x"":781,""y"":828,""t"":1296},{""x"":734,""y"":1023,""t"":1330},{""x"":735,""y"":1148,""t"":1365},{""x"":698,""y"":1203,""t"":1397},{""x"":699,""y"":1194,""t"":1433},{""x"":719,""y"":1181,""t"":1466},{""x"":752,""y"":1177,""t"":1500},{""x"":759,""y"":1146,""t"":1533},{""x"":778,""y"":1030,""t"":1566},{""x"":752,""y"":894,""t"":1601},{""x"":760,""y"":886,""t"":1637},{""x"":793,""y"":842,""t"":1670},{""x"":783,""y"":873,""t"":1704},{""x"":822,""y"":888,""t"":1737},{""x"":830,""y"":778,""t"":1772},{""x"":816,""y"":649,""t"":1805},{""x"":829,""y"":595,""t"":1840},{""x"":824,""y"":567,""t"":1875},{""x"":851,""y"":573,""t"":1907},{""x"":842,""y"":543,""t"":1943},{""x"":849,""y"":604,""t"":1976}]","[{""x"":250,""y"":425,""width"":80,""height"":80,""top"":385,""right"":290,""bottom"":465,""left"":210},{""x"":400,""y"":165.1923788646684,""width"":80,""height"":80,""top"":125.1923788646684,""right"":440,""bottom"":205.1923788646684,""left"":360},{""x"":700,""y"":165.1923788646684,""width"":80,""height"":80,""top"":125.1923788646684,""right"":740,""bottom"":205.1923788646684,""left"":660},{""x"":850,""y"":425,""width"":80,""height"":80,""top"":385,""right"":890,""bottom"":465,""left"":810},{""x"":700,""y"":684.8076211353316,""width"":80,""height"":80,""top"":644.8076211353316,""right"":740,""bottom"":724.8076211353316,""left"":660},{""x"":400,""y"":684.8076211353316,""width"":80,""height"":80,""top"":644.8076211353316,""right"":440,""bottom"":724.8076211353316,""left"":360}]","{""#container"":{""x"":410,""y"":129.390625,""width"":1100,""height"":850,""top"":129.390625,""right"":1510,""bottom"":979.390625,""left"":410}}","[{'green': 0}, {'purple': 0}, {'cyan': 0}, {'yellow': 0}, {'blue': 0}, {'red': 17}]",,red
51,,,,1920.0,9.0,3.0,"[""green"",""yellow"",""blue"",""red"",""cyan"",""purple""]",cyan_1,False,"[{""x"":858,""y"":624,""t"":3},{""x"":847,""y"":563,""t"":39},{""x"":840,""y"":556,""t"":71},{""x"":823,""y"":509,""t"":106},{""x"":809,""y"":471,""t"":137},{""x"":798,""y"":497,""t"":175},{""x"":769,""y"":566,""t"":208},{""x"":823,""y"":611,""t"":242},{""x"":833,""y"":667,""t"":276},{""x"":809,""y"":719,""t"":310},{""x"":854,""y"":698,""t"":343},{""x"":836,""y"":749,""t"":377},{""x"":878,""y"":767,""t"":411},{""x"":853,""y"":815,""t"":445},{""x"":885,""y"":841,""t"":480},{""x"":870,""y"":1037,""t"":514},{""x"":816,""y"":1147,""t"":546},{""x"":782,""y"":1302,""t"":581},{""x"":769,""y"":1456,""t"":615},{""x"":750,""y"":1463,""t"":650},{""x"":739,""y"":1336,""t"":684},{""x"":722,""y"":1180,""t"":718},{""x"":760,""y"":1075,""t"":752},{""x"":758,""y"":877,""t"":787},{""x"":785,""y"":709,""t"":820},{""x"":786,""y"":577,""t"":855},{""x"":815,""y"":498,""t"":888},{""x"":800,""y"":409,""t"":922},{""x"":793,""y"":329,""t"":955},{""x"":795,""y"":284,""t"":990},{""x"":801,""y"":314,""t"":1024},{""x"":800,""y"":284,""t"":1058},{""x"":792,""y"":261,""t"":1091},{""x"":821,""y"":268,""t"":1126},{""x"":794,""y"":370,""t"":1160},{""x"":759,""y"":607,""t"":1194},{""x"":735,""y"":912,""t"":1228},{""x"":671,""y"":1072,""t"":1262},{""x"":639,""y"":1127,""t"":1296},{""x"":629,""y"":1102,""t"":1330},{""x"":630,""y"":1107,""t"":1364},{""x"":686,""y"":1118,""t"":1397},{""x"":703,""y"":990,""t"":1431},{""x"":699,""y"":907,""t"":1466},{""x"":738,""y"":822,""t"":1501},{""x"":772,""y"":752,""t"":1533},{""x"":782,""y"":690,""t"":1568},{""x"":826,""y"":646,""t"":1601},{""x"":839,""y"":641,""t"":1636},{""x"":871,""y"":610,""t"":1670},{""x"":951,""y"":581,""t"":1705},{""x"":962,""y"":629,""t"":1738},{""x"":988,""y"":654,""t"":1772},{""x"":1025,""y"":599,""t"":1806},{""x"":1000,""y"":596,""t"":1840},{""x"":990,""y"":580,""t"":1874},{""x"":989,""y"":556,""t"":1908},{""x"":967,""y"":535,""t"":1942},{""x"":964,""y"":487,""t"":1975}]","[{""x"":250,""y"":425,""width"":80,""height"":80,""top"":385,""right"":290,""bottom"":465,""left"":210},{""x"":400,""y"":165.1923788646684,""width"":80,""height"":80,""top"":125.1923788646684,""right"":440,""bottom"":205.1923788646684,""left"":360},{""x"":700,""y"":165.1923788646684,""width"":80,""height"":80,""top"":125.1923788646684,""right"":740,""bottom"":205.1923788646684,""left"":660},{""x"":850,""y"":425,""width"":80,""height"":80,""top"":385,""right"":890,""bottom"":465,""left"":810},{""x"":700,""y"":684.8076211353316,""width"":80,""height"":80,""top"":644.8076211353316,""right"":740,""bottom"":724.8076211353316,""left"":660},{""x"":400,""y"":684.8076211353316,""width"":80,""height"":80,""top"":644.8076211353316,""right"":440,""bottom"":724.8076211353316,""left"":360}]","{""#container"":{""x"":410,""y"":129.390625,""width"":1100,""height"":850,""top"":129.390625,""right"":1510,""bottom"":979.390625,""left"":410}}","[{'green': 4}, {'yellow': 8}, {'blue': 0}, {'red': 0}, {'cyan': 0}, {'purple': 14}]",,purple
52,,,,681.0,9.0,9.0,"[""yellow"",""purple"",""green"",""blue"",""red"",""cyan""]",green,True,"[{""x"":938,""y"":480,""t"":4},{""x"":926,""y"":493,""t"":40},{""x"":928,""y"":514,""t"":72},{""x"":909,""y"":537,""t"":106},{""x"":908,""y"":575,""t"":140},{""x"":927,""y"":628,""t"":174},{""x"":919,""y"":657,""t"":208},{""x"":921,""y"":674,""t"":242},{""x"":903,""y"":642,""t"":276},{""x"":892,""y"":636,""t"":309},{""x"":890,""y"":663,""t"":344},{""x"":870,""y"":651,""t"":378},{""x"":874,""y"":688,""t"":412},{""x"":831,""y"":744,""t"":446},{""x"":757,""y"":971,""t"":480},{""x"":738,""y"":1148,""t"":514},{""x"":698,""y"":1281,""t"":547},{""x"":655,""y"":1318,""t"":582},{""x"":658,""y"":1337,""t"":617},{""x"":663,""y"":1293,""t"":649},{""x"":694,""y"":1196,""t"":684},{""x"":730,""y"":1131,""t"":717},{""x"":768,""y"":1027,""t"":753},{""x"":776,""y"":1001,""t"":786},{""x"":807,""y"":951,""t"":820},{""x"":871,""y"":853,""t"":854},{""x"":882,""y"":789,""t"":889},{""x"":864,""y"":749,""t"":921},{""x"":846,""y"":701,""t"":955},{""x"":824,""y"":638,""t"":989},{""x"":819,""y"":601,""t"":1025},{""x"":819,""y"":606,""t"":1057},{""x"":818,""y"":546,""t"":1092},{""x"":858,""y"":593,""t"":1126},{""x"":876,""y"":540,""t"":1160},{""x"":857,""y"":559,""t"":1193},{""x"":892,""y"":514,""t"":1228},{""x"":881,""y"":507,""t"":1262},{""x"":871,""y"":531,""t"":1297},{""x"":911,""y"":569,""t"":1329},{""x"":930,""y"":570,""t"":1364},{""x"":915,""y"":590,""t"":1398},{""x"":930,""y"":604,""t"":1432},{""x"":972,""y"":630,""t"":1465},{""x"":1015,""y"":631,""t"":1497},{""x"":1006,""y"":640,""t"":1534},{""x"":1043,""y"":662,""t"":1567},{""x"":981,""y"":666,""t"":1601},{""x"":967,""y"":655,""t"":1636},{""x"":941,""y"":653,""t"":1670},{""x"":921,""y"":736,""t"":1704},{""x"":870,""y"":748,""t"":1738},{""x"":774,""y"":894,""t"":1773},{""x"":720,""y"":1084,""t"":1805},{""x"":669,""y"":1208,""t"":1840},{""x"":619,""y"":1199,""t"":1873},{""x"":595,""y"":1209,""t"":1906},{""x"":591,""y"":1176,""t"":1942},{""x"":604,""y"":1095,""t"":1976}]","[{""x"":250,""y"":425,""width"":80,""height"":80,""top"":385,""right"":290,""bottom"":465,""left"":210},{""x"":400,""y"":165.1923788646684,""width"":80,""height"":80,""top"":125.1923788646684,""right"":440,""bottom"":205.1923788646684,""left"":360},{""x"":700,""y"":165.1923788646684,""width"":80,""height"":80,""top"":125.1923788646684,""right"":740,""bottom"":205.1923788646684,""left"":660},{""x"":850,""y"":425,""width"":80,""height"":80,""top"":385,""right"":890,""bottom"":465,""left"":810},{""x"":700,""y"":684.8076211353316,""width"":80,""height"":80,""top"":644.8076211353316,""right"":740,""bottom"":724.8076211353316,""left"":660},{""x"":400,""y"":684.8076211353316,""width"":80,""height"":80,""top"":644.8076211353316,""right"":440,""bottom"":724.8076211353316,""left"":360}]","{""#container"":{""x"":410,""y"":129.390625,""width"":1100,""height"":850,""top"":129.390625,""right"":1510,""bottom"":979.390625,""left"":410}}","[{'yellow': 0}, {'purple': 0}, {'green': 0}, {'blue': 0}, {'red': 0}, {'cyan': 10}]",,cyan
53,,,,805.0,3.0,3.0,"[""purple"",""red"",""green"",""cyan"",""blue"",""yellow""]",blue,True,"[{""x"":654,""y"":1015,""t"":4},{""x"":691,""y"":904,""t"":38},{""x"":750,""y"":887,""t"":73},{""x"":772,""y"":811,""t"":106},{""x"":820,""y"":815,""t"":140},{""x"":855,""y"":764,""t"":173},{""x"":868,""y"":749,""t"":208},{""x"":911,""y"":739,""t"":242},{""x"":985,""y"":757,""t"":275},{""x"":990,""y"":727,""t"":310},{""x"":946,""y"":723,""t"":344},{""x"":948,""y"":719,""t"":376},{""x"":963,""y"":703,""t"":412},{""x"":895,""y"":923,""t"":446},{""x"":850,""y"":1094,""t"":480},{""x"":817,""y"":1151,""t"":514},{""x"":761,""y"":1150,""t"":548},{""x"":737,""y"":1113,""t"":582},{""x"":702,""y"":1020,""t"":616},{""x"":697,""y"":942,""t"":650},{""x"":724,""y"":893,""t"":684},{""x"":780,""y"":835,""t"":718},{""x"":793,""y"":758,""t"":752},{""x"":792,""y"":730,""t"":786},{""x"":809,""y"":701,""t"":820},{""x"":787,""y"":698,""t"":854},{""x"":810,""y"":672,""t"":888},{""x"":799,""y"":653,""t"":922},{""x"":805,""y"":627,""t"":957},{""x"":834,""y"":578,""t"":990},{""x"":851,""y"":546,""t"":1024},{""x"":871,""y"":524,""t"":1059},{""x"":809,""y"":729,""t"":1092},{""x"":756,""y"":965,""t"":1127},{""x"":754,""y"":1126,""t"":1160},{""x"":720,""y"":1234,""t"":1194},{""x"":686,""y"":1178,""t"":1228},{""x"":649,""y"":1152,""t"":1262},{""x"":691,""y"":1096,""t"":1295},{""x"":702,""y"":1041,""t"":1329},{""x"":739,""y"":1053,""t"":1364},{""x"":757,""y"":982,""t"":1398},{""x"":784,""y"":888,""t"":1432},{""x"":803,""y"":816,""t"":1467},{""x"":803,""y"":780,""t"":1500},{""x"":835,""y"":797,""t"":1534},{""x"":822,""y"":726,""t"":1568},{""x"":831,""y"":739,""t"":1602},{""x"":817,""y"":723,""t"":1636},{""x"":839,""y"":747,""t"":1670},{""x"":837,""y"":735,""t"":1704},{""x"":841,""y"":748,""t"":1738},{""x"":892,""y"":688,""t"":1772},{""x"":951,""y"":739,""t"":1806},{""x"":926,""y"":742,""t"":1840},{""x"":961,""y"":712,""t"":1874},{""x"":923,""y"":693,""t"":1908},{""x"":888,""y"":677,""t"":1940},{""x"":947,""y"":675,""t"":1975}]","[{""x"":250,""y"":425,""width"":80,""height"":80,""top"":385,""right"":290,""bottom"":465,""left"":210},{""x"":400,""y"":165.1923788646684,""width"":80,""height"":80,""top"":125.1923788646684,""right"":440,""bottom"":205.1923788646684,""left"":360},{""x"":700,""y"":165.1923788646684,""width"":80,""height"":80,""top"":125.1923788646684,""right"":740,""bottom"":205.1923788646684,""left"":660},{""x"":850,""y"":425,""width"":80,""height"":80,""top"":385,""right"":890,""bottom"":465,""left"":810},{""x"":700,""y"":684.8076211353316,""width"":80,""height"":80,""top"":644.8076211353316,""right"":740,""bottom"":724.8076211353316,""left"":660},{""x"":400,""y"":684.8076211353316,""width"":80,""height"":80,""top"":644.8076211353316,""right"":440,""bottom"":724.8076211353316,""left"":360}]","{""#container"":{""x"":410,""y"":129.390625,""width"":1100,""height"":850,""top"":129.390625,""right"":1510,""bottom"":979.390625,""left"":410}}","[{'purple': 0}, {'red': 0}, {'green': 0}, {'cyan': 0}, {'blue': 2}, {'yellow': 27}]",{'blue': 2},yellow
54,,,,596.0,6.0,6.0,"[""cyan"",""yellow"",""green"",""blue"",""red"",""purple""]",blue,True,"[{""x"":930,""y"":711,""t"":3},{""x"":908,""y"":693,""t"":37},{""x"":887,""y"":682,""t"":72},{""x"":844,""y"":663,""t"":105},{""x"":820,""y"":671,""t"":140},{""x"":802,""y"":666,""t"":174},{""x"":790,""y"":663,""t"":209},{""x"":794,""y"":695,""t"":243},{""x"":878,""y"":680,""t"":276},{""x"":907,""y"":658,""t"":310},{""x"":901,""y"":670,""t"":343},{""x"":944,""y"":661,""t"":378},{""x"":933,""y"":705,""t"":412},{""x"":951,""y"":763,""t"":446},{""x"":891,""y"":723,""t"":479},{""x"":906,""y"":722,""t"":513},{""x"":892,""y"":686,""t"":548},{""x"":869,""y"":642,""t"":581},{""x"":878,""y"":612,""t"":617},{""x"":927,""y"":601,""t"":650},{""x"":969,""y"":593,""t"":682},{""x"":955,""y"":553,""t"":719},{""x"":950,""y"":505,""t"":752},{""x"":955,""y"":474,""t"":785},{""x"":895,""y"":488,""t"":819},{""x"":896,""y"":502,""t"":855},{""x"":849,""y"":541,""t"":888},{""x"":878,""y"":579,""t"":922},{""x"":892,""y"":645,""t"":956},{""x"":894,""y"":848,""t"":989},{""x"":841,""y"":1045,""t"":1025},{""x"":802,""y"":1227,""t"":1059},{""x"":778,""y"":1404,""t"":1089},{""x"":726,""y"":1344,""t"":1127},{""x"":657,""y"":1246,""t"":1160},{""x"":649,""y"":1251,""t"":1194},{""x"":670,""y"":1124,""t"":1229},{""x"":705,""y"":995,""t"":1262},{""x"":770,""y"":877,""t"":1297},{""x"":793,""y"":809,""t"":1330},{""x"":805,""y"":718,""t"":1363},{""x"":832,""y"":669,""t"":1398},{""x"":835,""y"":647,""t"":1431},{""x"":903,""y"":617,""t"":1466},{""x"":974,""y"":554,""t"":1500},{""x"":1037,""y"":537,""t"":1534},{""x"":1002,""y"":516,""t"":1569},{""x"":961,""y"":565,""t"":1602},{""x"":940,""y"":582,""t"":1636},{""x"":979,""y"":561,""t"":1669},{""x"":1005,""y"":539,""t"":1704},{""x"":1052,""y"":533,""t"":1738},{""x"":944,""y"":632,""t"":1772},{""x"":896,""y"":851,""t"":1806},{""x"":873,""y"":1035,""t"":1839},{""x"":848,""y"":1190,""t"":1873},{""x"":769,""y"":1246,""t"":1908},{""x"":745,""y"":1231,""t"":1942},{""x"":712,""y"":1178,""t"":1976}]","[{""x"":250,""y"":425,""width"":80,""height"":80,""top"":385,""right"":290,""bottom"":465,""left"":210},{""x"":400,""y"":165.1923788646684,""width"":80,""height"":80,""top"":125.1923788646684,""right"":440,""bottom"":205.1923788646684,""left"":360},{""x"":700,""y"":165.1923788646684,""width"":80,""height"":80,""top"":125.1923788646684,""right"":740,""bottom"":205.1923788646684,""left"":660},{""x"":850,""y"":425,""width"":80,""height"":80,""top"":385,""right"":890,""bottom"":465,""left"":810},{""x"":700,""y"":684.8076211353316,""width"":80,""height"":80,""top"":644.8076211353316,""right"":740,""bottom"":724.8076211353316,""left"":660},{""x"":400,""y"":684.8076211353316,""width"":80,""height"":80,""top"":644.8076211353316,""right"":440,""bottom"":724.8076211353316,""left"":360}]","{""#container"":{""x"":410,""y"":129.390625,""width"":1100,""height"":850,""top"":129.390625,""right"":1510,""bottom"":979.390625,""left"":410}}","[{'cyan': 0}, {'yellow': 0}, {'green': 0}, {'blue': 0}, {'red': 0}, {'purple': 11}]",,purple
55,,,,894.0,9.0,9.0,"[""red"",""cyan"",""purple"",""green"",""blue"",""yellow""]",purple,True,"[{""x"":707,""y"":1124,""t"":3},{""x"":786,""y"":1062,""t"":40},{""x"":786,""y"":981,""t"":72},{""x"":812,""y"":921,""t"":106},{""x"":827,""y"":848,""t"":140},{""x"":835,""y"":874,""t"":174},{""x"":813,""y"":835,""t"":208},{""x"":886,""y"":757,""t"":243},{""x"":870,""y"":739,""t"":276},{""x"":860,""y"":717,""t"":310},{""x"":858,""y"":693,""t"":345},{""x"":872,""y"":658,""t"":378},{""x"":876,""y"":634,""t"":412},{""x"":878,""y"":616,""t"":444},{""x"":869,""y"":563,""t"":481},{""x"":889,""y"":506,""t"":514},{""x"":870,""y"":404,""t"":548},{""x"":850,""y"":375,""t"":583},{""x"":865,""y"":391,""t"":616},{""x"":892,""y"":396,""t"":649},{""x"":914,""y"":395,""t"":683},{""x"":863,""y"":431,""t"":718},{""x"":892,""y"":387,""t"":751},{""x"":905,""y"":380,""t"":785},{""x"":895,""y"":362,""t"":819},{""x"":902,""y"":334,""t"":855},{""x"":916,""y"":324,""t"":888},{""x"":954,""y"":331,""t"":922},{""x"":960,""y"":291,""t"":956},{""x"":963,""y"":283,""t"":990},{""x"":984,""y"":304,""t"":1023},{""x"":967,""y"":362,""t"":1058},{""x"":914,""y"":468,""t"":1091},{""x"":842,""y"":561,""t"":1126},{""x"":794,""y"":640,""t"":1159},{""x"":752,""y"":688,""t"":1195},{""x"":719,""y"":714,""t"":1227},{""x"":686,""y"":813,""t"":1262},{""x"":682,""y"":999,""t"":1296},{""x"":673,""y"":1156,""t"":1330},{""x"":718,""y"":1292,""t"":1364},{""x"":699,""y"":1313,""t"":1398},{""x"":682,""y"":1247,""t"":1432},{""x"":668,""y"":1175,""t"":1466},{""x"":672,""y"":1067,""t"":1500},{""x"":731,""y"":961,""t"":1534},{""x"":756,""y"":865,""t"":1567},{""x"":792,""y"":808,""t"":1603},{""x"":823,""y"":762,""t"":1634},{""x"":843,""y"":748,""t"":1669},{""x"":836,""y"":735,""t"":1705},{""x"":915,""y"":688,""t"":1738},{""x"":960,""y"":668,""t"":1771},{""x"":990,""y"":707,""t"":1805},{""x"":965,""y"":725,""t"":1839},{""x"":960,""y"":732,""t"":1875},{""x"":961,""y"":850,""t"":1907},{""x"":939,""y"":1043,""t"":1941},{""x"":888,""y"":1202,""t"":1976}]","[{""x"":250,""y"":425,""width"":80,""height"":80,""top"":385,""right"":290,""bottom"":465,""left"":210},{""x"":400,""y"":165.1923788646684,""width"":80,""height"":80,""top"":125.1923788646684,""right"":440,""bottom"":205.1923788646684,""left"":360},{""x"":700,""y"":165.1923788646684,""width"":80,""height"":80,""top"":125.1923788646684,""right"":740,""bottom"":205.1923788646684,""left"":660},{""x"":850,""y"":425,""width"":80,""height"":80,""top"":385,""right"":890,""bottom"":465,""left"":810},{""x"":700,""y"":684.8076211353316,""width"":80,""height"":80,""top"":644.8076211353316,""right"":740,""bottom"":724.8076211353316,""left"":660},{""x"":400,""y"":684.8076211353316,""width"":80,""height"":80,""top"":644.8076211353316,""right"":440,""bottom"":724.8076211353316,""left"":360}]","{""#container"":{""x"":410,""y"":129.390625,""width"":1100,""height"":850,""top"":129.390625,""right"":1510,""bottom"":979.390625,""left"":410}}","[{'red': 0}, {'cyan': 12}, {'purple': 2}, {'green': 0}, {'blue': 0}, {'yellow': 16}]",{'purple': 2},yellow
56,,,,824.0,9.0,9.0,"[""red"",""green"",""purple"",""cyan"",""yellow"",""blue""]",purple_1,True,"[{""x"":861,""y"":1146,""t"":3},{""x"":846,""y"":1078,""t"":40},{""x"":826,""y"":980,""t"":72},{""x"":828,""y"":933,""t"":107},{""x"":802,""y"":836,""t"":140},{""x"":796,""y"":765,""t"":174},{""x"":757,""y"":694,""t"":208},{""x"":804,""y"":570,""t"":242},{""x"":845,""y"":520,""t"":277},{""x"":885,""y"":450,""t"":310},{""x"":852,""y"":462,""t"":344},{""x"":873,""y"":485,""t"":378},{""x"":867,""y"":501,""t"":411},{""x"":870,""y"":630,""t"":445},{""x"":819,""y"":820,""t"":480},{""x"":783,""y"":987,""t"":514},{""x"":754,""y"":1094,""t"":548},{""x"":723,""y"":1138,""t"":582},{""x"":671,""y"":1136,""t"":617},{""x"":679,""y"":1047,""t"":650},{""x"":697,""y"":917,""t"":684},{""x"":705,""y"":847,""t"":717},{""x"":746,""y"":691,""t"":751},{""x"":762,""y"":600,""t"":785},{""x"":789,""y"":570,""t"":821},{""x"":791,""y"":498,""t"":854},{""x"":810,""y"":416,""t"":887},{""x"":809,""y"":363,""t"":922},{""x"":802,""y"":342,""t"":956},{""x"":819,""y"":282,""t"":990},{""x"":803,""y"":290,""t"":1024},{""x"":789,""y"":303,""t"":1055},{""x"":782,""y"":356,""t"":1092},{""x"":794,""y"":390,""t"":1125},{""x"":793,""y"":384,""t"":1160},{""x"":775,""y"":471,""t"":1193},{""x"":740,""y"":524,""t"":1229},{""x"":734,""y"":522,""t"":1262},{""x"":759,""y"":552,""t"":1296},{""x"":822,""y"":528,""t"":1329},{""x"":869,""y"":521,""t"":1364},{""x"":855,""y"":551,""t"":1398},{""x"":887,""y"":538,""t"":1433},{""x"":912,""y"":527,""t"":1464},{""x"":897,""y"":514,""t"":1499},{""x"":906,""y"":542,""t"":1534},{""x"":937,""y"":585,""t"":1568},{""x"":936,""y"":625,""t"":1603},{""x"":972,""y"":628,""t"":1636},{""x"":909,""y"":640,""t"":1670},{""x"":912,""y"":657,""t"":1704},{""x"":937,""y"":616,""t"":1738},{""x"":966,""y"":601,""t"":1772},{""x"":961,""y"":610,""t"":1806},{""x"":982,""y"":581,""t"":1839},{""x"":951,""y"":593,""t"":1874},{""x"":980,""y"":620,""t"":1907},{""x"":1022,""y"":547,""t"":1941},{""x"":980,""y"":689,""t"":1976}]","[{""x"":250,""y"":425,""width"":80,""height"":80,""top"":385,""right"":290,""bottom"":465,""left"":210},{""x"":400,""y"":165.1923788646684,""width"":80,""height"":80,""top"":125.1923788646684,""right"":440,""bottom"":205.1923788646684,""left"":360},{""x"":700,""y"":165.1923788646684,""width"":80,""height"":80,""top"":125.1923788646684,""right"":740,""bottom"":205.1923788646684,""left"":660},{""x"":850,""y"":425,""width"":80,""height"":80,""top"":385,""right"":890,""bottom"":465,""left"":810},{""x"":700,""y"":684.8076211353316,""width"":80,""height"":80,""top"":644.8076211353316,""right"":740,""bottom"":724.8076211353316,""left"":660},{""x"":400,""y"":684.8076211353316,""width"":80,""height"":80,""top"":644.8076211353316,""right"":440,""bottom"":724.8076211353316,""left"":360}]","{""#container"":{""x"":410,""y"":129.390625,""width"":1100,""height"":850,""top"":129.390625,""right"":1510,""bottom"":979.390625,""left"":410}}","[{'red': 8}, {'green': 9}, {'purple': 0}, {'cyan': 0}, {'yellow': 0}, {'blue': 7}]",,green
57,,,,714.0,6.0,7.0,"[""blue"",""cyan"",""yellow"",""green"",""purple"",""red""]",cyan,False,"[{""x"":938,""y"":642,""t"":4},{""x"":903,""y"":648,""t"":40},{""x"":846,""y"":617,""t"":72},{""x"":851,""y"":685,""t"":106},{""x"":831,""y"":648,""t"":140},{""x"":784,""y"":605,""t"":174},{""x"":755,""y"":642,""t"":208},{""x"":824,""y"":625,""t"":242},{""x"":796,""y"":604,""t"":277},{""x"":770,""y"":632,""t"":310},{""x"":788,""y"":624,""t"":343},{""x"":735,""y"":720,""t"":377},{""x"":703,""y"":951,""t"":412},{""x"":662,""y"":1179,""t"":447},{""x"":636,""y"":1313,""t"":479},{""x"":657,""y"":1284,""t"":513},{""x"":656,""y"":1228,""t"":548},{""x"":658,""y"":1174,""t"":579},{""x"":695,""y"":1097,""t"":616},{""x"":731,""y"":946,""t"":650},{""x"":749,""y"":814,""t"":683},{""x"":784,""y"":741,""t"":718},{""x"":778,""y"":679,""t"":752},{""x"":753,""y"":893,""t"":785},{""x"":749,""y"":1009,""t"":820},{""x"":720,""y"":1021,""t"":853},{""x"":729,""y"":1012,""t"":888},{""x"":755,""y"":885,""t"":922},{""x"":755,""y"":802,""t"":955},{""x"":776,""y"":721,""t"":987},{""x"":781,""y"":674,""t"":1024},{""x"":780,""y"":565,""t"":1057},{""x"":794,""y"":533,""t"":1092},{""x"":809,""y"":500,""t"":1126},{""x"":825,""y"":465,""t"":1160},{""x"":808,""y"":392,""t"":1194},{""x"":788,""y"":367,""t"":1227},{""x"":772,""y"":342,""t"":1262},{""x"":771,""y"":345,""t"":1295},{""x"":785,""y"":379,""t"":1330},{""x"":794,""y"":402,""t"":1364},{""x"":811,""y"":373,""t"":1398},{""x"":834,""y"":442,""t"":1431},{""x"":853,""y"":475,""t"":1465},{""x"":858,""y"":500,""t"":1500},{""x"":860,""y"":526,""t"":1533},{""x"":889,""y"":544,""t"":1568},{""x"":867,""y"":555,""t"":1602},{""x"":885,""y"":546,""t"":1636},{""x"":853,""y"":583,""t"":1669},{""x"":838,""y"":523,""t"":1703},{""x"":830,""y"":567,""t"":1738},{""x"":823,""y"":582,""t"":1772},{""x"":825,""y"":623,""t"":1805},{""x"":825,""y"":564,""t"":1839},{""x"":850,""y"":554,""t"":1873},{""x"":833,""y"":571,""t"":1907},{""x"":833,""y"":531,""t"":1941},{""x"":818,""y"":541,""t"":1975}]","[{""x"":250,""y"":425,""width"":80,""height"":80,""top"":385,""right"":290,""bottom"":465,""left"":210},{""x"":400,""y"":165.1923788646684,""width"":80,""height"":80,""top"":125.1923788646684,""right"":440,""bottom"":205.1923788646684,""left"":360},{""x"":700,""y"":165.1923788646684,""width"":80,""height"":80,""top"":125.1923788646684,""right"":740,""bottom"":205.1923788646684,""left"":660},{""x"":850,""y"":425,""width"":80,""height"":80,""top"":385,""right"":890,""bottom"":465,""left"":810},{""x"":700,""y"":684.8076211353316,""width"":80,""height"":80,""top"":644.8076211353316,""right"":740,""bottom"":724.8076211353316,""left"":660},{""x"":400,""y"":684.8076211353316,""width"":80,""height"":80,""top"":644.8076211353316,""right"":440,""bottom"":724.8076211353316,""left"":360}]","{""#container"":{""x"":410,""y"":129.390625,""width"":1100,""height"":850,""top"":129.390625,""right"":1510,""bottom"":979.390625,""left"":410}}","[{'blue': 7}, {'cyan': 8}, {'yellow': 0}, {'green': 0}, {'purple': 0}, {'red': 10}]",{'cyan': 8},red
58,,,,938.0,1.0,1.0,"[""red"",""purple"",""blue"",""green"",""cyan"",""yellow""]",yellow,True,"[{""x"":807,""y"":558,""t"":3},{""x"":831,""y"":574,""t"":39},{""x"":847,""y"":582,""t"":72},{""x"":835,""y"":618,""t"":106},{""x"":822,""y"":623,""t"":140},{""x"":830,""y"":646,""t"":174},{""x"":846,""y"":644,""t"":209},{""x"":815,""y"":645,""t"":241},{""x"":828,""y"":624,""t"":276},{""x"":834,""y"":612,""t"":310},{""x"":831,""y"":595,""t"":344},{""x"":835,""y"":582,""t"":378},{""x"":798,""y"":614,""t"":412},{""x"":796,""y"":603,""t"":446},{""x"":770,""y"":596,""t"":479},{""x"":772,""y"":593,""t"":513},{""x"":766,""y"":606,""t"":548},{""x"":732,""y"":759,""t"":582},{""x"":702,""y"":971,""t"":616},{""x"":666,""y"":1137,""t"":650},{""x"":649,""y"":1189,""t"":684},{""x"":660,""y"":1220,""t"":719},{""x"":680,""y"":1163,""t"":753},{""x"":691,""y"":1133,""t"":784},{""x"":688,""y"":1030,""t"":820},{""x"":696,""y"":935,""t"":854},{""x"":746,""y"":872,""t"":889},{""x"":753,""y"":819,""t"":922},{""x"":767,""y"":783,""t"":956},{""x"":744,""y"":703,""t"":991},{""x"":773,""y"":657,""t"":1023},{""x"":830,""y"":614,""t"":1058},{""x"":858,""y"":563,""t"":1092},{""x"":874,""y"":520,""t"":1125},{""x"":860,""y"":535,""t"":1159},{""x"":843,""y"":572,""t"":1192},{""x"":862,""y"":584,""t"":1228},{""x"":860,""y"":612,""t"":1261},{""x"":854,""y"":630,""t"":1297},{""x"":853,""y"":633,""t"":1329},{""x"":867,""y"":652,""t"":1365},{""x"":848,""y"":662,""t"":1397},{""x"":839,""y"":658,""t"":1431},{""x"":834,""y"":636,""t"":1466},{""x"":839,""y"":615,""t"":1499},{""x"":841,""y"":624,""t"":1534},{""x"":817,""y"":623,""t"":1568},{""x"":823,""y"":639,""t"":1602},{""x"":803,""y"":651,""t"":1636},{""x"":804,""y"":653,""t"":1670},{""x"":801,""y"":709,""t"":1705},{""x"":776,""y"":900,""t"":1738},{""x"":759,""y"":1109,""t"":1772},{""x"":758,""y"":1276,""t"":1805},{""x"":718,""y"":1287,""t"":1840},{""x"":660,""y"":1248,""t"":1873},{""x"":641,""y"":1199,""t"":1909},{""x"":631,""y"":1100,""t"":1941},{""x"":662,""y"":1045,""t"":1976}]","[{""x"":250,""y"":425,""width"":80,""height"":80,""top"":385,""right"":290,""bottom"":465,""left"":210},{""x"":400,""y"":165.1923788646684,""width"":80,""height"":80,""top"":125.1923788646684,""right"":440,""bottom"":205.1923788646684,""left"":360},{""x"":700,""y"":165.1923788646684,""width"":80,""height"":80,""top"":125.1923788646684,""right"":740,""bottom"":205.1923788646684,""left"":660},{""x"":850,""y"":425,""width"":80,""height"":80,""top"":385,""right"":890,""bottom"":465,""left"":810},{""x"":700,""y"":684.8076211353316,""width"":80,""height"":80,""top"":644.8076211353316,""right"":740,""bottom"":724.8076211353316,""left"":660},{""x"":400,""y"":684.8076211353316,""width"":80,""height"":80,""top"":644.8076211353316,""right"":440,""bottom"":724.8076211353316,""left"":360}]","{""#container"":{""x"":410,""y"":129.390625,""width"":1100,""height"":850,""top"":129.390625,""right"":1510,""bottom"":979.390625,""left"":410}}","[{'red': 5}, {'purple': 0}, {'blue': 0}, {'green': 0}, {'cyan': 0}, {'yellow': 7}]",{'yellow': 7},yellow
59,,,,471.0,6.0,6.0,"[""green"",""cyan"",""blue"",""yellow"",""purple"",""red""]",yellow_1,True,"[{""x"":698,""y"":859,""t"":3},{""x"":737,""y"":792,""t"":38},{""x"":753,""y"":762,""t"":72},{""x"":785,""y"":733,""t"":106},{""x"":818,""y"":719,""t"":140},{""x"":839,""y"":678,""t"":173},{""x"":833,""y"":662,""t"":208},{""x"":813,""y"":680,""t"":243},{""x"":828,""y"":667,""t"":276},{""x"":796,""y"":642,""t"":310},{""x"":790,""y"":618,""t"":344},{""x"":761,""y"":753,""t"":378},{""x"":736,""y"":914,""t"":412},{""x"":717,""y"":1073,""t"":446},{""x"":656,""y"":1116,""t"":480},{""x"":652,""y"":1102,""t"":514},{""x"":708,""y"":1031,""t"":547},{""x"":756,""y"":957,""t"":582},{""x"":779,""y"":883,""t"":615},{""x"":823,""y"":795,""t"":650},{""x"":820,""y"":633,""t"":684},{""x"":827,""y"":536,""t"":718},{""x"":830,""y"":466,""t"":752},{""x"":839,""y"":430,""t"":786},{""x"":862,""y"":380,""t"":820},{""x"":877,""y"":386,""t"":854},{""x"":894,""y"":519,""t"":888},{""x"":851,""y"":727,""t"":921},{""x"":814,""y"":935,""t"":955},{""x"":760,""y"":1000,""t"":990},{""x"":701,""y"":1037,""t"":1023},{""x"":685,""y"":1057,""t"":1058},{""x"":704,""y"":1021,""t"":1092},{""x"":725,""y"":951,""t"":1125},{""x"":736,""y"":845,""t"":1161},{""x"":765,""y"":816,""t"":1194},{""x"":767,""y"":784,""t"":1228},{""x"":798,""y"":765,""t"":1261},{""x"":818,""y"":699,""t"":1296},{""x"":821,""y"":635,""t"":1331},{""x"":817,""y"":600,""t"":1362},{""x"":818,""y"":620,""t"":1398},{""x"":825,""y"":600,""t"":1432},{""x"":835,""y"":592,""t"":1466},{""x"":816,""y"":566,""t"":1500},{""x"":801,""y"":571,""t"":1533},{""x"":794,""y"":590,""t"":1569},{""x"":797,""y"":588,""t"":1602},{""x"":770,""y"":593,""t"":1636},{""x"":757,""y"":627,""t"":1669},{""x"":779,""y"":672,""t"":1704},{""x"":806,""y"":683,""t"":1738},{""x"":813,""y"":689,""t"":1770},{""x"":805,""y"":700,""t"":1805},{""x"":783,""y"":685,""t"":1840},{""x"":809,""y"":688,""t"":1873},{""x"":906,""y"":646,""t"":1909},{""x"":957,""y"":648,""t"":1943},{""x"":960,""y"":673,""t"":1976}]","[{""x"":250,""y"":425,""width"":80,""height"":80,""top"":385,""right"":290,""bottom"":465,""left"":210},{""x"":400,""y"":165.1923788646684,""width"":80,""height"":80,""top"":125.1923788646684,""right"":440,""bottom"":205.1923788646684,""left"":360},{""x"":700,""y"":165.1923788646684,""width"":80,""height"":80,""top"":125.1923788646684,""right"":740,""bottom"":205.1923788646684,""left"":660},{""x"":850,""y"":425,""width"":80,""height"":80,""top"":385,""right"":890,""bottom"":465,""left"":810},{""x"":700,""y"":684.8076211353316,""width"":80,""height"":80,""top"":644.8076211353316,""right"":740,""bottom"":724.8076211353316,""left"":660},{""x"":400,""y"":684.8076211353316,""width"":80,""height"":80,""top"":644.8076211353316,""right"":440,""bottom"":724.8076211353316,""left"":360}]","{""#container"":{""x"":410,""y"":129.390625,""width"":1100,""height"":850,""top"":129.390625,""right"":1510,""bottom"":979.390625,""left"":410}}","[{'green': 6}, {'cyan': 3}, {'blue': 0}, {'yellow': 0}, {'purple': 0}, {'red': 25}]",,red
60,,,,397.0,1.0,1.0,"[""blue"",""green"",""red"",""cyan"",""yellow"",""purple""]",purple,True,"[{""x"":937,""y"":634,""t"":3},{""x"":935,""y"":670,""t"":38},{""x"":914,""y"":665,""t"":69},{""x"":893,""y"":633,""t"":105},{""x"":896,""y"":676,""t"":140},{""x"":888,""y"":625,""t"":176},{""x"":904,""y"":618,""t"":208},{""x"":895,""y"":605,""t"":242},{""x"":875,""y"":591,""t"":276},{""x"":853,""y"":515,""t"":310},{""x"":823,""y"":496,""t"":344},{""x"":798,""y"":452,""t"":379},{""x"":786,""y"":457,""t"":413},{""x"":823,""y"":461,""t"":446},{""x"":856,""y"":468,""t"":477},{""x"":846,""y"":445,""t"":513},{""x"":865,""y"":432,""t"":548},{""x"":833,""y"":435,""t"":582},{""x"":806,""y"":516,""t"":615},{""x"":750,""y"":760,""t"":650},{""x"":733,""y"":1032,""t"":684},{""x"":715,""y"":1138,""t"":719},{""x"":662,""y"":1102,""t"":752},{""x"":672,""y"":1080,""t"":786},{""x"":668,""y"":1057,""t"":820},{""x"":704,""y"":982,""t"":854},{""x"":736,""y"":847,""t"":888},{""x"":748,""y"":748,""t"":922},{""x"":766,""y"":683,""t"":956},{""x"":779,""y"":572,""t"":989},{""x"":813,""y"":535,""t"":1025},{""x"":794,""y"":465,""t"":1058},{""x"":796,""y"":428,""t"":1107},{""x"":818,""y"":415,""t"":1134},{""x"":827,""y"":400,""t"":1161},{""x"":814,""y"":446,""t"":1195},{""x"":843,""y"":522,""t"":1228},{""x"":846,""y"":530,""t"":1261},{""x"":839,""y"":540,""t"":1295},{""x"":816,""y"":551,""t"":1330},{""x"":813,""y"":627,""t"":1363},{""x"":803,""y"":648,""t"":1398},{""x"":787,""y"":676,""t"":1433},{""x"":786,""y"":646,""t"":1466},{""x"":799,""y"":660,""t"":1499},{""x"":801,""y"":606,""t"":1534},{""x"":814,""y"":625,""t"":1569},{""x"":792,""y"":614,""t"":1603},{""x"":796,""y"":648,""t"":1636},{""x"":822,""y"":691,""t"":1669},{""x"":834,""y"":666,""t"":1704},{""x"":873,""y"":664,""t"":1746},{""x"":878,""y"":684,""t"":1773},{""x"":876,""y"":691,""t"":1807},{""x"":875,""y"":724,""t"":1840},{""x"":876,""y"":715,""t"":1874},{""x"":886,""y"":733,""t"":1908},{""x"":861,""y"":747,""t"":1942},{""x"":829,""y"":902,""t"":1976}]","[{""x"":250,""y"":425,""width"":80,""height"":80,""top"":385,""right"":290,""bottom"":465,""left"":210},{""x"":400,""y"":165.1923788646684,""width"":80,""height"":80,""top"":125.1923788646684,""right"":440,""bottom"":205.1923788646684,""left"":360},{""x"":700,""y"":165.1923788646684,""width"":80,""height"":80,""top"":125.1923788646684,""right"":740,""bottom"":205.1923788646684,""left"":660},{""x"":850,""y"":425,""width"":80,""height"":80,""top"":385,""right"":890,""bottom"":465,""left"":810},{""x"":700,""y"":684.8076211353316,""width"":80,""height"":80,""top"":644.8076211353316,""right"":740,""bottom"":724.8076211353316,""left"":660},{""x"":400,""y"":684.8076211353316,""width"":80,""height"":80,""top"":644.8076211353316,""right"":440,""bottom"":724.8076211353316,""left"":360}]","{""#container"":{""x"":410,""y"":129.390625,""width"":1100,""height"":850,""top"":129.390625,""right"":1510,""bottom"":979.390625,""left"":410}}","[{'blue': 2}, {'green': 5}, {'red': 0}, {'cyan': 0}, {'yellow': 0}, {'purple': 13}]",{'purple': 13},purple
61,,,,429.0,1.0,1.0,"[""purple"",""yellow"",""cyan"",""green"",""blue"",""red""]",red,True,"[{""x"":825,""y"":800,""t"":4},{""x"":830,""y"":782,""t"":41},{""x"":822,""y"":764,""t"":72},{""x"":820,""y"":720,""t"":106},{""x"":804,""y"":683,""t"":140},{""x"":803,""y"":699,""t"":174},{""x"":808,""y"":630,""t"":208},{""x"":841,""y"":630,""t"":242},{""x"":840,""y"":609,""t"":277},{""x"":842,""y"":660,""t"":309},{""x"":836,""y"":636,""t"":343},{""x"":841,""y"":596,""t"":378},{""x"":823,""y"":572,""t"":412},{""x"":796,""y"":531,""t"":445},{""x"":788,""y"":471,""t"":479},{""x"":795,""y"":454,""t"":514},{""x"":778,""y"":550,""t"":548},{""x"":758,""y"":817,""t"":582},{""x"":740,""y"":1059,""t"":615},{""x"":703,""y"":1148,""t"":651},{""x"":669,""y"":1186,""t"":684},{""x"":668,""y"":1172,""t"":718},{""x"":665,""y"":1084,""t"":752},{""x"":710,""y"":999,""t"":786},{""x"":712,""y"":831,""t"":820},{""x"":745,""y"":747,""t"":854},{""x"":763,""y"":635,""t"":888},{""x"":757,""y"":542,""t"":922},{""x"":737,""y"":512,""t"":956},{""x"":724,""y"":536,""t"":990},{""x"":732,""y"":586,""t"":1024},{""x"":712,""y"":563,""t"":1058},{""x"":676,""y"":575,""t"":1091},{""x"":679,""y"":600,""t"":1125},{""x"":685,""y"":569,""t"":1161},{""x"":711,""y"":533,""t"":1192},{""x"":709,""y"":592,""t"":1228},{""x"":699,""y"":563,""t"":1262},{""x"":704,""y"":591,""t"":1295},{""x"":703,""y"":584,""t"":1329},{""x"":722,""y"":610,""t"":1364},{""x"":735,""y"":549,""t"":1399},{""x"":744,""y"":524,""t"":1433},{""x"":753,""y"":511,""t"":1466},{""x"":747,""y"":518,""t"":1501},{""x"":794,""y"":542,""t"":1534},{""x"":783,""y"":583,""t"":1568},{""x"":818,""y"":638,""t"":1600},{""x"":815,""y"":618,""t"":1635},{""x"":795,""y"":618,""t"":1671},{""x"":780,""y"":638,""t"":1705},{""x"":780,""y"":684,""t"":1738},{""x"":809,""y"":740,""t"":1772},{""x"":822,""y"":754,""t"":1805},{""x"":834,""y"":722,""t"":1840},{""x"":906,""y"":721,""t"":1873},{""x"":937,""y"":703,""t"":1908},{""x"":913,""y"":666,""t"":1942},{""x"":914,""y"":665,""t"":1977}]","[{""x"":250,""y"":425,""width"":80,""height"":80,""top"":385,""right"":290,""bottom"":465,""left"":210},{""x"":400,""y"":165.1923788646684,""width"":80,""height"":80,""top"":125.1923788646684,""right"":440,""bottom"":205.1923788646684,""left"":360},{""x"":700,""y"":165.1923788646684,""width"":80,""height"":80,""top"":125.1923788646684,""right"":740,""bottom"":205.1923788646684,""left"":660},{""x"":850,""y"":425,""width"":80,""height"":80,""top"":385,""right"":890,""bottom"":465,""left"":810},{""x"":700,""y"":684.8076211353316,""width"":80,""height"":80,""top"":644.8076211353316,""right"":740,""bottom"":724.8076211353316,""left"":660},{""x"":400,""y"":684.8076211353316,""width"":80,""height"":80,""top"":644.8076211353316,""right"":440,""bottom"":724.8076211353316,""left"":360}]","{""#container"":{""x"":410,""y"":129.390625,""width"":1100,""height"":850,""top"":129.390625,""right"":1510,""bottom"":979.390625,""left"":410}}","[{'purple': 25}, {'yellow': 0}, {'cyan': 0}, {'green': 0}, {'blue': 0}, {'red': 14}]",{'red': 14},purple
62,,,,1029.0,7.0,7.0,"[""red"",""green"",""yellow"",""blue"",""purple"",""cyan""]",green_1,True,"[{""x"":890,""y"":762,""t"":4},{""x"":817,""y"":886,""t"":43},{""x"":804,""y"":1095,""t"":72},{""x"":759,""y"":1249,""t"":106},{""x"":709,""y"":1249,""t"":139},{""x"":653,""y"":1247,""t"":173},{""x"":654,""y"":1177,""t"":207},{""x"":683,""y"":1110,""t"":241},{""x"":728,""y"":1063,""t"":276},{""x"":770,""y"":934,""t"":310},{""x"":805,""y"":843,""t"":345},{""x"":803,""y"":732,""t"":378},{""x"":825,""y"":626,""t"":412},{""x"":855,""y"":604,""t"":446},{""x"":877,""y"":558,""t"":479},{""x"":894,""y"":520,""t"":515},{""x"":912,""y"":529,""t"":548},{""x"":905,""y"":532,""t"":581},{""x"":911,""y"":529,""t"":615},{""x"":910,""y"":502,""t"":650},{""x"":917,""y"":449,""t"":685},{""x"":921,""y"":407,""t"":716},{""x"":890,""y"":399,""t"":752},{""x"":911,""y"":425,""t"":787},{""x"":878,""y"":383,""t"":819},{""x"":891,""y"":439,""t"":853},{""x"":918,""y"":484,""t"":888},{""x"":919,""y"":501,""t"":922},{""x"":928,""y"":466,""t"":955},{""x"":927,""y"":454,""t"":990},{""x"":920,""y"":454,""t"":1023},{""x"":901,""y"":450,""t"":1058},{""x"":876,""y"":472,""t"":1092},{""x"":851,""y"":484,""t"":1125},{""x"":839,""y"":406,""t"":1160},{""x"":840,""y"":461,""t"":1193},{""x"":865,""y"":462,""t"":1228},{""x"":895,""y"":523,""t"":1262},{""x"":916,""y"":469,""t"":1295},{""x"":906,""y"":420,""t"":1330},{""x"":901,""y"":463,""t"":1364},{""x"":863,""y"":459,""t"":1398},{""x"":846,""y"":485,""t"":1432},{""x"":810,""y"":536,""t"":1465},{""x"":815,""y"":599,""t"":1501},{""x"":837,""y"":612,""t"":1535},{""x"":834,""y"":665,""t"":1567},{""x"":804,""y"":824,""t"":1602},{""x"":754,""y"":1064,""t"":1636},{""x"":723,""y"":1268,""t"":1670},{""x"":679,""y"":1357,""t"":1703},{""x"":652,""y"":1398,""t"":1738},{""x"":657,""y"":1377,""t"":1772},{""x"":665,""y"":1281,""t"":1806},{""x"":705,""y"":1197,""t"":1839},{""x"":733,""y"":1083,""t"":1874},{""x"":770,""y"":951,""t"":1908},{""x"":785,""y"":843,""t"":1942},{""x"":796,""y"":734,""t"":1976}]","[{""x"":250,""y"":425,""width"":80,""height"":80,""top"":385,""right"":290,""bottom"":465,""left"":210},{""x"":400,""y"":165.1923788646684,""width"":80,""height"":80,""top"":125.1923788646684,""right"":440,""bottom"":205.1923788646684,""left"":360},{""x"":700,""y"":165.1923788646684,""width"":80,""height"":80,""top"":125.1923788646684,""right"":740,""bottom"":205.1923788646684,""left"":660},{""x"":850,""y"":425,""width"":80,""height"":80,""top"":385,""right"":890,""bottom"":465,""left"":810},{""x"":700,""y"":684.8076211353316,""width"":80,""height"":80,""top"":644.8076211353316,""right"":740,""bottom"":724.8076211353316,""left"":660},{""x"":400,""y"":684.8076211353316,""width"":80,""height"":80,""top"":644.8076211353316,""right"":440,""bottom"":724.8076211353316,""left"":360}]","{""#container"":{""x"":410,""y"":129.390625,""width"":1100,""height"":850,""top"":129.390625,""right"":1510,""bottom"":979.390625,""left"":410}}","[{'red': 0}, {'green': 3}, {'yellow': 0}, {'blue': 0}, {'purple': 0}, {'cyan': 9}]",{'green_1': 3},cyan
63,,,,583.0,6.0,6.0,"[""cyan"",""blue"",""yellow"",""purple"",""green"",""red""]",purple,True,"[{""x"":811,""y"":684,""t"":4},{""x"":823,""y"":637,""t"":38},{""x"":790,""y"":645,""t"":72},{""x"":776,""y"":617,""t"":106},{""x"":769,""y"":565,""t"":139},{""x"":762,""y"":572,""t"":174},{""x"":751,""y"":600,""t"":208},{""x"":746,""y"":608,""t"":242},{""x"":760,""y"":590,""t"":276},{""x"":771,""y"":558,""t"":310},{""x"":767,""y"":566,""t"":344},{""x"":783,""y"":533,""t"":377},{""x"":788,""y"":507,""t"":409},{""x"":798,""y"":510,""t"":445},{""x"":797,""y"":489,""t"":480},{""x"":806,""y"":494,""t"":514},{""x"":805,""y"":507,""t"":547},{""x"":783,""y"":687,""t"":582},{""x"":765,""y"":932,""t"":616},{""x"":742,""y"":1087,""t"":650},{""x"":696,""y"":1138,""t"":684},{""x"":659,""y"":1131,""t"":718},{""x"":677,""y"":1083,""t"":752},{""x"":672,""y"":944,""t"":786},{""x"":691,""y"":755,""t"":820},{""x"":700,""y"":687,""t"":854},{""x"":719,""y"":604,""t"":887},{""x"":721,""y"":594,""t"":922},{""x"":733,""y"":512,""t"":956},{""x"":747,""y"":466,""t"":990},{""x"":762,""y"":444,""t"":1023},{""x"":740,""y"":462,""t"":1058},{""x"":723,""y"":392,""t"":1091},{""x"":704,""y"":369,""t"":1134},{""x"":688,""y"":353,""t"":1161},{""x"":657,""y"":365,""t"":1193},{""x"":631,""y"":364,""t"":1227},{""x"":636,""y"":459,""t"":1262},{""x"":616,""y"":514,""t"":1296},{""x"":672,""y"":520,""t"":1330},{""x"":656,""y"":487,""t"":1363},{""x"":641,""y"":507,""t"":1398},{""x"":651,""y"":519,""t"":1431},{""x"":674,""y"":491,""t"":1466},{""x"":694,""y"":511,""t"":1500},{""x"":725,""y"":533,""t"":1533},{""x"":744,""y"":522,""t"":1570},{""x"":773,""y"":511,""t"":1599},{""x"":785,""y"":519,""t"":1636},{""x"":790,""y"":580,""t"":1670},{""x"":842,""y"":627,""t"":1704},{""x"":871,""y"":635,""t"":1738},{""x"":861,""y"":643,""t"":1772},{""x"":868,""y"":705,""t"":1805},{""x"":851,""y"":701,""t"":1840},{""x"":850,""y"":722,""t"":1874},{""x"":858,""y"":760,""t"":1907},{""x"":837,""y"":752,""t"":1942},{""x"":830,""y"":762,""t"":1976}]","[{""x"":250,""y"":425,""width"":80,""height"":80,""top"":385,""right"":290,""bottom"":465,""left"":210},{""x"":400,""y"":165.1923788646684,""width"":80,""height"":80,""top"":125.1923788646684,""right"":440,""bottom"":205.1923788646684,""left"":360},{""x"":700,""y"":165.1923788646684,""width"":80,""height"":80,""top"":125.1923788646684,""right"":740,""bottom"":205.1923788646684,""left"":660},{""x"":850,""y"":425,""width"":80,""height"":80,""top"":385,""right"":890,""bottom"":465,""left"":810},{""x"":700,""y"":684.8076211353316,""width"":80,""height"":80,""top"":644.8076211353316,""right"":740,""bottom"":724.8076211353316,""left"":660},{""x"":400,""y"":684.8076211353316,""width"":80,""height"":80,""top"":644.8076211353316,""right"":440,""bottom"":724.8076211353316,""left"":360}]","{""#container"":{""x"":410,""y"":129.390625,""width"":1100,""height"":850,""top"":129.390625,""right"":1510,""bottom"":979.390625,""left"":410}}","[{'cyan': 30}, {'blue': 3}, {'yellow': 0}, {'purple': 0}, {'green': 0}, {'red': 10}]",,cyan
64,,,,557.0,9.0,9.0,"[""red"",""blue"",""yellow"",""cyan"",""purple"",""green""]",yellow,True,"[{""x"":816,""y"":750,""t"":4},{""x"":818,""y"":740,""t"":39},{""x"":821,""y"":657,""t"":73},{""x"":797,""y"":678,""t"":106},{""x"":807,""y"":679,""t"":140},{""x"":809,""y"":691,""t"":172},{""x"":812,""y"":675,""t"":207},{""x"":819,""y"":707,""t"":242},{""x"":818,""y"":715,""t"":278},{""x"":821,""y"":763,""t"":310},{""x"":810,""y"":774,""t"":344},{""x"":820,""y"":794,""t"":378},{""x"":827,""y"":751,""t"":412},{""x"":835,""y"":709,""t"":446},{""x"":825,""y"":737,""t"":480},{""x"":835,""y"":739,""t"":514},{""x"":804,""y"":809,""t"":547},{""x"":763,""y"":1005,""t"":581},{""x"":722,""y"":1184,""t"":617},{""x"":696,""y"":1249,""t"":650},{""x"":683,""y"":1252,""t"":684},{""x"":668,""y"":1187,""t"":718},{""x"":705,""y"":1090,""t"":752},{""x"":737,""y"":1015,""t"":786},{""x"":758,""y"":890,""t"":820},{""x"":792,""y"":786,""t"":854},{""x"":794,""y"":747,""t"":887},{""x"":797,""y"":686,""t"":922},{""x"":811,""y"":635,""t"":956},{""x"":832,""y"":524,""t"":989},{""x"":832,""y"":470,""t"":1024},{""x"":826,""y"":416,""t"":1058},{""x"":808,""y"":411,""t"":1092},{""x"":760,""y"":422,""t"":1127},{""x"":757,""y"":453,""t"":1160},{""x"":749,""y"":491,""t"":1193},{""x"":745,""y"":521,""t"":1228},{""x"":711,""y"":485,""t"":1262},{""x"":721,""y"":455,""t"":1297},{""x"":708,""y"":430,""t"":1331},{""x"":724,""y"":404,""t"":1364},{""x"":746,""y"":394,""t"":1398},{""x"":742,""y"":360,""t"":1432},{""x"":740,""y"":358,""t"":1466},{""x"":762,""y"":385,""t"":1501},{""x"":775,""y"":403,""t"":1534},{""x"":797,""y"":541,""t"":1568},{""x"":771,""y"":763,""t"":1602},{""x"":729,""y"":945,""t"":1636},{""x"":678,""y"":1008,""t"":1670},{""x"":687,""y"":938,""t"":1704},{""x"":693,""y"":825,""t"":1738},{""x"":700,""y"":723,""t"":1770},{""x"":723,""y"":695,""t"":1805},{""x"":704,""y"":670,""t"":1840},{""x"":709,""y"":606,""t"":1873},{""x"":675,""y"":594,""t"":1908},{""x"":650,""y"":579,""t"":1942},{""x"":651,""y"":586,""t"":1977}]","[{""x"":250,""y"":425,""width"":80,""height"":80,""top"":385,""right"":290,""bottom"":465,""left"":210},{""x"":400,""y"":165.1923788646684,""width"":80,""height"":80,""top"":125.1923788646684,""right"":440,""bottom"":205.1923788646684,""left"":360},{""x"":700,""y"":165.1923788646684,""width"":80,""height"":80,""top"":125.1923788646684,""right"":740,""bottom"":205.1923788646684,""left"":660},{""x"":850,""y"":425,""width"":80,""height"":80,""top"":385,""right"":890,""bottom"":465,""left"":810},{""x"":700,""y"":684.8076211353316,""width"":80,""height"":80,""top"":644.8076211353316,""right"":740,""bottom"":724.8076211353316,""left"":660},{""x"":400,""y"":684.8076211353316,""width"":80,""height"":80,""top"":644.8076211353316,""right"":440,""bottom"":724.8076211353316,""left"":360}]","{""#container"":{""x"":410,""y"":129.390625,""width"":1100,""height"":850,""top"":129.390625,""right"":1510,""bottom"":979.390625,""left"":410}}","[{'red': 12}, {'blue': 9}, {'yellow': 0}, {'cyan': 0}, {'purple': 0}, {'green': 24}]",,green
65,,,,670.0,7.0,7.0,"[""cyan"",""blue"",""red"",""purple"",""yellow"",""green""]",blue,True,"[{""x"":657,""y"":636,""t"":4},{""x"":692,""y"":646,""t"":38},{""x"":701,""y"":607,""t"":72},{""x"":697,""y"":618,""t"":106},{""x"":709,""y"":649,""t"":140},{""x"":735,""y"":616,""t"":174},{""x"":773,""y"":606,""t"":209},{""x"":813,""y"":611,""t"":243},{""x"":803,""y"":630,""t"":276},{""x"":801,""y"":586,""t"":310},{""x"":810,""y"":610,""t"":358},{""x"":821,""y"":595,""t"":381},{""x"":835,""y"":590,""t"":412},{""x"":850,""y"":536,""t"":446},{""x"":841,""y"":490,""t"":480},{""x"":844,""y"":480,""t"":515},{""x"":794,""y"":657,""t"":547},{""x"":773,""y"":913,""t"":582},{""x"":696,""y"":946,""t"":616},{""x"":679,""y"":969,""t"":650},{""x"":674,""y"":932,""t"":684},{""x"":672,""y"":896,""t"":715},{""x"":698,""y"":763,""t"":752},{""x"":694,""y"":674,""t"":786},{""x"":715,""y"":569,""t"":820},{""x"":737,""y"":502,""t"":854},{""x"":757,""y"":434,""t"":888},{""x"":762,""y"":346,""t"":922},{""x"":764,""y"":265,""t"":956},{""x"":772,""y"":254,""t"":991},{""x"":764,""y"":248,""t"":1025},{""x"":799,""y"":217,""t"":1057},{""x"":803,""y"":236,""t"":1092},{""x"":787,""y"":253,""t"":1123},{""x"":770,""y"":342,""t"":1161},{""x"":761,""y"":639,""t"":1195},{""x"":684,""y"":878,""t"":1228},{""x"":693,""y"":1061,""t"":1262},{""x"":688,""y"":1124,""t"":1296},{""x"":672,""y"":1128,""t"":1330},{""x"":674,""y"":1045,""t"":1364},{""x"":686,""y"":1009,""t"":1398},{""x"":723,""y"":856,""t"":1432},{""x"":739,""y"":707,""t"":1466},{""x"":779,""y"":656,""t"":1499},{""x"":762,""y"":580,""t"":1534},{""x"":745,""y"":555,""t"":1569},{""x"":748,""y"":486,""t"":1602},{""x"":749,""y"":430,""t"":1636},{""x"":764,""y"":390,""t"":1669},{""x"":738,""y"":395,""t"":1704},{""x"":706,""y"":384,""t"":1738},{""x"":705,""y"":408,""t"":1772},{""x"":654,""y"":409,""t"":1805},{""x"":642,""y"":461,""t"":1840},{""x"":581,""y"":476,""t"":1874},{""x"":582,""y"":441,""t"":1907},{""x"":607,""y"":411,""t"":1941},{""x"":598,""y"":362,""t"":1976}]","[{""x"":250,""y"":425,""width"":80,""height"":80,""top"":385,""right"":290,""bottom"":465,""left"":210},{""x"":400,""y"":165.1923788646684,""width"":80,""height"":80,""top"":125.1923788646684,""right"":440,""bottom"":205.1923788646684,""left"":360},{""x"":700,""y"":165.1923788646684,""width"":80,""height"":80,""top"":125.1923788646684,""right"":740,""bottom"":205.1923788646684,""left"":660},{""x"":850,""y"":425,""width"":80,""height"":80,""top"":385,""right"":890,""bottom"":465,""left"":810},{""x"":700,""y"":684.8076211353316,""width"":80,""height"":80,""top"":644.8076211353316,""right"":740,""bottom"":724.8076211353316,""left"":660},{""x"":400,""y"":684.8076211353316,""width"":80,""height"":80,""top"":644.8076211353316,""right"":440,""bottom"":724.8076211353316,""left"":360}]","{""#container"":{""x"":410,""y"":129.390625,""width"":1100,""height"":850,""top"":129.390625,""right"":1510,""bottom"":979.390625,""left"":410}}","[{'cyan': 19}, {'blue': 13}, {'red': 0}, {'purple': 0}, {'yellow': 0}, {'green': 5}]",{'blue': 13},cyan
66,syx,23.0,女,,,,,,,,,,,,
67,,,,727.0,6.0,6.0,"[""blue"",""red"",""yellow"",""green"",""purple"",""cyan""]",green,True,"[{""x"":1027,""y"":433,""t"":5},{""x"":1011,""y"":474,""t"":46},{""x"":1001,""y"":523,""t"":71},{""x"":990,""y"":535,""t"":115},{""x"":981,""y"":532,""t"":144},{""x"":973,""y"":557,""t"":174},{""x"":965,""y"":577,""t"":215},{""x"":945,""y"":565,""t"":242},{""x"":905,""y"":549,""t"":282},{""x"":869,""y"":531,""t"":307},{""x"":808,""y"":495,""t"":344},{""x"":777,""y"":446,""t"":378},{""x"":757,""y"":425,""t"":428},{""x"":745,""y"":394,""t"":451},{""x"":729,""y"":386,""t"":479},{""x"":718,""y"":381,""t"":517},{""x"":701,""y"":359,""t"":548},{""x"":679,""y"":334,""t"":586},{""x"":663,""y"":314,""t"":614},{""x"":663,""y"":311,""t"":650},{""x"":683,""y"":321,""t"":700},{""x"":694,""y"":321,""t"":723},{""x"":708,""y"":338,""t"":752},{""x"":768,""y"":365,""t"":796},{""x"":894,""y"":382,""t"":823},{""x"":991,""y"":382,""t"":854},{""x"":1063,""y"":396,""t"":896},{""x"":1144,""y"":394,""t"":922},{""x"":1195,""y"":388,""t"":972},{""x"":1252,""y"":392,""t"":995},{""x"":1279,""y"":405,""t"":1025},{""x"":1311,""y"":413,""t"":1068},{""x"":1326,""y"":454,""t"":1096},{""x"":1343,""y"":493,""t"":1126},{""x"":1346,""y"":543,""t"":1169},{""x"":1347,""y"":581,""t"":1196},{""x"":1331,""y"":605,""t"":1228},{""x"":1331,""y"":630,""t"":1267},{""x"":1328,""y"":653,""t"":1296},{""x"":1330,""y"":656,""t"":1340},{""x"":1324,""y"":656,""t"":1367},{""x"":1320,""y"":658,""t"":1399},{""x"":1309,""y"":653,""t"":1443},{""x"":1305,""y"":644,""t"":1470},{""x"":1299,""y"":639,""t"":1500},{""x"":1297,""y"":635,""t"":1542},{""x"":1294,""y"":634,""t"":1568},{""x"":1281,""y"":623,""t"":1607},{""x"":1274,""y"":617,""t"":1636},{""x"":1271,""y"":612,""t"":1674},{""x"":1271,""y"":604,""t"":1704},{""x"":1275,""y"":606,""t"":1743},{""x"":1283,""y"":605,""t"":1772},{""x"":1284,""y"":607,""t"":1811},{""x"":1289,""y"":611,""t"":1840},{""x"":1294,""y"":620,""t"":1881},{""x"":1291,""y"":632,""t"":1908},{""x"":1211,""y"":738,""t"":1946},{""x"":1145,""y"":830,""t"":1974}]","[{""x"":250,""y"":425,""width"":80,""height"":80,""top"":385,""right"":290,""bottom"":465,""left"":210},{""x"":400,""y"":165.1923788646684,""width"":80,""height"":80,""top"":125.1923788646684,""right"":440,""bottom"":205.1923788646684,""left"":360},{""x"":700,""y"":165.1923788646684,""width"":80,""height"":80,""top"":125.1923788646684,""right"":740,""bottom"":205.1923788646684,""left"":660},{""x"":850,""y"":425,""width"":80,""height"":80,""top"":385,""right"":890,""bottom"":465,""left"":810},{""x"":700,""y"":684.8076211353316,""width"":80,""height"":80,""top"":644.8076211353316,""right"":740,""bottom"":724.8076211353316,""left"":660},{""x"":400,""y"":684.8076211353316,""width"":80,""height"":80,""top"":644.8076211353316,""right"":440,""bottom"":724.8076211353316,""left"":360}]","{""#container"":{""x"":410,""y"":129.390625,""width"":1100,""height"":850,""top"":129.390625,""right"":1510,""bottom"":979.390625,""left"":410}}","[{'blue': 0}, {'red': 13}, {'yellow': 4}, {'green': 25}, {'purple': 2}, {'cyan': 0}]",{'green': 25},green
68,,,,1462.0,3.0,9.0,"[""purple"",""red"",""green"",""blue"",""yellow"",""cyan""]",green_1,False,"[{""x"":1038,""y"":723,""t"":5},{""x"":960,""y"":639,""t"":39},{""x"":900,""y"":563,""t"":98},{""x"":865,""y"":501,""t"":110},{""x"":845,""y"":456,""t"":140},{""x"":811,""y"":427,""t"":181},{""x"":804,""y"":386,""t"":210},{""x"":794,""y"":381,""t"":242},{""x"":772,""y"":339,""t"":278},{""x"":747,""y"":322,""t"":309},{""x"":729,""y"":287,""t"":359},{""x"":706,""y"":274,""t"":382},{""x"":714,""y"":264,""t"":412},{""x"":695,""y"":270,""t"":456},{""x"":686,""y"":281,""t"":483},{""x"":681,""y"":292,""t"":512},{""x"":674,""y"":294,""t"":550},{""x"":677,""y"":306,""t"":581},{""x"":683,""y"":307,""t"":631},{""x"":687,""y"":319,""t"":656},{""x"":676,""y"":335,""t"":684},{""x"":685,""y"":360,""t"":726},{""x"":676,""y"":369,""t"":754},{""x"":688,""y"":377,""t"":785},{""x"":710,""y"":380,""t"":830},{""x"":716,""y"":376,""t"":857},{""x"":733,""y"":359,""t"":888},{""x"":720,""y"":359,""t"":935},{""x"":722,""y"":353,""t"":959},{""x"":725,""y"":348,""t"":990},{""x"":715,""y"":354,""t"":1032},{""x"":696,""y"":352,""t"":1058},{""x"":684,""y"":355,""t"":1102},{""x"":685,""y"":373,""t"":1130},{""x"":673,""y"":414,""t"":1160},{""x"":654,""y"":495,""t"":1200},{""x"":655,""y"":542,""t"":1228},{""x"":647,""y"":571,""t"":1267},{""x"":667,""y"":602,""t"":1296},{""x"":648,""y"":643,""t"":1335},{""x"":649,""y"":656,""t"":1363},{""x"":645,""y"":686,""t"":1406},{""x"":643,""y"":683,""t"":1432},{""x"":632,""y"":689,""t"":1471},{""x"":620,""y"":685,""t"":1500},{""x"":655,""y"":727,""t"":1539},{""x"":685,""y"":768,""t"":1568},{""x"":719,""y"":784,""t"":1605},{""x"":761,""y"":821,""t"":1633},{""x"":794,""y"":818,""t"":1675},{""x"":807,""y"":845,""t"":1703},{""x"":818,""y"":836,""t"":1742},{""x"":828,""y"":834,""t"":1771},{""x"":851,""y"":870,""t"":1811},{""x"":842,""y"":858,""t"":1841},{""x"":845,""y"":856,""t"":1877},{""x"":851,""y"":831,""t"":1906},{""x"":844,""y"":863,""t"":1942}]","[{""x"":250,""y"":425,""width"":80,""height"":80,""top"":385,""right"":290,""bottom"":465,""left"":210},{""x"":400,""y"":165.1923788646684,""width"":80,""height"":80,""top"":125.1923788646684,""right"":440,""bottom"":205.1923788646684,""left"":360},{""x"":700,""y"":165.1923788646684,""width"":80,""height"":80,""top"":125.1923788646684,""right"":740,""bottom"":205.1923788646684,""left"":660},{""x"":850,""y"":425,""width"":80,""height"":80,""top"":385,""right"":890,""bottom"":465,""left"":810},{""x"":700,""y"":684.8076211353316,""width"":80,""height"":80,""top"":644.8076211353316,""right"":740,""bottom"":724.8076211353316,""left"":660},{""x"":400,""y"":684.8076211353316,""width"":80,""height"":80,""top"":644.8076211353316,""right"":440,""bottom"":724.8076211353316,""left"":360}]","{""#container"":{""x"":410,""y"":129.390625,""width"":1100,""height"":850,""top"":129.390625,""right"":1510,""bottom"":979.390625,""left"":410}}","[{'purple': 11}, {'red': 28}, {'green': 0}, {'blue': 0}, {'yellow': 1}, {'cyan': 12}]",,red
69,,,,885.0,4.0,4.0,"[""yellow"",""red"",""purple"",""cyan"",""green"",""blue""]",yellow,True,"[{""x"":899,""y"":808,""t"":5},{""x"":936,""y"":726,""t"":39},{""x"":961,""y"":646,""t"":75},{""x"":985,""y"":578,""t"":106},{""x"":989,""y"":533,""t"":155},{""x"":981,""y"":489,""t"":183},{""x"":964,""y"":454,""t"":208},{""x"":949,""y"":422,""t"":254},{""x"":924,""y"":398,""t"":279},{""x"":904,""y"":361,""t"":310},{""x"":861,""y"":327,""t"":345},{""x"":834,""y"":332,""t"":378},{""x"":805,""y"":331,""t"":428},{""x"":774,""y"":329,""t"":452},{""x"":752,""y"":339,""t"":479},{""x"":741,""y"":354,""t"":523},{""x"":735,""y"":361,""t"":550},{""x"":732,""y"":369,""t"":582},{""x"":737,""y"":366,""t"":625},{""x"":721,""y"":357,""t"":652},{""x"":733,""y"":368,""t"":685},{""x"":721,""y"":363,""t"":732},{""x"":712,""y"":353,""t"":759},{""x"":723,""y"":359,""t"":786},{""x"":696,""y"":359,""t"":829},{""x"":706,""y"":363,""t"":856},{""x"":697,""y"":364,""t"":888},{""x"":701,""y"":373,""t"":938},{""x"":706,""y"":381,""t"":959},{""x"":757,""y"":373,""t"":990},{""x"":851,""y"":394,""t"":1029},{""x"":935,""y"":377,""t"":1058},{""x"":1001,""y"":390,""t"":1101},{""x"":1050,""y"":362,""t"":1129},{""x"":1087,""y"":369,""t"":1160},{""x"":1122,""y"":351,""t"":1204},{""x"":1149,""y"":350,""t"":1228},{""x"":1166,""y"":341,""t"":1273},{""x"":1168,""y"":335,""t"":1296},{""x"":1182,""y"":337,""t"":1335},{""x"":1181,""y"":339,""t"":1364},{""x"":1182,""y"":326,""t"":1402},{""x"":1181,""y"":315,""t"":1430},{""x"":1169,""y"":331,""t"":1467},{""x"":1170,""y"":321,""t"":1508},{""x"":1169,""y"":320,""t"":1533},{""x"":1171,""y"":322,""t"":1575},{""x"":1174,""y"":320,""t"":1603},{""x"":1157,""y"":323,""t"":1642},{""x"":1153,""y"":314,""t"":1671},{""x"":1159,""y"":319,""t"":1706},{""x"":1148,""y"":328,""t"":1735},{""x"":1131,""y"":329,""t"":1788},{""x"":1120,""y"":301,""t"":1806},{""x"":1120,""y"":303,""t"":1852},{""x"":1118,""y"":311,""t"":1878},{""x"":1115,""y"":305,""t"":1906},{""x"":1106,""y"":306,""t"":1946},{""x"":1102,""y"":297,""t"":1973}]","[{""x"":250,""y"":425,""width"":80,""height"":80,""top"":385,""right"":290,""bottom"":465,""left"":210},{""x"":400,""y"":165.1923788646684,""width"":80,""height"":80,""top"":125.1923788646684,""right"":440,""bottom"":205.1923788646684,""left"":360},{""x"":700,""y"":165.1923788646684,""width"":80,""height"":80,""top"":125.1923788646684,""right"":740,""bottom"":205.1923788646684,""left"":660},{""x"":850,""y"":425,""width"":80,""height"":80,""top"":385,""right"":890,""bottom"":465,""left"":810},{""x"":700,""y"":684.8076211353316,""width"":80,""height"":80,""top"":644.8076211353316,""right"":740,""bottom"":724.8076211353316,""left"":660},{""x"":400,""y"":684.8076211353316,""width"":80,""height"":80,""top"":644.8076211353316,""right"":440,""bottom"":724.8076211353316,""left"":360}]","{""#container"":{""x"":410,""y"":129.390625,""width"":1100,""height"":850,""top"":129.390625,""right"":1510,""bottom"":979.390625,""left"":410}}","[{'yellow': 0}, {'red': 23}, {'purple': 27}, {'cyan': 0}, {'green': 0}, {'blue': 1}]",,purple
70,,,,1014.0,4.0,1.0,"[""green"",""yellow"",""blue"",""red"",""cyan"",""purple""]",purple,False,"[{""x"":1022,""y"":278,""t"":5},{""x"":960,""y"":311,""t"":46},{""x"":905,""y"":331,""t"":70},{""x"":872,""y"":348,""t"":107},{""x"":848,""y"":363,""t"":150},{""x"":831,""y"":373,""t"":178},{""x"":798,""y"":381,""t"":208},{""x"":773,""y"":387,""t"":251},{""x"":754,""y"":392,""t"":275},{""x"":751,""y"":372,""t"":314},{""x"":745,""y"":389,""t"":344},{""x"":738,""y"":376,""t"":378},{""x"":743,""y"":371,""t"":428},{""x"":740,""y"":363,""t"":447},{""x"":745,""y"":355,""t"":492},{""x"":729,""y"":341,""t"":519},{""x"":717,""y"":328,""t"":545},{""x"":719,""y"":341,""t"":585},{""x"":727,""y"":364,""t"":616},{""x"":720,""y"":376,""t"":650},{""x"":817,""y"":395,""t"":684},{""x"":905,""y"":388,""t"":733},{""x"":981,""y"":402,""t"":761},{""x"":1058,""y"":377,""t"":786},{""x"":1123,""y"":398,""t"":828},{""x"":1181,""y"":417,""t"":853},{""x"":1216,""y"":440,""t"":892},{""x"":1249,""y"":455,""t"":919},{""x"":1242,""y"":444,""t"":972},{""x"":1241,""y"":452,""t"":990},{""x"":1262,""y"":471,""t"":1036},{""x"":1282,""y"":500,""t"":1063},{""x"":1305,""y"":527,""t"":1092},{""x"":1306,""y"":542,""t"":1134},{""x"":1302,""y"":507,""t"":1160},{""x"":1311,""y"":515,""t"":1202},{""x"":1315,""y"":540,""t"":1227},{""x"":1324,""y"":578,""t"":1271},{""x"":1309,""y"":599,""t"":1296},{""x"":1324,""y"":630,""t"":1338},{""x"":1323,""y"":649,""t"":1364},{""x"":1325,""y"":659,""t"":1405},{""x"":1332,""y"":676,""t"":1432},{""x"":1327,""y"":678,""t"":1471},{""x"":1307,""y"":681,""t"":1499},{""x"":1308,""y"":676,""t"":1538},{""x"":1303,""y"":675,""t"":1568},{""x"":1269,""y"":686,""t"":1609},{""x"":1213,""y"":703,""t"":1636},{""x"":1174,""y"":711,""t"":1674},{""x"":1139,""y"":728,""t"":1704},{""x"":1110,""y"":737,""t"":1754},{""x"":1092,""y"":767,""t"":1780},{""x"":1089,""y"":768,""t"":1806},{""x"":1073,""y"":750,""t"":1850},{""x"":1058,""y"":672,""t"":1877},{""x"":1022,""y"":603,""t"":1909},{""x"":1017,""y"":546,""t"":1946},{""x"":988,""y"":489,""t"":1976}]","[{""x"":250,""y"":425,""width"":80,""height"":80,""top"":385,""right"":290,""bottom"":465,""left"":210},{""x"":400,""y"":165.1923788646684,""width"":80,""height"":80,""top"":125.1923788646684,""right"":440,""bottom"":205.1923788646684,""left"":360},{""x"":700,""y"":165.1923788646684,""width"":80,""height"":80,""top"":125.1923788646684,""right"":740,""bottom"":205.1923788646684,""left"":660},{""x"":850,""y"":425,""width"":80,""height"":80,""top"":385,""right"":890,""bottom"":465,""left"":810},{""x"":700,""y"":684.8076211353316,""width"":80,""height"":80,""top"":644.8076211353316,""right"":740,""bottom"":724.8076211353316,""left"":660},{""x"":400,""y"":684.8076211353316,""width"":80,""height"":80,""top"":644.8076211353316,""right"":440,""bottom"":724.8076211353316,""left"":360}]","{""#container"":{""x"":410,""y"":129.390625,""width"":1100,""height"":850,""top"":129.390625,""right"":1510,""bottom"":979.390625,""left"":410}}","[{'green': 0}, {'yellow': 20}, {'blue': 4}, {'red': 22}, {'cyan': 6}, {'purple': 0}]",,red
71,,,,678.0,9.0,9.0,"[""green"",""red"",""yellow"",""blue"",""purple"",""cyan""]",yellow_1,True,"[{""x"":924,""y"":441,""t"":5},{""x"":873,""y"":387,""t"":47},{""x"":834,""y"":346,""t"":78},{""x"":805,""y"":315,""t"":103},{""x"":786,""y"":302,""t"":157},{""x"":780,""y"":306,""t"":176},{""x"":767,""y"":299,""t"":208},{""x"":765,""y"":312,""t"":252},{""x"":757,""y"":319,""t"":280},{""x"":738,""y"":315,""t"":310},{""x"":729,""y"":336,""t"":355},{""x"":719,""y"":345,""t"":383},{""x"":705,""y"":347,""t"":413},{""x"":706,""y"":369,""t"":460},{""x"":703,""y"":362,""t"":484},{""x"":714,""y"":367,""t"":514},{""x"":715,""y"":363,""t"":556},{""x"":711,""y"":376,""t"":583},{""x"":712,""y"":370,""t"":616},{""x"":724,""y"":385,""t"":659},{""x"":723,""y"":368,""t"":687},{""x"":734,""y"":361,""t"":718},{""x"":741,""y"":376,""t"":761},{""x"":753,""y"":366,""t"":788},{""x"":768,""y"":365,""t"":820},{""x"":830,""y"":355,""t"":860},{""x"":923,""y"":372,""t"":888},{""x"":1025,""y"":384,""t"":931},{""x"":1117,""y"":394,""t"":958},{""x"":1178,""y"":393,""t"":990},{""x"":1197,""y"":389,""t"":1033},{""x"":1221,""y"":386,""t"":1058},{""x"":1244,""y"":384,""t"":1097},{""x"":1254,""y"":383,""t"":1126},{""x"":1257,""y"":374,""t"":1162},{""x"":1239,""y"":363,""t"":1192},{""x"":1234,""y"":362,""t"":1236},{""x"":1239,""y"":371,""t"":1263},{""x"":1244,""y"":381,""t"":1302},{""x"":1255,""y"":388,""t"":1330},{""x"":1271,""y"":400,""t"":1370},{""x"":1278,""y"":408,""t"":1396},{""x"":1290,""y"":429,""t"":1434},{""x"":1298,""y"":493,""t"":1465},{""x"":1304,""y"":550,""t"":1516},{""x"":1308,""y"":597,""t"":1534},{""x"":1313,""y"":621,""t"":1575},{""x"":1320,""y"":630,""t"":1600},{""x"":1322,""y"":648,""t"":1641},{""x"":1325,""y"":657,""t"":1671},{""x"":1329,""y"":678,""t"":1707},{""x"":1321,""y"":682,""t"":1735},{""x"":1250,""y"":712,""t"":1790},{""x"":1193,""y"":720,""t"":1807},{""x"":1149,""y"":758,""t"":1852},{""x"":1119,""y"":796,""t"":1879},{""x"":1095,""y"":827,""t"":1908},{""x"":1072,""y"":853,""t"":1950},{""x"":1062,""y"":863,""t"":1975}]","[{""x"":250,""y"":425,""width"":80,""height"":80,""top"":385,""right"":290,""bottom"":465,""left"":210},{""x"":400,""y"":165.1923788646684,""width"":80,""height"":80,""top"":125.1923788646684,""right"":440,""bottom"":205.1923788646684,""left"":360},{""x"":700,""y"":165.1923788646684,""width"":80,""height"":80,""top"":125.1923788646684,""right"":740,""bottom"":205.1923788646684,""left"":660},{""x"":850,""y"":425,""width"":80,""height"":80,""top"":385,""right"":890,""bottom"":465,""left"":810},{""x"":700,""y"":684.8076211353316,""width"":80,""height"":80,""top"":644.8076211353316,""right"":740,""bottom"":724.8076211353316,""left"":660},{""x"":400,""y"":684.8076211353316,""width"":80,""height"":80,""top"":644.8076211353316,""right"":440,""bottom"":724.8076211353316,""left"":360}]","{""#container"":{""x"":410,""y"":129.390625,""width"":1100,""height"":850,""top"":129.390625,""right"":1510,""bottom"":979.390625,""left"":410}}","[{'green': 0}, {'red': 26}, {'yellow': 8}, {'blue': 11}, {'purple': 6}, {'cyan': 0}]",{'yellow_1': 8},red
72,,,,519.0,6.0,6.0,"[""blue"",""green"",""yellow"",""cyan"",""red"",""purple""]",cyan,True,"[{""x"":1011,""y"":753,""t"":4},{""x"":973,""y"":678,""t"":35},{""x"":909,""y"":597,""t"":77},{""x"":872,""y"":530,""t"":103},{""x"":846,""y"":489,""t"":140},{""x"":820,""y"":438,""t"":174},{""x"":779,""y"":410,""t"":222},{""x"":747,""y"":374,""t"":246},{""x"":722,""y"":336,""t"":276},{""x"":706,""y"":327,""t"":318},{""x"":687,""y"":314,""t"":346},{""x"":680,""y"":302,""t"":378},{""x"":695,""y"":306,""t"":412},{""x"":678,""y"":312,""t"":462},{""x"":660,""y"":302,""t"":480},{""x"":663,""y"":302,""t"":526},{""x"":663,""y"":304,""t"":549},{""x"":661,""y"":302,""t"":581},{""x"":657,""y"":309,""t"":623},{""x"":667,""y"":328,""t"":651},{""x"":692,""y"":348,""t"":691},{""x"":715,""y"":357,""t"":718},{""x"":793,""y"":362,""t"":761},{""x"":921,""y"":394,""t"":788},{""x"":1025,""y"":412,""t"":820},{""x"":1091,""y"":425,""t"":862},{""x"":1165,""y"":447,""t"":889},{""x"":1224,""y"":468,""t"":922},{""x"":1263,""y"":471,""t"":961},{""x"":1293,""y"":467,""t"":989},{""x"":1297,""y"":458,""t"":1032},{""x"":1320,""y"":467,""t"":1059},{""x"":1327,""y"":463,""t"":1097},{""x"":1335,""y"":479,""t"":1126},{""x"":1310,""y"":464,""t"":1165},{""x"":1285,""y"":424,""t"":1192},{""x"":1283,""y"":424,""t"":1236},{""x"":1282,""y"":433,""t"":1263},{""x"":1287,""y"":439,""t"":1301},{""x"":1291,""y"":444,""t"":1330},{""x"":1261,""y"":433,""t"":1369},{""x"":1258,""y"":436,""t"":1397},{""x"":1254,""y"":452,""t"":1436},{""x"":1254,""y"":462,""t"":1466},{""x"":1258,""y"":472,""t"":1500},{""x"":1258,""y"":513,""t"":1547},{""x"":1277,""y"":522,""t"":1568},{""x"":1293,""y"":537,""t"":1602},{""x"":1296,""y"":557,""t"":1641},{""x"":1297,""y"":563,""t"":1670},{""x"":1302,""y"":574,""t"":1708},{""x"":1313,""y"":590,""t"":1736},{""x"":1310,""y"":596,""t"":1772},{""x"":1293,""y"":631,""t"":1822},{""x"":1279,""y"":660,""t"":1840},{""x"":1229,""y"":693,""t"":1886},{""x"":1184,""y"":736,""t"":1910},{""x"":1153,""y"":761,""t"":1942},{""x"":1118,""y"":778,""t"":1980}]","[{""x"":250,""y"":425,""width"":80,""height"":80,""top"":385,""right"":290,""bottom"":465,""left"":210},{""x"":400,""y"":165.1923788646684,""width"":80,""height"":80,""top"":125.1923788646684,""right"":440,""bottom"":205.1923788646684,""left"":360},{""x"":700,""y"":165.1923788646684,""width"":80,""height"":80,""top"":125.1923788646684,""right"":740,""bottom"":205.1923788646684,""left"":660},{""x"":850,""y"":425,""width"":80,""height"":80,""top"":385,""right"":890,""bottom"":465,""left"":810},{""x"":700,""y"":684.8076211353316,""width"":80,""height"":80,""top"":644.8076211353316,""right"":740,""bottom"":724.8076211353316,""left"":660},{""x"":400,""y"":684.8076211353316,""width"":80,""height"":80,""top"":644.8076211353316,""right"":440,""bottom"":724.8076211353316,""left"":360}]","{""#container"":{""x"":410,""y"":129.390625,""width"":1100,""height"":850,""top"":129.390625,""right"":1510,""bottom"":979.390625,""left"":410}}","[{'blue': 0}, {'green': 17}, {'yellow': 2}, {'cyan': 30}, {'red': 4}, {'purple': 0}]",{'cyan': 30},cyan
73,,,,578.0,1.0,1.0,"[""green"",""yellow"",""red"",""purple"",""blue"",""cyan""]",cyan_1,True,"[{""x"":1030,""y"":663,""t"":5},{""x"":957,""y"":573,""t"":39},{""x"":888,""y"":507,""t"":83},{""x"":840,""y"":456,""t"":110},{""x"":794,""y"":419,""t"":140},{""x"":765,""y"":402,""t"":185},{""x"":741,""y"":375,""t"":212},{""x"":730,""y"":350,""t"":242},{""x"":713,""y"":332,""t"":286},{""x"":711,""y"":312,""t"":315},{""x"":711,""y"":300,""t"":344},{""x"":688,""y"":310,""t"":388},{""x"":671,""y"":306,""t"":412},{""x"":646,""y"":311,""t"":455},{""x"":665,""y"":321,""t"":482},{""x"":653,""y"":332,""t"":514},{""x"":648,""y"":334,""t"":555},{""x"":644,""y"":336,""t"":583},{""x"":650,""y"":349,""t"":627},{""x"":646,""y"":353,""t"":650},{""x"":655,""y"":358,""t"":693},{""x"":645,""y"":350,""t"":721},{""x"":647,""y"":344,""t"":753},{""x"":645,""y"":343,""t"":796},{""x"":654,""y"":338,""t"":820},{""x"":658,""y"":338,""t"":854},{""x"":652,""y"":343,""t"":892},{""x"":682,""y"":361,""t"":919},{""x"":818,""y"":367,""t"":956},{""x"":925,""y"":394,""t"":996},{""x"":1019,""y"":394,""t"":1024},{""x"":1109,""y"":419,""t"":1068},{""x"":1172,""y"":446,""t"":1092},{""x"":1210,""y"":452,""t"":1132},{""x"":1250,""y"":465,""t"":1158},{""x"":1252,""y"":456,""t"":1196},{""x"":1273,""y"":467,""t"":1227},{""x"":1267,""y"":455,""t"":1278},{""x"":1271,""y"":455,""t"":1295},{""x"":1271,""y"":459,""t"":1341},{""x"":1269,""y"":465,""t"":1363},{""x"":1265,""y"":461,""t"":1401},{""x"":1233,""y"":430,""t"":1432},{""x"":1251,""y"":483,""t"":1468},{""x"":1264,""y"":528,""t"":1500},{""x"":1276,""y"":555,""t"":1534},{""x"":1278,""y"":584,""t"":1582},{""x"":1280,""y"":593,""t"":1608},{""x"":1287,""y"":608,""t"":1636},{""x"":1295,""y"":626,""t"":1678},{""x"":1297,""y"":644,""t"":1704},{""x"":1250,""y"":680,""t"":1747},{""x"":1202,""y"":716,""t"":1772},{""x"":1168,""y"":788,""t"":1817},{""x"":1137,""y"":803,""t"":1843},{""x"":1116,""y"":821,""t"":1873},{""x"":1099,""y"":867,""t"":1917},{""x"":1086,""y"":862,""t"":1944},{""x"":1075,""y"":860,""t"":1976}]","[{""x"":250,""y"":425,""width"":80,""height"":80,""top"":385,""right"":290,""bottom"":465,""left"":210},{""x"":400,""y"":165.1923788646684,""width"":80,""height"":80,""top"":125.1923788646684,""right"":440,""bottom"":205.1923788646684,""left"":360},{""x"":700,""y"":165.1923788646684,""width"":80,""height"":80,""top"":125.1923788646684,""right"":740,""bottom"":205.1923788646684,""left"":660},{""x"":850,""y"":425,""width"":80,""height"":80,""top"":385,""right"":890,""bottom"":465,""left"":810},{""x"":700,""y"":684.8076211353316,""width"":80,""height"":80,""top"":644.8076211353316,""right"":740,""bottom"":724.8076211353316,""left"":660},{""x"":400,""y"":684.8076211353316,""width"":80,""height"":80,""top"":644.8076211353316,""right"":440,""bottom"":724.8076211353316,""left"":360}]","{""#container"":{""x"":410,""y"":129.390625,""width"":1100,""height"":850,""top"":129.390625,""right"":1510,""bottom"":979.390625,""left"":410}}","[{'green': 0}, {'yellow': 12}, {'red': 2}, {'purple': 20}, {'blue': 7}, {'cyan': 0}]",,purple
74,,,,494.0,1.0,1.0,"[""red"",""blue"",""cyan"",""yellow"",""green"",""purple""]",purple_1,True,"[{""x"":1026,""y"":778,""t"":5},{""x"":968,""y"":692,""t"":39},{""x"":918,""y"":614,""t"":94},{""x"":901,""y"":550,""t"":109},{""x"":855,""y"":467,""t"":141},{""x"":828,""y"":407,""t"":181},{""x"":803,""y"":353,""t"":210},{""x"":775,""y"":308,""t"":242},{""x"":745,""y"":272,""t"":285},{""x"":738,""y"":271,""t"":310},{""x"":710,""y"":256,""t"":343},{""x"":690,""y"":264,""t"":381},{""x"":664,""y"":285,""t"":412},{""x"":645,""y"":306,""t"":452},{""x"":633,""y"":291,""t"":480},{""x"":665,""y"":305,""t"":522},{""x"":666,""y"":313,""t"":550},{""x"":691,""y"":330,""t"":582},{""x"":792,""y"":338,""t"":620},{""x"":879,""y"":347,""t"":650},{""x"":950,""y"":357,""t"":685},{""x"":1009,""y"":365,""t"":724},{""x"":1069,""y"":365,""t"":752},{""x"":1113,""y"":357,""t"":796},{""x"":1141,""y"":354,""t"":820},{""x"":1150,""y"":377,""t"":860},{""x"":1145,""y"":379,""t"":888},{""x"":1157,""y"":369,""t"":925},{""x"":1162,""y"":347,""t"":956},{""x"":1173,""y"":343,""t"":1007},{""x"":1180,""y"":340,""t"":1025},{""x"":1186,""y"":332,""t"":1070},{""x"":1209,""y"":340,""t"":1097},{""x"":1227,""y"":347,""t"":1124},{""x"":1242,""y"":343,""t"":1163},{""x"":1254,""y"":353,""t"":1194},{""x"":1263,""y"":377,""t"":1229},{""x"":1284,""y"":462,""t"":1278},{""x"":1302,""y"":520,""t"":1296},{""x"":1309,""y"":577,""t"":1342},{""x"":1311,""y"":601,""t"":1370},{""x"":1312,""y"":630,""t"":1397},{""x"":1307,""y"":655,""t"":1441},{""x"":1320,""y"":649,""t"":1466},{""x"":1316,""y"":659,""t"":1510},{""x"":1322,""y"":642,""t"":1534},{""x"":1317,""y"":632,""t"":1583},{""x"":1297,""y"":634,""t"":1610},{""x"":1241,""y"":654,""t"":1635},{""x"":1220,""y"":684,""t"":1679},{""x"":1207,""y"":716,""t"":1705},{""x"":1187,""y"":738,""t"":1738},{""x"":1174,""y"":752,""t"":1782},{""x"":1168,""y"":761,""t"":1808},{""x"":1157,""y"":776,""t"":1840},{""x"":1126,""y"":776,""t"":1883},{""x"":1085,""y"":781,""t"":1911},{""x"":1050,""y"":780,""t"":1942},{""x"":1036,""y"":781,""t"":1983}]","[{""x"":250,""y"":425,""width"":80,""height"":80,""top"":385,""right"":290,""bottom"":465,""left"":210},{""x"":400,""y"":165.1923788646684,""width"":80,""height"":80,""top"":125.1923788646684,""right"":440,""bottom"":205.1923788646684,""left"":360},{""x"":700,""y"":165.1923788646684,""width"":80,""height"":80,""top"":125.1923788646684,""right"":740,""bottom"":205.1923788646684,""left"":660},{""x"":850,""y"":425,""width"":80,""height"":80,""top"":385,""right"":890,""bottom"":465,""left"":810},{""x"":700,""y"":684.8076211353316,""width"":80,""height"":80,""top"":644.8076211353316,""right"":740,""bottom"":724.8076211353316,""left"":660},{""x"":400,""y"":684.8076211353316,""width"":80,""height"":80,""top"":644.8076211353316,""right"":440,""bottom"":724.8076211353316,""left"":360}]","{""#container"":{""x"":410,""y"":129.390625,""width"":1100,""height"":850,""top"":129.390625,""right"":1510,""bottom"":979.390625,""left"":410}}","[{'red': 0}, {'blue': 13}, {'cyan': 14}, {'yellow': 13}, {'green': 10}, {'purple': 0}]",,cyan
75,,,,597.0,6.0,6.0,"[""yellow"",""cyan"",""green"",""purple"",""red"",""blue""]",purple_1,True,"[{""x"":980,""y"":671,""t"":5},{""x"":931,""y"":565,""t"":39},{""x"":898,""y"":493,""t"":81},{""x"":877,""y"":429,""t"":109},{""x"":854,""y"":379,""t"":140},{""x"":848,""y"":344,""t"":190},{""x"":840,""y"":313,""t"":214},{""x"":835,""y"":288,""t"":242},{""x"":804,""y"":278,""t"":285},{""x"":763,""y"":269,""t"":315},{""x"":733,""y"":268,""t"":344},{""x"":731,""y"":270,""t"":384},{""x"":731,""y"":291,""t"":412},{""x"":722,""y"":299,""t"":451},{""x"":711,""y"":308,""t"":480},{""x"":707,""y"":328,""t"":523},{""x"":717,""y"":346,""t"":551},{""x"":725,""y"":363,""t"":581},{""x"":728,""y"":380,""t"":621},{""x"":714,""y"":387,""t"":650},{""x"":710,""y"":386,""t"":693},{""x"":705,""y"":397,""t"":718},{""x"":704,""y"":412,""t"":757},{""x"":705,""y"":418,""t"":785},{""x"":741,""y"":418,""t"":824},{""x"":845,""y"":428,""t"":854},{""x"":925,""y"":422,""t"":891},{""x"":991,""y"":415,""t"":919},{""x"":1054,""y"":417,""t"":961},{""x"":1094,""y"":430,""t"":990},{""x"":1133,""y"":407,""t"":1033},{""x"":1160,""y"":383,""t"":1057},{""x"":1177,""y"":373,""t"":1096},{""x"":1175,""y"":349,""t"":1126},{""x"":1180,""y"":324,""t"":1163},{""x"":1181,""y"":303,""t"":1191},{""x"":1173,""y"":291,""t"":1228},{""x"":1179,""y"":294,""t"":1262},{""x"":1179,""y"":302,""t"":1309},{""x"":1174,""y"":315,""t"":1335},{""x"":1168,""y"":327,""t"":1362},{""x"":1155,""y"":310,""t"":1404},{""x"":1143,""y"":295,""t"":1430},{""x"":1141,""y"":318,""t"":1467},{""x"":1136,""y"":323,""t"":1497},{""x"":1135,""y"":348,""t"":1549},{""x"":1132,""y"":353,""t"":1567},{""x"":1132,""y"":351,""t"":1613},{""x"":1136,""y"":339,""t"":1640},{""x"":1141,""y"":362,""t"":1670},{""x"":1179,""y"":457,""t"":1712},{""x"":1211,""y"":537,""t"":1736},{""x"":1237,""y"":593,""t"":1772},{""x"":1259,""y"":646,""t"":1821},{""x"":1266,""y"":684,""t"":1848},{""x"":1271,""y"":711,""t"":1874},{""x"":1235,""y"":717,""t"":1918},{""x"":1211,""y"":760,""t"":1941},{""x"":1178,""y"":777,""t"":1983}]","[{""x"":250,""y"":425,""width"":80,""height"":80,""top"":385,""right"":290,""bottom"":465,""left"":210},{""x"":400,""y"":165.1923788646684,""width"":80,""height"":80,""top"":125.1923788646684,""right"":440,""bottom"":205.1923788646684,""left"":360},{""x"":700,""y"":165.1923788646684,""width"":80,""height"":80,""top"":125.1923788646684,""right"":740,""bottom"":205.1923788646684,""left"":660},{""x"":850,""y"":425,""width"":80,""height"":80,""top"":385,""right"":890,""bottom"":465,""left"":810},{""x"":700,""y"":684.8076211353316,""width"":80,""height"":80,""top"":644.8076211353316,""right"":740,""bottom"":724.8076211353316,""left"":660},{""x"":400,""y"":684.8076211353316,""width"":80,""height"":80,""top"":644.8076211353316,""right"":440,""bottom"":724.8076211353316,""left"":360}]","{""#container"":{""x"":410,""y"":129.390625,""width"":1100,""height"":850,""top"":129.390625,""right"":1510,""bottom"":979.390625,""left"":410}}","[{'yellow': 2}, {'cyan': 20}, {'green': 22}, {'purple': 5}, {'red': 2}, {'blue': 0}]",{'purple_1': 5},green
76,,,,646.0,3.0,3.0,"[""blue"",""purple"",""yellow"",""cyan"",""green"",""red""]",green,True,"[{""x"":1114,""y"":700,""t"":5},{""x"":1036,""y"":621,""t"":44},{""x"":972,""y"":553,""t"":71},{""x"":923,""y"":494,""t"":107},{""x"":886,""y"":427,""t"":156},{""x"":858,""y"":371,""t"":174},{""x"":830,""y"":347,""t"":227},{""x"":802,""y"":316,""t"":252},{""x"":783,""y"":292,""t"":276},{""x"":753,""y"":291,""t"":310},{""x"":727,""y"":287,""t"":346},{""x"":708,""y"":287,""t"":375},{""x"":689,""y"":281,""t"":428},{""x"":684,""y"":306,""t"":451},{""x"":649,""y"":272,""t"":480},{""x"":643,""y"":269,""t"":528},{""x"":653,""y"":291,""t"":556},{""x"":695,""y"":426,""t"":585},{""x"":736,""y"":598,""t"":616},{""x"":766,""y"":692,""t"":650},{""x"":762,""y"":707,""t"":684},{""x"":796,""y"":662,""t"":732},{""x"":781,""y"":625,""t"":755},{""x"":789,""y"":587,""t"":786},{""x"":783,""y"":526,""t"":830},{""x"":759,""y"":474,""t"":855},{""x"":755,""y"":441,""t"":898},{""x"":747,""y"":415,""t"":924},{""x"":741,""y"":402,""t"":956},{""x"":724,""y"":371,""t"":996},{""x"":709,""y"":354,""t"":1023},{""x"":696,""y"":331,""t"":1068},{""x"":681,""y"":335,""t"":1094},{""x"":691,""y"":324,""t"":1126},{""x"":670,""y"":315,""t"":1166},{""x"":646,""y"":295,""t"":1193},{""x"":661,""y"":315,""t"":1235},{""x"":650,""y"":328,""t"":1262},{""x"":672,""y"":342,""t"":1305},{""x"":720,""y"":339,""t"":1332},{""x"":823,""y"":343,""t"":1364},{""x"":911,""y"":356,""t"":1402},{""x"":988,""y"":352,""t"":1431},{""x"":1063,""y"":362,""t"":1468},{""x"":1139,""y"":374,""t"":1500},{""x"":1194,""y"":383,""t"":1540},{""x"":1238,""y"":383,""t"":1568},{""x"":1249,""y"":378,""t"":1609},{""x"":1265,""y"":369,""t"":1636},{""x"":1257,""y"":363,""t"":1674},{""x"":1246,""y"":358,""t"":1701},{""x"":1232,""y"":356,""t"":1737},{""x"":1207,""y"":355,""t"":1788},{""x"":1187,""y"":348,""t"":1814},{""x"":1168,""y"":342,""t"":1839},{""x"":1147,""y"":331,""t"":1873},{""x"":1127,""y"":323,""t"":1913},{""x"":1118,""y"":325,""t"":1942},{""x"":1105,""y"":322,""t"":1977}]","[{""x"":250,""y"":425,""width"":80,""height"":80,""top"":385,""right"":290,""bottom"":465,""left"":210},{""x"":400,""y"":165.1923788646684,""width"":80,""height"":80,""top"":125.1923788646684,""right"":440,""bottom"":205.1923788646684,""left"":360},{""x"":700,""y"":165.1923788646684,""width"":80,""height"":80,""top"":125.1923788646684,""right"":740,""bottom"":205.1923788646684,""left"":660},{""x"":850,""y"":425,""width"":80,""height"":80,""top"":385,""right"":890,""bottom"":465,""left"":810},{""x"":700,""y"":684.8076211353316,""width"":80,""height"":80,""top"":644.8076211353316,""right"":740,""bottom"":724.8076211353316,""left"":660},{""x"":400,""y"":684.8076211353316,""width"":80,""height"":80,""top"":644.8076211353316,""right"":440,""bottom"":724.8076211353316,""left"":360}]","{""#container"":{""x"":410,""y"":129.390625,""width"":1100,""height"":850,""top"":129.390625,""right"":1510,""bottom"":979.390625,""left"":410}}","[{'blue': 7}, {'purple': 21}, {'yellow': 12}, {'cyan': 0}, {'green': 1}, {'red': 2}]",{'green': 1},purple
77,,,,685.0,3.0,3.0,"[""cyan"",""green"",""red"",""yellow"",""purple"",""blue""]",purple_1,True,"[{""x"":1063,""y"":338,""t"":5},{""x"":1025,""y"":351,""t"":39},{""x"":992,""y"":372,""t"":74},{""x"":959,""y"":376,""t"":106},{""x"":877,""y"":359,""t"":156},{""x"":843,""y"":362,""t"":175},{""x"":812,""y"":366,""t"":217},{""x"":793,""y"":371,""t"":242},{""x"":757,""y"":357,""t"":284},{""x"":719,""y"":335,""t"":309},{""x"":675,""y"":328,""t"":344},{""x"":636,""y"":310,""t"":378},{""x"":598,""y"":295,""t"":413},{""x"":627,""y"":304,""t"":459},{""x"":601,""y"":286,""t"":486},{""x"":613,""y"":293,""t"":514},{""x"":629,""y"":294,""t"":556},{""x"":643,""y"":300,""t"":582},{""x"":657,""y"":311,""t"":633},{""x"":670,""y"":321,""t"":651},{""x"":689,""y"":327,""t"":690},{""x"":701,""y"":325,""t"":717},{""x"":791,""y"":320,""t"":764},{""x"":882,""y"":326,""t"":791},{""x"":983,""y"":342,""t"":820},{""x"":1076,""y"":360,""t"":859},{""x"":1155,""y"":374,""t"":888},{""x"":1220,""y"":387,""t"":934},{""x"":1259,""y"":391,""t"":956},{""x"":1288,""y"":390,""t"":995},{""x"":1278,""y"":378,""t"":1023},{""x"":1299,""y"":375,""t"":1062},{""x"":1299,""y"":380,""t"":1092},{""x"":1311,""y"":381,""t"":1135},{""x"":1306,""y"":383,""t"":1161},{""x"":1309,""y"":391,""t"":1194},{""x"":1296,""y"":381,""t"":1234},{""x"":1290,""y"":369,""t"":1262},{""x"":1271,""y"":367,""t"":1305},{""x"":1240,""y"":363,""t"":1329},{""x"":1229,""y"":353,""t"":1368},{""x"":1225,""y"":359,""t"":1398},{""x"":1237,""y"":396,""t"":1434},{""x"":1245,""y"":425,""t"":1466},{""x"":1247,""y"":465,""t"":1506},{""x"":1250,""y"":474,""t"":1534},{""x"":1260,""y"":481,""t"":1572},{""x"":1267,""y"":495,""t"":1601},{""x"":1271,""y"":515,""t"":1642},{""x"":1273,""y"":546,""t"":1668},{""x"":1283,""y"":568,""t"":1706},{""x"":1283,""y"":588,""t"":1735},{""x"":1286,""y"":599,""t"":1787},{""x"":1292,""y"":603,""t"":1809},{""x"":1285,""y"":624,""t"":1839},{""x"":1287,""y"":630,""t"":1876},{""x"":1289,""y"":625,""t"":1908},{""x"":1290,""y"":619,""t"":1946},{""x"":1299,""y"":623,""t"":1973}]","[{""x"":250,""y"":425,""width"":80,""height"":80,""top"":385,""right"":290,""bottom"":465,""left"":210},{""x"":400,""y"":165.1923788646684,""width"":80,""height"":80,""top"":125.1923788646684,""right"":440,""bottom"":205.1923788646684,""left"":360},{""x"":700,""y"":165.1923788646684,""width"":80,""height"":80,""top"":125.1923788646684,""right"":740,""bottom"":205.1923788646684,""left"":660},{""x"":850,""y"":425,""width"":80,""height"":80,""top"":385,""right"":890,""bottom"":465,""left"":810},{""x"":700,""y"":684.8076211353316,""width"":80,""height"":80,""top"":644.8076211353316,""right"":740,""bottom"":724.8076211353316,""left"":660},{""x"":400,""y"":684.8076211353316,""width"":80,""height"":80,""top"":644.8076211353316,""right"":440,""bottom"":724.8076211353316,""left"":360}]","{""#container"":{""x"":410,""y"":129.390625,""width"":1100,""height"":850,""top"":129.390625,""right"":1510,""bottom"":979.390625,""left"":410}}","[{'cyan': 0}, {'green': 12}, {'red': 10}, {'yellow': 16}, {'purple': 0}, {'blue': 0}]",,yellow
78,,,,677.0,4.0,7.0,"[""green"",""blue"",""yellow"",""purple"",""cyan"",""red""]",blue,False,"[{""x"":1169,""y"":566,""t"":4},{""x"":1087,""y"":518,""t"":38},{""x"":997,""y"":490,""t"":81},{""x"":933,""y"":461,""t"":112},{""x"":871,""y"":421,""t"":141},{""x"":793,""y"":398,""t"":181},{""x"":720,""y"":365,""t"":211},{""x"":664,""y"":333,""t"":242},{""x"":624,""y"":331,""t"":289},{""x"":595,""y"":326,""t"":317},{""x"":607,""y"":332,""t"":345},{""x"":666,""y"":505,""t"":397},{""x"":689,""y"":623,""t"":416},{""x"":729,""y"":716,""t"":445},{""x"":727,""y"":684,""t"":497},{""x"":707,""y"":640,""t"":515},{""x"":675,""y"":597,""t"":556},{""x"":676,""y"":557,""t"":583},{""x"":666,""y"":504,""t"":625},{""x"":660,""y"":456,""t"":650},{""x"":652,""y"":432,""t"":684},{""x"":636,""y"":392,""t"":728},{""x"":660,""y"":384,""t"":757},{""x"":650,""y"":380,""t"":786},{""x"":675,""y"":371,""t"":825},{""x"":691,""y"":370,""t"":853},{""x"":688,""y"":357,""t"":897},{""x"":684,""y"":351,""t"":922},{""x"":696,""y"":360,""t"":962},{""x"":762,""y"":348,""t"":989},{""x"":891,""y"":361,""t"":1025},{""x"":996,""y"":356,""t"":1055},{""x"":1084,""y"":370,""t"":1107},{""x"":1154,""y"":383,""t"":1128},{""x"":1214,""y"":397,""t"":1160},{""x"":1256,""y"":412,""t"":1202},{""x"":1258,""y"":418,""t"":1227},{""x"":1244,""y"":418,""t"":1262},{""x"":1237,""y"":408,""t"":1297},{""x"":1217,""y"":412,""t"":1329},{""x"":1200,""y"":407,""t"":1379},{""x"":1207,""y"":424,""t"":1406},{""x"":1222,""y"":467,""t"":1433},{""x"":1243,""y"":489,""t"":1466},{""x"":1259,""y"":519,""t"":1508},{""x"":1272,""y"":527,""t"":1532},{""x"":1279,""y"":533,""t"":1569},{""x"":1290,""y"":553,""t"":1601},{""x"":1299,""y"":556,""t"":1652},{""x"":1288,""y"":575,""t"":1676},{""x"":1282,""y"":596,""t"":1704},{""x"":1279,""y"":614,""t"":1747},{""x"":1272,""y"":647,""t"":1774},{""x"":1236,""y"":674,""t"":1806},{""x"":1191,""y"":733,""t"":1845},{""x"":1156,""y"":782,""t"":1873},{""x"":1127,""y"":803,""t"":1923},{""x"":1101,""y"":829,""t"":1950},{""x"":1087,""y"":837,""t"":1978}]","[{""x"":250,""y"":425,""width"":80,""height"":80,""top"":385,""right"":290,""bottom"":465,""left"":210},{""x"":400,""y"":165.1923788646684,""width"":80,""height"":80,""top"":125.1923788646684,""right"":440,""bottom"":205.1923788646684,""left"":360},{""x"":700,""y"":165.1923788646684,""width"":80,""height"":80,""top"":125.1923788646684,""right"":740,""bottom"":205.1923788646684,""left"":660},{""x"":850,""y"":425,""width"":80,""height"":80,""top"":385,""right"":890,""bottom"":465,""left"":810},{""x"":700,""y"":684.8076211353316,""width"":80,""height"":80,""top"":644.8076211353316,""right"":740,""bottom"":724.8076211353316,""left"":660},{""x"":400,""y"":684.8076211353316,""width"":80,""height"":80,""top"":644.8076211353316,""right"":440,""bottom"":724.8076211353316,""left"":360}]","{""#container"":{""x"":410,""y"":129.390625,""width"":1100,""height"":850,""top"":129.390625,""right"":1510,""bottom"":979.390625,""left"":410}}","[{'green': 9}, {'blue': 9}, {'yellow': 5}, {'purple': 19}, {'cyan': 5}, {'red': 1}]",{'blue': 9},purple
79,,,,1077.0,9.0,1.0,"[""yellow"",""green"",""purple"",""red"",""blue"",""cyan""]",cyan,False,"[{""x"":1033,""y"":788,""t"":5},{""x"":965,""y"":696,""t"":39},{""x"":916,""y"":632,""t"":73},{""x"":889,""y"":580,""t"":118},{""x"":868,""y"":535,""t"":149},{""x"":835,""y"":490,""t"":177},{""x"":826,""y"":458,""t"":208},{""x"":835,""y"":442,""t"":253},{""x"":802,""y"":411,""t"":280},{""x"":762,""y"":385,""t"":309},{""x"":727,""y"":385,""t"":353},{""x"":755,""y"":534,""t"":378},{""x"":784,""y"":691,""t"":422},{""x"":800,""y"":782,""t"":445},{""x"":793,""y"":790,""t"":485},{""x"":768,""y"":757,""t"":513},{""x"":756,""y"":707,""t"":557},{""x"":770,""y"":641,""t"":582},{""x"":751,""y"":588,""t"":624},{""x"":754,""y"":517,""t"":650},{""x"":743,""y"":491,""t"":689},{""x"":744,""y"":454,""t"":718},{""x"":743,""y"":428,""t"":763},{""x"":742,""y"":421,""t"":786},{""x"":756,""y"":421,""t"":825},{""x"":765,""y"":404,""t"":854},{""x"":765,""y"":387,""t"":891},{""x"":766,""y"":365,""t"":922},{""x"":770,""y"":330,""t"":971},{""x"":785,""y"":322,""t"":994},{""x"":861,""y"":323,""t"":1024},{""x"":934,""y"":353,""t"":1067},{""x"":991,""y"":371,""t"":1092},{""x"":1039,""y"":386,""t"":1131},{""x"":1059,""y"":393,""t"":1158},{""x"":1107,""y"":405,""t"":1195},{""x"":1154,""y"":390,""t"":1227},{""x"":1182,""y"":401,""t"":1278},{""x"":1202,""y"":410,""t"":1294},{""x"":1222,""y"":414,""t"":1332},{""x"":1246,""y"":421,""t"":1364},{""x"":1251,""y"":434,""t"":1402},{""x"":1237,""y"":416,""t"":1432},{""x"":1239,""y"":401,""t"":1467},{""x"":1236,""y"":386,""t"":1499},{""x"":1235,""y"":382,""t"":1549},{""x"":1232,""y"":387,""t"":1572},{""x"":1219,""y"":381,""t"":1601},{""x"":1209,""y"":383,""t"":1645},{""x"":1184,""y"":379,""t"":1672},{""x"":1164,""y"":387,""t"":1702},{""x"":1134,""y"":502,""t"":1739},{""x"":1075,""y"":603,""t"":1771},{""x"":1038,""y"":635,""t"":1821},{""x"":1022,""y"":636,""t"":1848},{""x"":1040,""y"":586,""t"":1874},{""x"":1057,""y"":541,""t"":1917},{""x"":1061,""y"":505,""t"":1943},{""x"":1093,""y"":503,""t"":1984}]","[{""x"":250,""y"":425,""width"":80,""height"":80,""top"":385,""right"":290,""bottom"":465,""left"":210},{""x"":400,""y"":165.1923788646684,""width"":80,""height"":80,""top"":125.1923788646684,""right"":440,""bottom"":205.1923788646684,""left"":360},{""x"":700,""y"":165.1923788646684,""width"":80,""height"":80,""top"":125.1923788646684,""right"":740,""bottom"":205.1923788646684,""left"":660},{""x"":850,""y"":425,""width"":80,""height"":80,""top"":385,""right"":890,""bottom"":465,""left"":810},{""x"":700,""y"":684.8076211353316,""width"":80,""height"":80,""top"":644.8076211353316,""right"":740,""bottom"":724.8076211353316,""left"":660},{""x"":400,""y"":684.8076211353316,""width"":80,""height"":80,""top"":644.8076211353316,""right"":440,""bottom"":724.8076211353316,""left"":360}]","{""#container"":{""x"":410,""y"":129.390625,""width"":1100,""height"":850,""top"":129.390625,""right"":1510,""bottom"":979.390625,""left"":410}}","[{'yellow': 6}, {'green': 14}, {'purple': 11}, {'red': 5}, {'blue': 1}, {'cyan': 5}]",{'cyan': 5},green
80,,,,501.0,9.0,9.0,"[""blue"",""yellow"",""red"",""green"",""purple"",""cyan""]",red_1,True,"[{""x"":1035,""y"":447,""t"":4},{""x"":986,""y"":389,""t"":39},{""x"":975,""y"":360,""t"":75},{""x"":965,""y"":325,""t"":107},{""x"":942,""y"":293,""t"":157},{""x"":917,""y"":259,""t"":176},{""x"":888,""y"":236,""t"":208},{""x"":890,""y"":227,""t"":252},{""x"":881,""y"":214,""t"":280},{""x"":853,""y"":214,""t"":310},{""x"":829,""y"":236,""t"":346},{""x"":811,""y"":257,""t"":375},{""x"":764,""y"":247,""t"":428},{""x"":742,""y"":277,""t"":452},{""x"":770,""y"":459,""t"":480},{""x"":782,""y"":573,""t"":524},{""x"":776,""y"":637,""t"":552},{""x"":769,""y"":631,""t"":582},{""x"":775,""y"":589,""t"":625},{""x"":762,""y"":540,""t"":651},{""x"":768,""y"":504,""t"":696},{""x"":768,""y"":476,""t"":723},{""x"":772,""y"":435,""t"":751},{""x"":758,""y"":377,""t"":795},{""x"":747,""y"":347,""t"":823},{""x"":733,""y"":333,""t"":853},{""x"":737,""y"":331,""t"":895},{""x"":716,""y"":336,""t"":922},{""x"":700,""y"":326,""t"":965},{""x"":702,""y"":322,""t"":990},{""x"":692,""y"":325,""t"":1032},{""x"":696,""y"":327,""t"":1060},{""x"":682,""y"":337,""t"":1092},{""x"":681,""y"":331,""t"":1132},{""x"":690,""y"":330,""t"":1160},{""x"":700,""y"":322,""t"":1204},{""x"":726,""y"":324,""t"":1230},{""x"":721,""y"":324,""t"":1262},{""x"":755,""y"":328,""t"":1305},{""x"":772,""y"":334,""t"":1332},{""x"":792,""y"":335,""t"":1364},{""x"":802,""y"":334,""t"":1402},{""x"":844,""y"":354,""t"":1432},{""x"":949,""y"":390,""t"":1466},{""x"":1023,""y"":405,""t"":1502},{""x"":1076,""y"":419,""t"":1534},{""x"":1119,""y"":429,""t"":1577},{""x"":1147,""y"":422,""t"":1604},{""x"":1168,""y"":414,""t"":1637},{""x"":1177,""y"":413,""t"":1674},{""x"":1186,""y"":399,""t"":1703},{""x"":1192,""y"":401,""t"":1738},{""x"":1206,""y"":410,""t"":1772},{""x"":1214,""y"":420,""t"":1825},{""x"":1218,""y"":428,""t"":1843},{""x"":1217,""y"":417,""t"":1874},{""x"":1202,""y"":404,""t"":1911},{""x"":1202,""y"":382,""t"":1943},{""x"":1184,""y"":381,""t"":1978}]","[{""x"":250,""y"":425,""width"":80,""height"":80,""top"":385,""right"":290,""bottom"":465,""left"":210},{""x"":400,""y"":165.1923788646684,""width"":80,""height"":80,""top"":125.1923788646684,""right"":440,""bottom"":205.1923788646684,""left"":360},{""x"":700,""y"":165.1923788646684,""width"":80,""height"":80,""top"":125.1923788646684,""right"":740,""bottom"":205.1923788646684,""left"":660},{""x"":850,""y"":425,""width"":80,""height"":80,""top"":385,""right"":890,""bottom"":465,""left"":810},{""x"":700,""y"":684.8076211353316,""width"":80,""height"":80,""top"":644.8076211353316,""right"":740,""bottom"":724.8076211353316,""left"":660},{""x"":400,""y"":684.8076211353316,""width"":80,""height"":80,""top"":644.8076211353316,""right"":440,""bottom"":724.8076211353316,""left"":360}]","{""#container"":{""x"":410,""y"":129.390625,""width"":1100,""height"":850,""top"":129.390625,""right"":1510,""bottom"":979.390625,""left"":410}}","[{'blue': 8}, {'yellow': 31}, {'red': 12}, {'green': 3}, {'purple': 0}, {'cyan': 0}]",{'red_1': 12},yellow
81,,,,382.0,7.0,7.0,"[""blue"",""cyan"",""red"",""yellow"",""green"",""purple""]",cyan,True,"[{""x"":1130,""y"":387,""t"":5},{""x"":1069,""y"":385,""t"":44},{""x"":1016,""y"":367,""t"":75},{""x"":973,""y"":352,""t"":104},{""x"":931,""y"":334,""t"":149},{""x"":884,""y"":312,""t"":178},{""x"":846,""y"":300,""t"":208},{""x"":812,""y"":284,""t"":250},{""x"":787,""y"":271,""t"":275},{""x"":794,""y"":282,""t"":311},{""x"":741,""y"":266,""t"":346},{""x"":692,""y"":260,""t"":378},{""x"":724,""y"":414,""t"":428},{""x"":726,""y"":485,""t"":446},{""x"":736,""y"":552,""t"":483},{""x"":768,""y"":689,""t"":514},{""x"":774,""y"":717,""t"":554},{""x"":778,""y"":736,""t"":579},{""x"":737,""y"":663,""t"":618},{""x"":737,""y"":608,""t"":650},{""x"":739,""y"":533,""t"":699},{""x"":728,""y"":484,""t"":724},{""x"":712,""y"":428,""t"":752},{""x"":715,""y"":381,""t"":795},{""x"":708,""y"":337,""t"":822},{""x"":716,""y"":311,""t"":854},{""x"":720,""y"":262,""t"":890},{""x"":705,""y"":245,""t"":922},{""x"":720,""y"":228,""t"":972},{""x"":726,""y"":229,""t"":989},{""x"":740,""y"":242,""t"":1036},{""x"":739,""y"":244,""t"":1062},{""x"":743,""y"":256,""t"":1091},{""x"":748,""y"":248,""t"":1133},{""x"":750,""y"":264,""t"":1161},{""x"":755,""y"":276,""t"":1203},{""x"":749,""y"":286,""t"":1232},{""x"":733,""y"":294,""t"":1262},{""x"":728,""y"":307,""t"":1307},{""x"":706,""y"":342,""t"":1335},{""x"":710,""y"":414,""t"":1363},{""x"":708,""y"":488,""t"":1405},{""x"":717,""y"":543,""t"":1434},{""x"":719,""y"":585,""t"":1466},{""x"":730,""y"":620,""t"":1505},{""x"":760,""y"":678,""t"":1533},{""x"":806,""y"":759,""t"":1576},{""x"":825,""y"":810,""t"":1604},{""x"":851,""y"":870,""t"":1636},{""x"":875,""y"":911,""t"":1674},{""x"":900,""y"":941,""t"":1703},{""x"":925,""y"":964,""t"":1747},{""x"":943,""y"":979,""t"":1775},{""x"":989,""y"":973,""t"":1805},{""x"":1023,""y"":973,""t"":1846},{""x"":1042,""y"":985,""t"":1874},{""x"":1060,""y"":963,""t"":1914},{""x"":1078,""y"":957,""t"":1939},{""x"":1113,""y"":953,""t"":1977}]","[{""x"":250,""y"":425,""width"":80,""height"":80,""top"":385,""right"":290,""bottom"":465,""left"":210},{""x"":400,""y"":165.1923788646684,""width"":80,""height"":80,""top"":125.1923788646684,""right"":440,""bottom"":205.1923788646684,""left"":360},{""x"":700,""y"":165.1923788646684,""width"":80,""height"":80,""top"":125.1923788646684,""right"":740,""bottom"":205.1923788646684,""left"":660},{""x"":850,""y"":425,""width"":80,""height"":80,""top"":385,""right"":890,""bottom"":465,""left"":810},{""x"":700,""y"":684.8076211353316,""width"":80,""height"":80,""top"":644.8076211353316,""right"":740,""bottom"":724.8076211353316,""left"":660},{""x"":400,""y"":684.8076211353316,""width"":80,""height"":80,""top"":644.8076211353316,""right"":440,""bottom"":724.8076211353316,""left"":360}]","{""#container"":{""x"":410,""y"":129.390625,""width"":1100,""height"":850,""top"":129.390625,""right"":1510,""bottom"":979.390625,""left"":410}}","[{'blue': 12}, {'cyan': 26}, {'red': 4}, {'yellow': 0}, {'green': 2}, {'purple': 8}]",{'cyan': 26},cyan
82,,,,758.0,4.0,4.0,"[""red"",""cyan"",""blue"",""yellow"",""purple"",""green""]",red,True,"[{""x"":1107,""y"":888,""t"":4},{""x"":1073,""y"":807,""t"":43},{""x"":1053,""y"":730,""t"":72},{""x"":1036,""y"":671,""t"":115},{""x"":1029,""y"":625,""t"":141},{""x"":1015,""y"":596,""t"":183},{""x"":1008,""y"":561,""t"":212},{""x"":993,""y"":534,""t"":241},{""x"":941,""y"":474,""t"":281},{""x"":902,""y"":442,""t"":308},{""x"":877,""y"":408,""t"":346},{""x"":835,""y"":384,""t"":375},{""x"":809,""y"":372,""t"":417},{""x"":785,""y"":362,""t"":446},{""x"":776,""y"":361,""t"":487},{""x"":782,""y"":366,""t"":513},{""x"":842,""y"":348,""t"":553},{""x"":879,""y"":322,""t"":579},{""x"":958,""y"":336,""t"":618},{""x"":1006,""y"":334,""t"":649},{""x"":1071,""y"":365,""t"":700},{""x"":1140,""y"":431,""t"":723},{""x"":1193,""y"":517,""t"":752},{""x"":1223,""y"":561,""t"":795},{""x"":1248,""y"":607,""t"":820},{""x"":1283,""y"":647,""t"":853},{""x"":1296,""y"":678,""t"":889},{""x"":1313,""y"":693,""t"":921},{""x"":1294,""y"":697,""t"":971},{""x"":1295,""y"":704,""t"":998},{""x"":1294,""y"":705,""t"":1024},{""x"":1275,""y"":719,""t"":1067},{""x"":1275,""y"":702,""t"":1093},{""x"":1288,""y"":716,""t"":1145},{""x"":1293,""y"":711,""t"":1160},{""x"":1265,""y"":703,""t"":1193},{""x"":1215,""y"":693,""t"":1246},{""x"":1179,""y"":743,""t"":1270},{""x"":1139,""y"":800,""t"":1297},{""x"":1113,""y"":820,""t"":1331},{""x"":1093,""y"":831,""t"":1373},{""x"":1076,""y"":845,""t"":1400},{""x"":1062,""y"":860,""t"":1432},{""x"":1043,""y"":891,""t"":1474},{""x"":1010,""y"":977,""t"":1500},{""x"":988,""y"":1004,""t"":1545},{""x"":964,""y"":1038,""t"":1570},{""x"":923,""y"":997,""t"":1601},{""x"":924,""y"":947,""t"":1647},{""x"":939,""y"":873,""t"":1670},{""x"":954,""y"":774,""t"":1714},{""x"":955,""y"":685,""t"":1742},{""x"":934,""y"":574,""t"":1772},{""x"":903,""y"":470,""t"":1816},{""x"":868,""y"":407,""t"":1843},{""x"":879,""y"":380,""t"":1874},{""x"":863,""y"":326,""t"":1913},{""x"":851,""y"":286,""t"":1939},{""x"":836,""y"":277,""t"":1977}]","[{""x"":250,""y"":425,""width"":80,""height"":80,""top"":385,""right"":290,""bottom"":465,""left"":210},{""x"":400,""y"":165.1923788646684,""width"":80,""height"":80,""top"":125.1923788646684,""right"":440,""bottom"":205.1923788646684,""left"":360},{""x"":700,""y"":165.1923788646684,""width"":80,""height"":80,""top"":125.1923788646684,""right"":740,""bottom"":205.1923788646684,""left"":660},{""x"":850,""y"":425,""width"":80,""height"":80,""top"":385,""right"":890,""bottom"":465,""left"":810},{""x"":700,""y"":684.8076211353316,""width"":80,""height"":80,""top"":644.8076211353316,""right"":740,""bottom"":724.8076211353316,""left"":660},{""x"":400,""y"":684.8076211353316,""width"":80,""height"":80,""top"":644.8076211353316,""right"":440,""bottom"":724.8076211353316,""left"":360}]","{""#container"":{""x"":410,""y"":129.390625,""width"":1100,""height"":850,""top"":129.390625,""right"":1510,""bottom"":979.390625,""left"":410}}","[{'red': 0}, {'cyan': 13}, {'blue': 3}, {'yellow': 10}, {'purple': 10}, {'green': 2}]",,cyan
83,,,,757.0,7.0,7.0,"[""yellow"",""purple"",""green"",""red"",""cyan"",""blue""]",purple_1,True,"[{""x"":828,""y"":274,""t"":5},{""x"":824,""y"":293,""t"":44},{""x"":846,""y"":311,""t"":74},{""x"":804,""y"":321,""t"":106},{""x"":793,""y"":346,""t"":155},{""x"":782,""y"":342,""t"":175},{""x"":786,""y"":357,""t"":219},{""x"":763,""y"":354,""t"":244},{""x"":774,""y"":366,""t"":276},{""x"":760,""y"":354,""t"":320},{""x"":754,""y"":370,""t"":344},{""x"":746,""y"":377,""t"":377},{""x"":739,""y"":376,""t"":422},{""x"":726,""y"":389,""t"":450},{""x"":730,""y"":394,""t"":480},{""x"":729,""y"":387,""t"":522},{""x"":737,""y"":387,""t"":550},{""x"":741,""y"":376,""t"":582},{""x"":738,""y"":365,""t"":622},{""x"":735,""y"":367,""t"":651},{""x"":742,""y"":373,""t"":690},{""x"":737,""y"":380,""t"":718},{""x"":759,""y"":391,""t"":760},{""x"":762,""y"":396,""t"":787},{""x"":780,""y"":407,""t"":819},{""x"":775,""y"":413,""t"":861},{""x"":790,""y"":417,""t"":889},{""x"":776,""y"":420,""t"":923},{""x"":780,""y"":420,""t"":966},{""x"":768,""y"":407,""t"":994},{""x"":820,""y"":402,""t"":1024},{""x"":889,""y"":405,""t"":1065},{""x"":961,""y"":378,""t"":1090},{""x"":1003,""y"":374,""t"":1130},{""x"":1064,""y"":395,""t"":1160},{""x"":1090,""y"":403,""t"":1202},{""x"":1113,""y"":409,""t"":1230},{""x"":1132,""y"":402,""t"":1262},{""x"":1152,""y"":388,""t"":1303},{""x"":1171,""y"":397,""t"":1331},{""x"":1174,""y"":405,""t"":1369},{""x"":1177,""y"":413,""t"":1395},{""x"":1146,""y"":415,""t"":1433},{""x"":1130,""y"":418,""t"":1466},{""x"":1136,""y"":426,""t"":1515},{""x"":1146,""y"":472,""t"":1540},{""x"":1169,""y"":508,""t"":1566},{""x"":1189,""y"":566,""t"":1610},{""x"":1227,""y"":625,""t"":1635},{""x"":1254,""y"":667,""t"":1670},{""x"":1264,""y"":690,""t"":1705},{""x"":1269,""y"":693,""t"":1737},{""x"":1273,""y"":698,""t"":1787},{""x"":1282,""y"":697,""t"":1814},{""x"":1278,""y"":705,""t"":1840},{""x"":1282,""y"":703,""t"":1883},{""x"":1276,""y"":704,""t"":1908},{""x"":1232,""y"":710,""t"":1946},{""x"":1193,""y"":722,""t"":1973}]","[{""x"":250,""y"":425,""width"":80,""height"":80,""top"":385,""right"":290,""bottom"":465,""left"":210},{""x"":400,""y"":165.1923788646684,""width"":80,""height"":80,""top"":125.1923788646684,""right"":440,""bottom"":205.1923788646684,""left"":360},{""x"":700,""y"":165.1923788646684,""width"":80,""height"":80,""top"":125.1923788646684,""right"":740,""bottom"":205.1923788646684,""left"":660},{""x"":850,""y"":425,""width"":80,""height"":80,""top"":385,""right"":890,""bottom"":465,""left"":810},{""x"":700,""y"":684.8076211353316,""width"":80,""height"":80,""top"":644.8076211353316,""right"":740,""bottom"":724.8076211353316,""left"":660},{""x"":400,""y"":684.8076211353316,""width"":80,""height"":80,""top"":644.8076211353316,""right"":440,""bottom"":724.8076211353316,""left"":360}]","{""#container"":{""x"":410,""y"":129.390625,""width"":1100,""height"":850,""top"":129.390625,""right"":1510,""bottom"":979.390625,""left"":410}}","[{'yellow': 0}, {'purple': 32}, {'green': 12}, {'red': 9}, {'cyan': 1}, {'blue': 0}]",{'purple_1': 32},purple_1
84,,,,726.0,7.0,7.0,"[""green"",""red"",""purple"",""cyan"",""yellow"",""blue""]",red_1,True,"[{""x"":1095,""y"":648,""t"":5},{""x"":1041,""y"":599,""t"":41},{""x"":976,""y"":545,""t"":73},{""x"":932,""y"":496,""t"":107},{""x"":905,""y"":458,""t"":141},{""x"":879,""y"":422,""t"":188},{""x"":860,""y"":417,""t"":216},{""x"":839,""y"":418,""t"":244},{""x"":776,""y"":389,""t"":276},{""x"":721,""y"":367,""t"":319},{""x"":700,""y"":375,""t"":341},{""x"":683,""y"":375,""t"":378},{""x"":686,""y"":448,""t"":428},{""x"":719,""y"":579,""t"":451},{""x"":756,""y"":738,""t"":480},{""x"":770,""y"":781,""t"":524},{""x"":758,""y"":753,""t"":551},{""x"":744,""y"":677,""t"":581},{""x"":729,""y"":631,""t"":624},{""x"":694,""y"":557,""t"":649},{""x"":667,""y"":502,""t"":692},{""x"":685,""y"":464,""t"":720},{""x"":699,""y"":449,""t"":751},{""x"":715,""y"":451,""t"":796},{""x"":722,""y"":444,""t"":823},{""x"":744,""y"":440,""t"":854},{""x"":750,""y"":441,""t"":897},{""x"":758,""y"":439,""t"":924},{""x"":776,""y"":439,""t"":956},{""x"":787,""y"":435,""t"":999},{""x"":799,""y"":434,""t"":1026},{""x"":806,""y"":437,""t"":1057},{""x"":811,""y"":437,""t"":1097},{""x"":814,""y"":432,""t"":1126},{""x"":778,""y"":422,""t"":1169},{""x"":781,""y"":423,""t"":1197},{""x"":768,""y"":417,""t"":1228},{""x"":767,""y"":421,""t"":1268},{""x"":760,""y"":420,""t"":1296},{""x"":778,""y"":423,""t"":1336},{""x"":817,""y"":422,""t"":1365},{""x"":862,""y"":424,""t"":1402},{""x"":918,""y"":426,""t"":1432},{""x"":964,""y"":430,""t"":1466},{""x"":993,""y"":431,""t"":1506},{""x"":1035,""y"":438,""t"":1534},{""x"":1083,""y"":450,""t"":1576},{""x"":1113,""y"":459,""t"":1602},{""x"":1172,""y"":472,""t"":1637},{""x"":1223,""y"":492,""t"":1674},{""x"":1256,""y"":506,""t"":1702},{""x"":1282,""y"":506,""t"":1738},{""x"":1298,""y"":513,""t"":1788},{""x"":1312,""y"":519,""t"":1805},{""x"":1296,""y"":554,""t"":1853},{""x"":1303,""y"":596,""t"":1881},{""x"":1297,""y"":635,""t"":1906},{""x"":1303,""y"":676,""t"":1946},{""x"":1292,""y"":709,""t"":1974}]","[{""x"":250,""y"":425,""width"":80,""height"":80,""top"":385,""right"":290,""bottom"":465,""left"":210},{""x"":400,""y"":165.1923788646684,""width"":80,""height"":80,""top"":125.1923788646684,""right"":440,""bottom"":205.1923788646684,""left"":360},{""x"":700,""y"":165.1923788646684,""width"":80,""height"":80,""top"":125.1923788646684,""right"":740,""bottom"":205.1923788646684,""left"":660},{""x"":850,""y"":425,""width"":80,""height"":80,""top"":385,""right"":890,""bottom"":465,""left"":810},{""x"":700,""y"":684.8076211353316,""width"":80,""height"":80,""top"":644.8076211353316,""right"":740,""bottom"":724.8076211353316,""left"":660},{""x"":400,""y"":684.8076211353316,""width"":80,""height"":80,""top"":644.8076211353316,""right"":440,""bottom"":724.8076211353316,""left"":360}]","{""#container"":{""x"":410,""y"":129.390625,""width"":1100,""height"":850,""top"":129.390625,""right"":1510,""bottom"":979.390625,""left"":410}}","[{'green': 12}, {'red': 20}, {'purple': 0}, {'cyan': 10}, {'yellow': 0}, {'blue': 3}]",{'red_1': 20},red_1
85,,,,606.0,7.0,7.0,"[""purple"",""yellow"",""cyan"",""green"",""blue"",""red""]",yellow,True,"[{""x"":1164,""y"":633,""t"":5},{""x"":1082,""y"":563,""t"":46},{""x"":997,""y"":507,""t"":74},{""x"":919,""y"":477,""t"":106},{""x"":844,""y"":434,""t"":150},{""x"":781,""y"":412,""t"":175},{""x"":734,""y"":392,""t"":208},{""x"":712,""y"":384,""t"":252},{""x"":698,""y"":382,""t"":279},{""x"":676,""y"":387,""t"":310},{""x"":666,""y"":391,""t"":355},{""x"":663,""y"":373,""t"":383},{""x"":661,""y"":375,""t"":412},{""x"":672,""y"":380,""t"":456},{""x"":665,""y"":383,""t"":483},{""x"":676,""y"":389,""t"":514},{""x"":683,""y"":401,""t"":555},{""x"":688,""y"":410,""t"":584},{""x"":690,""y"":413,""t"":616},{""x"":698,""y"":420,""t"":652},{""x"":717,""y"":415,""t"":684},{""x"":707,""y"":392,""t"":725},{""x"":781,""y"":387,""t"":752},{""x"":885,""y"":378,""t"":797},{""x"":986,""y"":381,""t"":821},{""x"":1063,""y"":386,""t"":853},{""x"":1136,""y"":403,""t"":892},{""x"":1155,""y"":387,""t"":922},{""x"":1195,""y"":406,""t"":956},{""x"":1212,""y"":397,""t"":1006},{""x"":1237,""y"":423,""t"":1024},{""x"":1215,""y"":432,""t"":1064},{""x"":1201,""y"":443,""t"":1090},{""x"":1179,""y"":448,""t"":1133},{""x"":1150,""y"":447,""t"":1158},{""x"":1137,""y"":441,""t"":1196},{""x"":1108,""y"":433,""t"":1225},{""x"":1080,""y"":438,""t"":1265},{""x"":1074,""y"":438,""t"":1296},{""x"":1086,""y"":454,""t"":1342},{""x"":1081,""y"":449,""t"":1366},{""x"":1060,""y"":438,""t"":1398},{""x"":1048,""y"":436,""t"":1441},{""x"":1052,""y"":438,""t"":1468},{""x"":1056,""y"":441,""t"":1498},{""x"":1101,""y"":487,""t"":1550},{""x"":1140,""y"":541,""t"":1574},{""x"":1175,""y"":592,""t"":1602},{""x"":1195,""y"":640,""t"":1646},{""x"":1222,""y"":668,""t"":1673},{""x"":1238,""y"":679,""t"":1704},{""x"":1246,""y"":700,""t"":1742},{""x"":1246,""y"":699,""t"":1773},{""x"":1242,""y"":706,""t"":1811},{""x"":1232,""y"":726,""t"":1840},{""x"":1211,""y"":737,""t"":1883},{""x"":1190,""y"":808,""t"":1908},{""x"":1157,""y"":886,""t"":1952},{""x"":1117,""y"":963,""t"":1976}]","[{""x"":250,""y"":425,""width"":80,""height"":80,""top"":385,""right"":290,""bottom"":465,""left"":210},{""x"":400,""y"":165.1923788646684,""width"":80,""height"":80,""top"":125.1923788646684,""right"":440,""bottom"":205.1923788646684,""left"":360},{""x"":700,""y"":165.1923788646684,""width"":80,""height"":80,""top"":125.1923788646684,""right"":740,""bottom"":205.1923788646684,""left"":660},{""x"":850,""y"":425,""width"":80,""height"":80,""top"":385,""right"":890,""bottom"":465,""left"":810},{""x"":700,""y"":684.8076211353316,""width"":80,""height"":80,""top"":644.8076211353316,""right"":740,""bottom"":724.8076211353316,""left"":660},{""x"":400,""y"":684.8076211353316,""width"":80,""height"":80,""top"":644.8076211353316,""right"":440,""bottom"":724.8076211353316,""left"":360}]","{""#container"":{""x"":410,""y"":129.390625,""width"":1100,""height"":850,""top"":129.390625,""right"":1510,""bottom"":979.390625,""left"":410}}","[{'purple': 3}, {'yellow': 8}, {'cyan': 9}, {'green': 12}, {'blue': 4}, {'red': 0}]",{'yellow': 8},green
86,,,,560.0,9.0,9.0,"[""blue"",""red"",""green"",""yellow"",""purple"",""cyan""]",green,True,"[{""x"":1014,""y"":805,""t"":5},{""x"":941,""y"":677,""t"":40},{""x"":864,""y"":584,""t"":75},{""x"":796,""y"":510,""t"":106},{""x"":779,""y"":479,""t"":140},{""x"":736,""y"":434,""t"":189},{""x"":730,""y"":397,""t"":208},{""x"":742,""y"":381,""t"":253},{""x"":745,""y"":376,""t"":281},{""x"":753,""y"":362,""t"":310},{""x"":752,""y"":364,""t"":355},{""x"":748,""y"":355,""t"":383},{""x"":738,""y"":366,""t"":412},{""x"":723,""y"":358,""t"":461},{""x"":720,""y"":366,""t"":488},{""x"":719,""y"":415,""t"":515},{""x"":764,""y"":580,""t"":548},{""x"":808,""y"":714,""t"":590},{""x"":809,""y"":752,""t"":618},{""x"":851,""y"":722,""t"":650},{""x"":927,""y"":681,""t"":693},{""x"":970,""y"":606,""t"":720},{""x"":1023,""y"":543,""t"":753},{""x"":1080,""y"":487,""t"":792},{""x"":1104,""y"":445,""t"":820},{""x"":1128,""y"":420,""t"":861},{""x"":1134,""y"":371,""t"":889},{""x"":1136,""y"":370,""t"":932},{""x"":1156,""y"":340,""t"":960},{""x"":1159,""y"":318,""t"":989},{""x"":1168,""y"":314,""t"":1033},{""x"":1178,""y"":319,""t"":1060},{""x"":1187,""y"":323,""t"":1092},{""x"":1188,""y"":323,""t"":1131},{""x"":1177,""y"":323,""t"":1158},{""x"":1177,""y"":309,""t"":1201},{""x"":1172,""y"":318,""t"":1229},{""x"":1176,""y"":329,""t"":1263},{""x"":1202,""y"":363,""t"":1306},{""x"":1225,""y"":430,""t"":1333},{""x"":1256,""y"":501,""t"":1364},{""x"":1273,""y"":545,""t"":1404},{""x"":1286,""y"":580,""t"":1429},{""x"":1295,""y"":618,""t"":1467},{""x"":1304,""y"":650,""t"":1499},{""x"":1312,""y"":662,""t"":1549},{""x"":1333,""y"":654,""t"":1575},{""x"":1331,""y"":659,""t"":1603},{""x"":1309,""y"":668,""t"":1643},{""x"":1290,""y"":674,""t"":1668},{""x"":1260,""y"":694,""t"":1707},{""x"":1259,""y"":693,""t"":1736},{""x"":1199,""y"":724,""t"":1789},{""x"":1162,""y"":757,""t"":1807},{""x"":1135,""y"":778,""t"":1853},{""x"":1112,""y"":798,""t"":1880},{""x"":1096,""y"":809,""t"":1908},{""x"":1071,""y"":817,""t"":1950},{""x"":1051,""y"":822,""t"":1974}]","[{""x"":250,""y"":425,""width"":80,""height"":80,""top"":385,""right"":290,""bottom"":465,""left"":210},{""x"":400,""y"":165.1923788646684,""width"":80,""height"":80,""top"":125.1923788646684,""right"":440,""bottom"":205.1923788646684,""left"":360},{""x"":700,""y"":165.1923788646684,""width"":80,""height"":80,""top"":125.1923788646684,""right"":740,""bottom"":205.1923788646684,""left"":660},{""x"":850,""y"":425,""width"":80,""height"":80,""top"":385,""right"":890,""bottom"":465,""left"":810},{""x"":700,""y"":684.8076211353316,""width"":80,""height"":80,""top"":644.8076211353316,""right"":740,""bottom"":724.8076211353316,""left"":660},{""x"":400,""y"":684.8076211353316,""width"":80,""height"":80,""top"":644.8076211353316,""right"":440,""bottom"":724.8076211353316,""left"":360}]","{""#container"":{""x"":410,""y"":129.390625,""width"":1100,""height"":850,""top"":129.390625,""right"":1510,""bottom"":979.390625,""left"":410}}","[{'blue': 4}, {'red': 9}, {'green': 14}, {'yellow': 13}, {'purple': 8}, {'cyan': 3}]",{'green': 14},green
87,,,,1358.0,1.0,1.0,"[""red"",""blue"",""purple"",""cyan"",""green"",""yellow""]",yellow,True,"[{""x"":1019,""y"":781,""t"":5},{""x"":977,""y"":719,""t"":46},{""x"":934,""y"":675,""t"":76},{""x"":934,""y"":659,""t"":103},{""x"":900,""y"":618,""t"":145},{""x"":892,""y"":568,""t"":174},{""x"":879,""y"":508,""t"":219},{""x"":855,""y"":451,""t"":247},{""x"":830,""y"":400,""t"":276},{""x"":806,""y"":361,""t"":314},{""x"":793,""y"":329,""t"":344},{""x"":744,""y"":303,""t"":378},{""x"":696,""y"":276,""t"":428},{""x"":714,""y"":325,""t"":452},{""x"":754,""y"":501,""t"":481},{""x"":772,""y"":613,""t"":522},{""x"":814,""y"":722,""t"":547},{""x"":811,""y"":760,""t"":583},{""x"":781,""y"":741,""t"":618},{""x"":747,""y"":683,""t"":649},{""x"":730,""y"":607,""t"":700},{""x"":712,""y"":574,""t"":717},{""x"":694,""y"":542,""t"":764},{""x"":678,""y"":503,""t"":791},{""x"":686,""y"":477,""t"":820},{""x"":663,""y"":440,""t"":863},{""x"":718,""y"":419,""t"":889},{""x"":767,""y"":402,""t"":919},{""x"":857,""y"":409,""t"":972},{""x"":932,""y"":420,""t"":990},{""x"":982,""y"":391,""t"":1036},{""x"":1022,""y"":380,""t"":1063},{""x"":1047,""y"":379,""t"":1092},{""x"":1073,""y"":377,""t"":1134},{""x"":1096,""y"":367,""t"":1160},{""x"":1109,""y"":383,""t"":1201},{""x"":1078,""y"":387,""t"":1228},{""x"":1060,""y"":414,""t"":1268},{""x"":1062,""y"":413,""t"":1295},{""x"":1062,""y"":433,""t"":1340},{""x"":1037,""y"":436,""t"":1364},{""x"":1040,""y"":446,""t"":1417},{""x"":1030,""y"":444,""t"":1435},{""x"":1041,""y"":456,""t"":1466},{""x"":1051,""y"":457,""t"":1514},{""x"":1050,""y"":432,""t"":1542},{""x"":1056,""y"":412,""t"":1569},{""x"":1062,""y"":387,""t"":1602},{""x"":1053,""y"":376,""t"":1640},{""x"":1073,""y"":368,""t"":1670},{""x"":1095,""y"":363,""t"":1718},{""x"":1097,""y"":352,""t"":1745},{""x"":1083,""y"":337,""t"":1772},{""x"":1111,""y"":392,""t"":1818},{""x"":1130,""y"":461,""t"":1840},{""x"":1159,""y"":512,""t"":1874},{""x"":1175,""y"":553,""t"":1913},{""x"":1214,""y"":576,""t"":1942},{""x"":1232,""y"":616,""t"":1978}]","[{""x"":250,""y"":425,""width"":80,""height"":80,""top"":385,""right"":290,""bottom"":465,""left"":210},{""x"":400,""y"":165.1923788646684,""width"":80,""height"":80,""top"":125.1923788646684,""right"":440,""bottom"":205.1923788646684,""left"":360},{""x"":700,""y"":165.1923788646684,""width"":80,""height"":80,""top"":125.1923788646684,""right"":740,""bottom"":205.1923788646684,""left"":660},{""x"":850,""y"":425,""width"":80,""height"":80,""top"":385,""right"":890,""bottom"":465,""left"":810},{""x"":700,""y"":684.8076211353316,""width"":80,""height"":80,""top"":644.8076211353316,""right"":740,""bottom"":724.8076211353316,""left"":660},{""x"":400,""y"":684.8076211353316,""width"":80,""height"":80,""top"":644.8076211353316,""right"":440,""bottom"":724.8076211353316,""left"":360}]","{""#container"":{""x"":410,""y"":129.390625,""width"":1100,""height"":850,""top"":129.390625,""right"":1510,""bottom"":979.390625,""left"":410}}","[{'red': 9}, {'blue': 8}, {'purple': 18}, {'cyan': 4}, {'green': 1}, {'yellow': 4}]",{'yellow': 4},purple
88,,,,393.0,9.0,9.0,"[""green"",""yellow"",""blue"",""purple"",""cyan"",""red""]",blue,True,"[{""x"":1166,""y"":549,""t"":5},{""x"":1077,""y"":467,""t"":39},{""x"":1011,""y"":395,""t"":75},{""x"":957,""y"":334,""t"":103},{""x"":897,""y"":324,""t"":156},{""x"":848,""y"":318,""t"":175},{""x"":820,""y"":303,""t"":220},{""x"":796,""y"":296,""t"":244},{""x"":778,""y"":292,""t"":273},{""x"":754,""y"":301,""t"":314},{""x"":700,""y"":308,""t"":344},{""x"":692,""y"":310,""t"":378},{""x"":749,""y"":527,""t"":428},{""x"":782,""y"":652,""t"":446},{""x"":792,""y"":770,""t"":492},{""x"":793,""y"":828,""t"":518},{""x"":784,""y"":767,""t"":548},{""x"":787,""y"":712,""t"":591},{""x"":780,""y"":664,""t"":617},{""x"":763,""y"":616,""t"":650},{""x"":746,""y"":569,""t"":700},{""x"":739,""y"":534,""t"":718},{""x"":734,""y"":493,""t"":765},{""x"":740,""y"":465,""t"":788},{""x"":779,""y"":437,""t"":820},{""x"":890,""y"":432,""t"":863},{""x"":986,""y"":427,""t"":888},{""x"":1065,""y"":429,""t"":930},{""x"":1123,""y"":420,""t"":958},{""x"":1175,""y"":416,""t"":990},{""x"":1201,""y"":413,""t"":1033},{""x"":1235,""y"":409,""t"":1060},{""x"":1247,""y"":402,""t"":1092},{""x"":1253,""y"":407,""t"":1132},{""x"":1212,""y"":419,""t"":1160},{""x"":1220,""y"":454,""t"":1205},{""x"":1231,""y"":553,""t"":1233},{""x"":1228,""y"":626,""t"":1262},{""x"":1223,""y"":701,""t"":1305},{""x"":1230,""y"":750,""t"":1332},{""x"":1232,""y"":760,""t"":1364},{""x"":1223,""y"":794,""t"":1403},{""x"":1214,""y"":820,""t"":1430},{""x"":1202,""y"":796,""t"":1473},{""x"":1202,""y"":781,""t"":1500},{""x"":1194,""y"":792,""t"":1539},{""x"":1198,""y"":765,""t"":1567},{""x"":1194,""y"":774,""t"":1607},{""x"":1195,""y"":760,""t"":1636},{""x"":1200,""y"":729,""t"":1674},{""x"":1209,""y"":722,""t"":1704},{""x"":1188,""y"":716,""t"":1738},{""x"":1147,""y"":754,""t"":1787},{""x"":1119,""y"":782,""t"":1811},{""x"":1102,""y"":784,""t"":1840},{""x"":1089,""y"":784,""t"":1879},{""x"":1075,""y"":786,""t"":1908},{""x"":1067,""y"":784,""t"":1946},{""x"":1063,""y"":800,""t"":1976}]","[{""x"":250,""y"":425,""width"":80,""height"":80,""top"":385,""right"":290,""bottom"":465,""left"":210},{""x"":400,""y"":165.1923788646684,""width"":80,""height"":80,""top"":125.1923788646684,""right"":440,""bottom"":205.1923788646684,""left"":360},{""x"":700,""y"":165.1923788646684,""width"":80,""height"":80,""top"":125.1923788646684,""right"":740,""bottom"":205.1923788646684,""left"":660},{""x"":850,""y"":425,""width"":80,""height"":80,""top"":385,""right"":890,""bottom"":465,""left"":810},{""x"":700,""y"":684.8076211353316,""width"":80,""height"":80,""top"":644.8076211353316,""right"":740,""bottom"":724.8076211353316,""left"":660},{""x"":400,""y"":684.8076211353316,""width"":80,""height"":80,""top"":644.8076211353316,""right"":440,""bottom"":724.8076211353316,""left"":360}]","{""#container"":{""x"":410,""y"":129.390625,""width"":1100,""height"":850,""top"":129.390625,""right"":1510,""bottom"":979.390625,""left"":410}}","[{'green': 6}, {'yellow': 9}, {'blue': 5}, {'purple': 7}, {'cyan': 20}, {'red': 4}]",{'blue': 5},cyan
89,,,,502.0,4.0,4.0,"[""blue"",""cyan"",""green"",""purple"",""red"",""yellow""]",blue,True,"[{""x"":982,""y"":688,""t"":5},{""x"":937,""y"":597,""t"":39},{""x"":883,""y"":495,""t"":84},{""x"":839,""y"":422,""t"":114},{""x"":814,""y"":358,""t"":142},{""x"":799,""y"":307,""t"":174},{""x"":782,""y"":279,""t"":222},{""x"":780,""y"":265,""t"":251},{""x"":769,""y"":239,""t"":278},{""x"":724,""y"":230,""t"":310},{""x"":714,""y"":230,""t"":355},{""x"":682,""y"":246,""t"":382},{""x"":667,""y"":243,""t"":412},{""x"":664,""y"":255,""t"":457},{""x"":657,""y"":268,""t"":484},{""x"":640,""y"":279,""t"":513},{""x"":648,""y"":269,""t"":552},{""x"":644,""y"":291,""t"":582},{""x"":659,""y"":307,""t"":623},{""x"":658,""y"":324,""t"":650},{""x"":677,""y"":328,""t"":688},{""x"":698,""y"":353,""t"":718},{""x"":715,""y"":383,""t"":760},{""x"":723,""y"":403,""t"":788},{""x"":744,""y"":419,""t"":820},{""x"":774,""y"":455,""t"":859},{""x"":788,""y"":461,""t"":887},{""x"":784,""y"":507,""t"":923},{""x"":742,""y"":609,""t"":956},{""x"":752,""y"":685,""t"":997},{""x"":753,""y"":708,""t"":1026},{""x"":756,""y"":736,""t"":1057},{""x"":748,""y"":755,""t"":1097},{""x"":762,""y"":802,""t"":1126},{""x"":762,""y"":797,""t"":1163},{""x"":783,""y"":843,""t"":1194},{""x"":806,""y"":884,""t"":1228},{""x"":813,""y"":905,""t"":1283},{""x"":825,""y"":921,""t"":1295},{""x"":835,""y"":939,""t"":1342},{""x"":842,""y"":952,""t"":1366},{""x"":841,""y"":964,""t"":1398},{""x"":844,""y"":967,""t"":1436},{""x"":846,""y"":968,""t"":1464},{""x"":890,""y"":978,""t"":1500},{""x"":939,""y"":978,""t"":1549},{""x"":994,""y"":964,""t"":1567},{""x"":1018,""y"":968,""t"":1613},{""x"":1049,""y"":947,""t"":1641},{""x"":1040,""y"":848,""t"":1670},{""x"":1013,""y"":713,""t"":1709},{""x"":960,""y"":616,""t"":1737},{""x"":909,""y"":524,""t"":1772},{""x"":879,""y"":477,""t"":1806},{""x"":842,""y"":425,""t"":1853},{""x"":820,""y"":389,""t"":1879},{""x"":792,""y"":357,""t"":1908},{""x"":775,""y"":324,""t"":1949},{""x"":760,""y"":318,""t"":1977}]","[{""x"":250,""y"":425,""width"":80,""height"":80,""top"":385,""right"":290,""bottom"":465,""left"":210},{""x"":400,""y"":165.1923788646684,""width"":80,""height"":80,""top"":125.1923788646684,""right"":440,""bottom"":205.1923788646684,""left"":360},{""x"":700,""y"":165.1923788646684,""width"":80,""height"":80,""top"":125.1923788646684,""right"":740,""bottom"":205.1923788646684,""left"":660},{""x"":850,""y"":425,""width"":80,""height"":80,""top"":385,""right"":890,""bottom"":465,""left"":810},{""x"":700,""y"":684.8076211353316,""width"":80,""height"":80,""top"":644.8076211353316,""right"":740,""bottom"":724.8076211353316,""left"":660},{""x"":400,""y"":684.8076211353316,""width"":80,""height"":80,""top"":644.8076211353316,""right"":440,""bottom"":724.8076211353316,""left"":360}]","{""#container"":{""x"":410,""y"":129.390625,""width"":1100,""height"":850,""top"":129.390625,""right"":1510,""bottom"":979.390625,""left"":410}}","[{'blue': 2}, {'cyan': 19}, {'green': 0}, {'purple': 0}, {'red': 3}, {'yellow': 12}]",{'blue': 2},cyan
90,,,,1197.0,3.0,3.0,"[""green"",""red"",""cyan"",""purple"",""yellow"",""blue""]",yellow,True,"[{""x"":761,""y"":318,""t"":5},{""x"":752,""y"":325,""t"":45},{""x"":749,""y"":338,""t"":76},{""x"":749,""y"":352,""t"":103},{""x"":750,""y"":357,""t"":140},{""x"":767,""y"":365,""t"":189},{""x"":783,""y"":373,""t"":208},{""x"":790,""y"":371,""t"":260},{""x"":796,""y"":371,""t"":279},{""x"":787,""y"":385,""t"":310},{""x"":759,""y"":391,""t"":360},{""x"":736,""y"":395,""t"":378},{""x"":740,""y"":398,""t"":411},{""x"":743,""y"":401,""t"":461},{""x"":735,""y"":397,""t"":488},{""x"":718,""y"":380,""t"":516},{""x"":732,""y"":381,""t"":548},{""x"":744,""y"":401,""t"":591},{""x"":746,""y"":413,""t"":618},{""x"":747,""y"":415,""t"":650},{""x"":729,""y"":413,""t"":692},{""x"":731,""y"":413,""t"":718},{""x"":710,""y"":424,""t"":762},{""x"":716,""y"":440,""t"":786},{""x"":737,""y"":453,""t"":830},{""x"":856,""y"":474,""t"":858},{""x"":928,""y"":469,""t"":888},{""x"":997,""y"":462,""t"":928},{""x"":1038,""y"":452,""t"":956},{""x"":1098,""y"":458,""t"":999},{""x"":1138,""y"":457,""t"":1025},{""x"":1177,""y"":457,""t"":1058},{""x"":1209,""y"":446,""t"":1097},{""x"":1238,""y"":458,""t"":1126},{""x"":1247,""y"":465,""t"":1162},{""x"":1265,""y"":468,""t"":1194},{""x"":1240,""y"":460,""t"":1237},{""x"":1245,""y"":442,""t"":1263},{""x"":1251,""y"":429,""t"":1296},{""x"":1243,""y"":439,""t"":1338},{""x"":1239,""y"":452,""t"":1365},{""x"":1238,""y"":457,""t"":1398},{""x"":1244,""y"":529,""t"":1435},{""x"":1231,""y"":595,""t"":1463},{""x"":1233,""y"":640,""t"":1517},{""x"":1226,""y"":693,""t"":1535},{""x"":1226,""y"":733,""t"":1581},{""x"":1217,""y"":766,""t"":1606},{""x"":1224,""y"":785,""t"":1636},{""x"":1227,""y"":804,""t"":1675},{""x"":1233,""y"":811,""t"":1702},{""x"":1243,""y"":782,""t"":1739},{""x"":1250,""y"":794,""t"":1771},{""x"":1228,""y"":783,""t"":1821},{""x"":1182,""y"":824,""t"":1848},{""x"":1135,""y"":855,""t"":1875},{""x"":1104,""y"":877,""t"":1908},{""x"":1094,""y"":896,""t"":1963},{""x"":1087,""y"":910,""t"":1974}]","[{""x"":250,""y"":425,""width"":80,""height"":80,""top"":385,""right"":290,""bottom"":465,""left"":210},{""x"":400,""y"":165.1923788646684,""width"":80,""height"":80,""top"":125.1923788646684,""right"":440,""bottom"":205.1923788646684,""left"":360},{""x"":700,""y"":165.1923788646684,""width"":80,""height"":80,""top"":125.1923788646684,""right"":740,""bottom"":205.1923788646684,""left"":660},{""x"":850,""y"":425,""width"":80,""height"":80,""top"":385,""right"":890,""bottom"":465,""left"":810},{""x"":700,""y"":684.8076211353316,""width"":80,""height"":80,""top"":644.8076211353316,""right"":740,""bottom"":724.8076211353316,""left"":660},{""x"":400,""y"":684.8076211353316,""width"":80,""height"":80,""top"":644.8076211353316,""right"":440,""bottom"":724.8076211353316,""left"":360}]","{""#container"":{""x"":410,""y"":129.390625,""width"":1100,""height"":850,""top"":129.390625,""right"":1510,""bottom"":979.390625,""left"":410}}","[{'green': 3}, {'red': 22}, {'cyan': 0}, {'purple': 15}, {'yellow': 13}, {'blue': 0}]",{'yellow': 13},red
91,,,,980.0,1.0,4.0,"[""cyan"",""purple"",""yellow"",""green"",""red"",""blue""]",cyan_1,False,"[{""x"":1044,""y"":810,""t"":4},{""x"":1005,""y"":745,""t"":38},{""x"":969,""y"":679,""t"":74},{""x"":940,""y"":630,""t"":107},{""x"":912,""y"":579,""t"":153},{""x"":905,""y"":548,""t"":183},{""x"":899,""y"":528,""t"":210},{""x"":884,""y"":508,""t"":242},{""x"":876,""y"":489,""t"":282},{""x"":851,""y"":469,""t"":310},{""x"":818,""y"":455,""t"":354},{""x"":787,""y"":419,""t"":379},{""x"":753,""y"":361,""t"":423},{""x"":725,""y"":350,""t"":451},{""x"":711,""y"":305,""t"":480},{""x"":698,""y"":310,""t"":522},{""x"":685,""y"":314,""t"":550},{""x"":685,""y"":313,""t"":584},{""x"":692,""y"":325,""t"":618},{""x"":700,""y"":337,""t"":648},{""x"":704,""y"":358,""t"":700},{""x"":709,""y"":376,""t"":724},{""x"":711,""y"":373,""t"":751},{""x"":715,""y"":385,""t"":791},{""x"":711,""y"":380,""t"":821},{""x"":777,""y"":534,""t"":858},{""x"":826,""y"":649,""t"":886},{""x"":808,""y"":664,""t"":922},{""x"":819,""y"":596,""t"":972},{""x"":776,""y"":551,""t"":990},{""x"":782,""y"":521,""t"":1036},{""x"":777,""y"":480,""t"":1060},{""x"":772,""y"":449,""t"":1092},{""x"":750,""y"":413,""t"":1130},{""x"":731,""y"":384,""t"":1158},{""x"":712,""y"":361,""t"":1194},{""x"":723,""y"":344,""t"":1244},{""x"":728,""y"":334,""t"":1270},{""x"":715,""y"":316,""t"":1297},{""x"":805,""y"":308,""t"":1340},{""x"":887,""y"":312,""t"":1363},{""x"":951,""y"":317,""t"":1406},{""x"":994,""y"":298,""t"":1433},{""x"":1038,""y"":293,""t"":1477},{""x"":1073,""y"":301,""t"":1505},{""x"":1092,""y"":305,""t"":1534},{""x"":1111,""y"":320,""t"":1580},{""x"":1138,""y"":334,""t"":1607},{""x"":1171,""y"":363,""t"":1635},{""x"":1188,""y"":387,""t"":1679},{""x"":1167,""y"":391,""t"":1705},{""x"":1152,""y"":389,""t"":1740},{""x"":1185,""y"":446,""t"":1784},{""x"":1196,""y"":509,""t"":1811},{""x"":1213,""y"":565,""t"":1840},{""x"":1233,""y"":591,""t"":1882},{""x"":1245,""y"":636,""t"":1907},{""x"":1261,""y"":650,""t"":1949},{""x"":1275,""y"":649,""t"":1976}]","[{""x"":250,""y"":425,""width"":80,""height"":80,""top"":385,""right"":290,""bottom"":465,""left"":210},{""x"":400,""y"":165.1923788646684,""width"":80,""height"":80,""top"":125.1923788646684,""right"":440,""bottom"":205.1923788646684,""left"":360},{""x"":700,""y"":165.1923788646684,""width"":80,""height"":80,""top"":125.1923788646684,""right"":740,""bottom"":205.1923788646684,""left"":660},{""x"":850,""y"":425,""width"":80,""height"":80,""top"":385,""right"":890,""bottom"":465,""left"":810},{""x"":700,""y"":684.8076211353316,""width"":80,""height"":80,""top"":644.8076211353316,""right"":740,""bottom"":724.8076211353316,""left"":660},{""x"":400,""y"":684.8076211353316,""width"":80,""height"":80,""top"":644.8076211353316,""right"":440,""bottom"":724.8076211353316,""left"":360}]","{""#container"":{""x"":410,""y"":129.390625,""width"":1100,""height"":850,""top"":129.390625,""right"":1510,""bottom"":979.390625,""left"":410}}","[{'cyan': 4}, {'purple': 23}, {'yellow': 10}, {'green': 7}, {'red': 2}, {'blue': 0}]",{'cyan_1': 4},purple
92,,,,879.0,3.0,3.0,"[""purple"",""yellow"",""red"",""green"",""blue"",""cyan""]",blue_1,True,"[{""x"":1184,""y"":618,""t"":4},{""x"":1104,""y"":609,""t"":39},{""x"":1050,""y"":601,""t"":86},{""x"":1002,""y"":596,""t"":115},{""x"":952,""y"":587,""t"":143},{""x"":918,""y"":587,""t"":174},{""x"":891,""y"":582,""t"":212},{""x"":877,""y"":573,""t"":240},{""x"":857,""y"":528,""t"":275},{""x"":790,""y"":478,""t"":325},{""x"":758,""y"":448,""t"":343},{""x"":728,""y"":422,""t"":389},{""x"":711,""y"":397,""t"":417},{""x"":717,""y"":382,""t"":446},{""x"":702,""y"":356,""t"":488},{""x"":701,""y"":383,""t"":514},{""x"":746,""y"":557,""t"":558},{""x"":771,""y"":671,""t"":585},{""x"":783,""y"":721,""t"":615},{""x"":771,""y"":680,""t"":661},{""x"":777,""y"":633,""t"":688},{""x"":779,""y"":612,""t"":718},{""x"":778,""y"":584,""t"":761},{""x"":778,""y"":548,""t"":787},{""x"":778,""y"":510,""t"":820},{""x"":777,""y"":457,""t"":864},{""x"":806,""y"":434,""t"":892},{""x"":899,""y"":415,""t"":922},{""x"":998,""y"":423,""t"":962},{""x"":1073,""y"":438,""t"":990},{""x"":1098,""y"":424,""t"":1032},{""x"":1143,""y"":427,""t"":1060},{""x"":1149,""y"":411,""t"":1091},{""x"":1188,""y"":427,""t"":1135},{""x"":1212,""y"":440,""t"":1163},{""x"":1180,""y"":437,""t"":1194},{""x"":1154,""y"":428,""t"":1235},{""x"":1130,""y"":434,""t"":1259},{""x"":1142,""y"":460,""t"":1300},{""x"":1144,""y"":479,""t"":1328},{""x"":1157,""y"":527,""t"":1379},{""x"":1161,""y"":570,""t"":1405},{""x"":1172,""y"":588,""t"":1432},{""x"":1175,""y"":610,""t"":1475},{""x"":1177,""y"":631,""t"":1501},{""x"":1175,""y"":637,""t"":1535},{""x"":1197,""y"":634,""t"":1572},{""x"":1213,""y"":665,""t"":1602},{""x"":1218,""y"":690,""t"":1635},{""x"":1218,""y"":699,""t"":1686},{""x"":1226,""y"":706,""t"":1704},{""x"":1215,""y"":718,""t"":1749},{""x"":1230,""y"":729,""t"":1774},{""x"":1186,""y"":751,""t"":1806},{""x"":1159,""y"":791,""t"":1843},{""x"":1136,""y"":821,""t"":1874},{""x"":1104,""y"":846,""t"":1908},{""x"":1074,""y"":861,""t"":1957},{""x"":1053,""y"":842,""t"":1981}]","[{""x"":250,""y"":425,""width"":80,""height"":80,""top"":385,""right"":290,""bottom"":465,""left"":210},{""x"":400,""y"":165.1923788646684,""width"":80,""height"":80,""top"":125.1923788646684,""right"":440,""bottom"":205.1923788646684,""left"":360},{""x"":700,""y"":165.1923788646684,""width"":80,""height"":80,""top"":125.1923788646684,""right"":740,""bottom"":205.1923788646684,""left"":660},{""x"":850,""y"":425,""width"":80,""height"":80,""top"":385,""right"":890,""bottom"":465,""left"":810},{""x"":700,""y"":684.8076211353316,""width"":80,""height"":80,""top"":644.8076211353316,""right"":740,""bottom"":724.8076211353316,""left"":660},{""x"":400,""y"":684.8076211353316,""width"":80,""height"":80,""top"":644.8076211353316,""right"":440,""bottom"":724.8076211353316,""left"":360}]","{""#container"":{""x"":410,""y"":129.390625,""width"":1100,""height"":850,""top"":129.390625,""right"":1510,""bottom"":979.390625,""left"":410}}","[{'purple': 8}, {'yellow': 6}, {'red': 6}, {'green': 14}, {'blue': 8}, {'cyan': 3}]",{'blue_1': 8},green
93,,,,918.0,3.0,3.0,"[""red"",""blue"",""green"",""cyan"",""yellow"",""purple""]",yellow_1,True,"[{""x"":1015,""y"":774,""t"":3},{""x"":987,""y"":719,""t"":38},{""x"":957,""y"":678,""t"":85},{""x"":936,""y"":644,""t"":114},{""x"":904,""y"":601,""t"":140},{""x"":895,""y"":550,""t"":183},{""x"":881,""y"":498,""t"":210},{""x"":870,""y"":428,""t"":242},{""x"":841,""y"":384,""t"":284},{""x"":821,""y"":366,""t"":309},{""x"":796,""y"":321,""t"":344},{""x"":776,""y"":284,""t"":380},{""x"":772,""y"":252,""t"":409},{""x"":764,""y"":236,""t"":453},{""x"":756,""y"":227,""t"":480},{""x"":752,""y"":218,""t"":523},{""x"":751,""y"":219,""t"":550},{""x"":785,""y"":230,""t"":582},{""x"":839,""y"":266,""t"":621},{""x"":917,""y"":271,""t"":648},{""x"":946,""y"":297,""t"":684},{""x"":986,""y"":335,""t"":734},{""x"":1017,""y"":351,""t"":757},{""x"":1029,""y"":375,""t"":786},{""x"":1043,""y"":403,""t"":823},{""x"":1051,""y"":408,""t"":853},{""x"":1079,""y"":417,""t"":891},{""x"":1078,""y"":429,""t"":922},{""x"":1093,""y"":461,""t"":956},{""x"":1065,""y"":506,""t"":1005},{""x"":1061,""y"":659,""t"":1030},{""x"":1030,""y"":772,""t"":1058},{""x"":1014,""y"":823,""t"":1102},{""x"":997,""y"":835,""t"":1130},{""x"":987,""y"":776,""t"":1160},{""x"":982,""y"":710,""t"":1205},{""x"":1004,""y"":653,""t"":1231},{""x"":1020,""y"":601,""t"":1263},{""x"":1039,""y"":545,""t"":1310},{""x"":1055,""y"":510,""t"":1337},{""x"":1068,""y"":484,""t"":1365},{""x"":1108,""y"":489,""t"":1407},{""x"":1141,""y"":528,""t"":1435},{""x"":1170,""y"":549,""t"":1466},{""x"":1191,""y"":587,""t"":1508},{""x"":1191,""y"":597,""t"":1534},{""x"":1212,""y"":623,""t"":1578},{""x"":1241,""y"":644,""t"":1604},{""x"":1250,""y"":664,""t"":1637},{""x"":1237,""y"":668,""t"":1679},{""x"":1216,""y"":668,""t"":1707},{""x"":1215,""y"":674,""t"":1738},{""x"":1217,""y"":683,""t"":1776},{""x"":1219,""y"":687,""t"":1805},{""x"":1173,""y"":708,""t"":1850},{""x"":1129,""y"":750,""t"":1877},{""x"":1087,""y"":776,""t"":1908},{""x"":1049,""y"":803,""t"":1948},{""x"":1022,""y"":821,""t"":1974}]","[{""x"":250,""y"":425,""width"":80,""height"":80,""top"":385,""right"":290,""bottom"":465,""left"":210},{""x"":400,""y"":165.1923788646684,""width"":80,""height"":80,""top"":125.1923788646684,""right"":440,""bottom"":205.1923788646684,""left"":360},{""x"":700,""y"":165.1923788646684,""width"":80,""height"":80,""top"":125.1923788646684,""right"":740,""bottom"":205.1923788646684,""left"":660},{""x"":850,""y"":425,""width"":80,""height"":80,""top"":385,""right"":890,""bottom"":465,""left"":810},{""x"":700,""y"":684.8076211353316,""width"":80,""height"":80,""top"":644.8076211353316,""right"":740,""bottom"":724.8076211353316,""left"":660},{""x"":400,""y"":684.8076211353316,""width"":80,""height"":80,""top"":644.8076211353316,""right"":440,""bottom"":724.8076211353316,""left"":360}]","{""#container"":{""x"":410,""y"":129.390625,""width"":1100,""height"":850,""top"":129.390625,""right"":1510,""bottom"":979.390625,""left"":410}}","[{'red': 0}, {'blue': 14}, {'green': 7}, {'cyan': 12}, {'yellow': 10}, {'purple': 0}]",{'yellow_1': 10},blue
94,,,,1131.0,9.0,9.0,"[""red"",""blue"",""purple"",""green"",""cyan"",""yellow""]",purple,True,"[{""x"":971,""y"":720,""t"":4},{""x"":925,""y"":639,""t"":40},{""x"":885,""y"":572,""t"":73},{""x"":856,""y"":514,""t"":118},{""x"":816,""y"":461,""t"":147},{""x"":790,""y"":418,""t"":176},{""x"":772,""y"":390,""t"":208},{""x"":750,""y"":361,""t"":253},{""x"":736,""y"":338,""t"":281},{""x"":723,""y"":327,""t"":310},{""x"":716,""y"":322,""t"":353},{""x"":716,""y"":325,""t"":378},{""x"":712,""y"":329,""t"":420},{""x"":699,""y"":332,""t"":447},{""x"":690,""y"":331,""t"":480},{""x"":682,""y"":339,""t"":521},{""x"":672,""y"":358,""t"":549},{""x"":705,""y"":361,""t"":587},{""x"":701,""y"":370,""t"":614},{""x"":715,""y"":363,""t"":657},{""x"":709,""y"":350,""t"":685},{""x"":750,""y"":351,""t"":725},{""x"":828,""y"":344,""t"":753},{""x"":900,""y"":352,""t"":795},{""x"":960,""y"":358,""t"":819},{""x"":1006,""y"":348,""t"":855},{""x"":1049,""y"":347,""t"":891},{""x"":1084,""y"":351,""t"":919},{""x"":1111,""y"":347,""t"":972},{""x"":1131,""y"":344,""t"":990},{""x"":1143,""y"":341,""t"":1028},{""x"":1146,""y"":349,""t"":1058},{""x"":1142,""y"":349,""t"":1099},{""x"":1140,""y"":369,""t"":1126},{""x"":1148,""y"":365,""t"":1162},{""x"":1177,""y"":420,""t"":1194},{""x"":1222,""y"":475,""t"":1244},{""x"":1258,""y"":521,""t"":1262},{""x"":1274,""y"":552,""t"":1304},{""x"":1287,""y"":579,""t"":1331},{""x"":1293,""y"":602,""t"":1364},{""x"":1269,""y"":622,""t"":1402},{""x"":1257,""y"":615,""t"":1429},{""x"":1213,""y"":622,""t"":1466},{""x"":1186,""y"":626,""t"":1520},{""x"":1166,""y"":624,""t"":1535},{""x"":1145,""y"":620,""t"":1580},{""x"":1127,""y"":634,""t"":1604},{""x"":1078,""y"":678,""t"":1635},{""x"":1051,""y"":718,""t"":1677},{""x"":1039,""y"":765,""t"":1704},{""x"":1024,""y"":806,""t"":1742},{""x"":1020,""y"":826,""t"":1772},{""x"":1018,""y"":848,""t"":1821},{""x"":1007,""y"":863,""t"":1848},{""x"":1011,""y"":875,""t"":1876},{""x"":1015,""y"":889,""t"":1908},{""x"":1023,""y"":897,""t"":1951},{""x"":1032,""y"":899,""t"":1980}]","[{""x"":250,""y"":425,""width"":80,""height"":80,""top"":385,""right"":290,""bottom"":465,""left"":210},{""x"":400,""y"":165.1923788646684,""width"":80,""height"":80,""top"":125.1923788646684,""right"":440,""bottom"":205.1923788646684,""left"":360},{""x"":700,""y"":165.1923788646684,""width"":80,""height"":80,""top"":125.1923788646684,""right"":740,""bottom"":205.1923788646684,""left"":660},{""x"":850,""y"":425,""width"":80,""height"":80,""top"":385,""right"":890,""bottom"":465,""left"":810},{""x"":700,""y"":684.8076211353316,""width"":80,""height"":80,""top"":644.8076211353316,""right"":740,""bottom"":724.8076211353316,""left"":660},{""x"":400,""y"":684.8076211353316,""width"":80,""height"":80,""top"":644.8076211353316,""right"":440,""bottom"":724.8076211353316,""left"":360}]","{""#container"":{""x"":410,""y"":129.390625,""width"":1100,""height"":850,""top"":129.390625,""right"":1510,""bottom"":979.390625,""left"":410}}","[{'red': 0}, {'blue': 18}, {'purple': 11}, {'green': 11}, {'cyan': 11}, {'yellow': 0}]",{'purple': 11},blue
95,,,,741.0,3.0,3.0,"[""green"",""red"",""purple"",""blue"",""cyan"",""yellow""]",cyan_1,True,"[{""x"":993,""y"":797,""t"":5},{""x"":940,""y"":715,""t"":45},{""x"":877,""y"":625,""t"":75},{""x"":828,""y"":541,""t"":106},{""x"":784,""y"":483,""t"":156},{""x"":750,""y"":438,""t"":172},{""x"":718,""y"":414,""t"":212},{""x"":705,""y"":389,""t"":242},{""x"":692,""y"":363,""t"":282},{""x"":694,""y"":354,""t"":307},{""x"":655,""y"":324,""t"":346},{""x"":653,""y"":308,""t"":375},{""x"":659,""y"":315,""t"":428},{""x"":670,""y"":328,""t"":451},{""x"":683,""y"":315,""t"":480},{""x"":686,""y"":333,""t"":524},{""x"":702,""y"":334,""t"":552},{""x"":703,""y"":334,""t"":580},{""x"":699,""y"":336,""t"":618},{""x"":695,""y"":339,""t"":647},{""x"":715,""y"":340,""t"":700},{""x"":715,""y"":352,""t"":718},{""x"":730,""y"":363,""t"":763},{""x"":768,""y"":348,""t"":790},{""x"":850,""y"":357,""t"":820},{""x"":930,""y"":349,""t"":860},{""x"":998,""y"":348,""t"":887},{""x"":1049,""y"":356,""t"":927},{""x"":1094,""y"":359,""t"":956},{""x"":1128,""y"":370,""t"":1004},{""x"":1150,""y"":397,""t"":1031},{""x"":1196,""y"":449,""t"":1059},{""x"":1224,""y"":508,""t"":1101},{""x"":1241,""y"":552,""t"":1128},{""x"":1245,""y"":586,""t"":1160},{""x"":1276,""y"":610,""t"":1201},{""x"":1298,""y"":633,""t"":1228},{""x"":1287,""y"":647,""t"":1267},{""x"":1272,""y"":658,""t"":1296},{""x"":1263,""y"":668,""t"":1331},{""x"":1254,""y"":680,""t"":1374},{""x"":1259,""y"":683,""t"":1401},{""x"":1238,""y"":676,""t"":1432},{""x"":1212,""y"":681,""t"":1476},{""x"":1187,""y"":696,""t"":1504},{""x"":1164,""y"":682,""t"":1534},{""x"":1125,""y"":704,""t"":1573},{""x"":1086,""y"":739,""t"":1602},{""x"":1056,""y"":777,""t"":1642},{""x"":1033,""y"":808,""t"":1668},{""x"":1008,""y"":833,""t"":1706},{""x"":987,""y"":847,""t"":1735},{""x"":959,""y"":867,""t"":1776},{""x"":915,""y"":881,""t"":1806},{""x"":871,""y"":893,""t"":1848},{""x"":849,""y"":914,""t"":1874},{""x"":833,""y"":919,""t"":1913},{""x"":811,""y"":920,""t"":1943},{""x"":798,""y"":900,""t"":1977}]","[{""x"":250,""y"":425,""width"":80,""height"":80,""top"":385,""right"":290,""bottom"":465,""left"":210},{""x"":400,""y"":165.1923788646684,""width"":80,""height"":80,""top"":125.1923788646684,""right"":440,""bottom"":205.1923788646684,""left"":360},{""x"":700,""y"":165.1923788646684,""width"":80,""height"":80,""top"":125.1923788646684,""right"":740,""bottom"":205.1923788646684,""left"":660},{""x"":850,""y"":425,""width"":80,""height"":80,""top"":385,""right"":890,""bottom"":465,""left"":810},{""x"":700,""y"":684.8076211353316,""width"":80,""height"":80,""top"":644.8076211353316,""right"":740,""bottom"":724.8076211353316,""left"":660},{""x"":400,""y"":684.8076211353316,""width"":80,""height"":80,""top"":644.8076211353316,""right"":440,""bottom"":724.8076211353316,""left"":360}]","{""#container"":{""x"":410,""y"":129.390625,""width"":1100,""height"":850,""top"":129.390625,""right"":1510,""bottom"":979.390625,""left"":410}}","[{'green': 2}, {'red': 16}, {'purple': 5}, {'blue': 13}, {'cyan': 9}, {'yellow': 6}]",{'cyan_1': 9},red
96,,,,629.0,9.0,9.0,"[""yellow"",""green"",""blue"",""purple"",""cyan"",""red""]",blue_1,True,"[{""x"":797,""y"":797,""t"":5},{""x"":807,""y"":707,""t"":39},{""x"":823,""y"":638,""t"":86},{""x"":832,""y"":572,""t"":115},{""x"":844,""y"":499,""t"":142},{""x"":857,""y"":464,""t"":175},{""x"":861,""y"":437,""t"":221},{""x"":857,""y"":431,""t"":245},{""x"":848,""y"":400,""t"":276},{""x"":833,""y"":370,""t"":319},{""x"":805,""y"":348,""t"":348},{""x"":790,""y"":319,""t"":378},{""x"":775,""y"":313,""t"":421},{""x"":754,""y"":299,""t"":449},{""x"":739,""y"":293,""t"":480},{""x"":731,""y"":282,""t"":524},{""x"":721,""y"":276,""t"":551},{""x"":676,""y"":267,""t"":582},{""x"":683,""y"":251,""t"":627},{""x"":671,""y"":250,""t"":651},{""x"":687,""y"":246,""t"":695},{""x"":641,""y"":253,""t"":722},{""x"":613,""y"":247,""t"":752},{""x"":578,""y"":248,""t"":791},{""x"":568,""y"":280,""t"":820},{""x"":579,""y"":299,""t"":859},{""x"":583,""y"":314,""t"":887},{""x"":618,""y"":355,""t"":924},{""x"":633,""y"":379,""t"":953},{""x"":646,""y"":392,""t"":995},{""x"":665,""y"":399,""t"":1025},{""x"":667,""y"":407,""t"":1067},{""x"":658,""y"":407,""t"":1095},{""x"":658,""y"":406,""t"":1126},{""x"":669,""y"":414,""t"":1163},{""x"":682,""y"":406,""t"":1192},{""x"":691,""y"":411,""t"":1227},{""x"":715,""y"":426,""t"":1278},{""x"":698,""y"":430,""t"":1296},{""x"":697,""y"":430,""t"":1341},{""x"":684,""y"":416,""t"":1366},{""x"":700,""y"":421,""t"":1397},{""x"":668,""y"":401,""t"":1435},{""x"":661,""y"":393,""t"":1463},{""x"":620,""y"":350,""t"":1499},{""x"":616,""y"":325,""t"":1549},{""x"":596,""y"":331,""t"":1577},{""x"":669,""y"":324,""t"":1602},{""x"":746,""y"":309,""t"":1645},{""x"":843,""y"":304,""t"":1670},{""x"":921,""y"":306,""t"":1712},{""x"":982,""y"":316,""t"":1740},{""x"":1040,""y"":324,""t"":1771},{""x"":1082,""y"":315,""t"":1821},{""x"":1117,""y"":317,""t"":1845},{""x"":1133,""y"":319,""t"":1874},{""x"":1154,""y"":320,""t"":1917},{""x"":1154,""y"":315,""t"":1946},{""x"":1151,""y"":317,""t"":1975}]","[{""x"":250,""y"":425,""width"":80,""height"":80,""top"":385,""right"":290,""bottom"":465,""left"":210},{""x"":400,""y"":165.1923788646684,""width"":80,""height"":80,""top"":125.1923788646684,""right"":440,""bottom"":205.1923788646684,""left"":360},{""x"":700,""y"":165.1923788646684,""width"":80,""height"":80,""top"":125.1923788646684,""right"":740,""bottom"":205.1923788646684,""left"":660},{""x"":850,""y"":425,""width"":80,""height"":80,""top"":385,""right"":890,""bottom"":465,""left"":810},{""x"":700,""y"":684.8076211353316,""width"":80,""height"":80,""top"":644.8076211353316,""right"":740,""bottom"":724.8076211353316,""left"":660},{""x"":400,""y"":684.8076211353316,""width"":80,""height"":80,""top"":644.8076211353316,""right"":440,""bottom"":724.8076211353316,""left"":360}]","{""#container"":{""x"":410,""y"":129.390625,""width"":1100,""height"":850,""top"":129.390625,""right"":1510,""bottom"":979.390625,""left"":410}}","[{'yellow': 10}, {'green': 18}, {'blue': 8}, {'purple': 0}, {'cyan': 0}, {'red': 2}]",{'blue_1': 8},green
97,,,,653.0,9.0,9.0,"[""green"",""red"",""cyan"",""purple"",""yellow"",""blue""]",cyan,True,"[{""x"":1065,""y"":333,""t"":5},{""x"":987,""y"":344,""t"":41},{""x"":923,""y"":365,""t"":72},{""x"":877,""y"":394,""t"":117},{""x"":831,""y"":409,""t"":142},{""x"":798,""y"":416,""t"":175},{""x"":762,""y"":422,""t"":218},{""x"":747,""y"":430,""t"":247},{""x"":727,""y"":429,""t"":276},{""x"":714,""y"":424,""t"":317},{""x"":698,""y"":430,""t"":344},{""x"":674,""y"":424,""t"":388},{""x"":679,""y"":427,""t"":416},{""x"":679,""y"":409,""t"":446},{""x"":694,""y"":402,""t"":489},{""x"":699,""y"":391,""t"":517},{""x"":712,""y"":412,""t"":547},{""x"":718,""y"":420,""t"":587},{""x"":737,""y"":432,""t"":614},{""x"":747,""y"":446,""t"":658},{""x"":767,""y"":449,""t"":684},{""x"":777,""y"":453,""t"":728},{""x"":799,""y"":446,""t"":756},{""x"":856,""y"":435,""t"":786},{""x"":914,""y"":433,""t"":827},{""x"":974,""y"":411,""t"":855},{""x"":1021,""y"":394,""t"":888},{""x"":1056,""y"":379,""t"":923},{""x"":1081,""y"":387,""t"":956},{""x"":1109,""y"":391,""t"":1009},{""x"":1129,""y"":396,""t"":1025},{""x"":1139,""y"":388,""t"":1058},{""x"":1144,""y"":379,""t"":1094},{""x"":1144,""y"":372,""t"":1126},{""x"":1179,""y"":408,""t"":1163},{""x"":1206,""y"":440,""t"":1192},{""x"":1237,""y"":513,""t"":1227},{""x"":1250,""y"":570,""t"":1277},{""x"":1259,""y"":616,""t"":1304},{""x"":1274,""y"":658,""t"":1332},{""x"":1272,""y"":688,""t"":1364},{""x"":1244,""y"":696,""t"":1410},{""x"":1218,""y"":747,""t"":1439},{""x"":1170,""y"":755,""t"":1463},{""x"":1124,""y"":784,""t"":1501},{""x"":1093,""y"":809,""t"":1548},{""x"":1069,""y"":828,""t"":1575},{""x"":1039,""y"":850,""t"":1601},{""x"":1033,""y"":866,""t"":1645},{""x"":1037,""y"":871,""t"":1673},{""x"":1032,""y"":874,""t"":1704},{""x"":1002,""y"":804,""t"":1743},{""x"":1001,""y"":710,""t"":1772},{""x"":1004,""y"":607,""t"":1815},{""x"":977,""y"":544,""t"":1842},{""x"":961,""y"":487,""t"":1874},{""x"":946,""y"":429,""t"":1917},{""x"":925,""y"":387,""t"":1942},{""x"":925,""y"":343,""t"":1985}]","[{""x"":250,""y"":425,""width"":80,""height"":80,""top"":385,""right"":290,""bottom"":465,""left"":210},{""x"":400,""y"":165.1923788646684,""width"":80,""height"":80,""top"":125.1923788646684,""right"":440,""bottom"":205.1923788646684,""left"":360},{""x"":700,""y"":165.1923788646684,""width"":80,""height"":80,""top"":125.1923788646684,""right"":740,""bottom"":205.1923788646684,""left"":660},{""x"":850,""y"":425,""width"":80,""height"":80,""top"":385,""right"":890,""bottom"":465,""left"":810},{""x"":700,""y"":684.8076211353316,""width"":80,""height"":80,""top"":644.8076211353316,""right"":740,""bottom"":724.8076211353316,""left"":660},{""x"":400,""y"":684.8076211353316,""width"":80,""height"":80,""top"":644.8076211353316,""right"":440,""bottom"":724.8076211353316,""left"":360}]","{""#container"":{""x"":410,""y"":129.390625,""width"":1100,""height"":850,""top"":129.390625,""right"":1510,""bottom"":979.390625,""left"":410}}","[{'green': 9}, {'red': 10}, {'cyan': 11}, {'purple': 7}, {'yellow': 10}, {'blue': 0}]",{'cyan': 11},cyan
98,,,,919.0,6.0,6.0,"[""red"",""green"",""blue"",""yellow"",""purple"",""cyan""]",yellow,True,"[{""x"":881,""y"":290,""t"":4},{""x"":871,""y"":244,""t"":39},{""x"":862,""y"":247,""t"":85},{""x"":858,""y"":246,""t"":114},{""x"":856,""y"":241,""t"":143},{""x"":844,""y"":240,""t"":174},{""x"":837,""y"":239,""t"":217},{""x"":822,""y"":248,""t"":247},{""x"":808,""y"":251,""t"":277},{""x"":793,""y"":243,""t"":320},{""x"":771,""y"":275,""t"":349},{""x"":733,""y"":278,""t"":379},{""x"":716,""y"":284,""t"":423},{""x"":707,""y"":293,""t"":451},{""x"":698,""y"":320,""t"":481},{""x"":691,""y"":318,""t"":522},{""x"":690,""y"":347,""t"":550},{""x"":691,""y"":335,""t"":582},{""x"":697,""y"":346,""t"":619},{""x"":705,""y"":369,""t"":648},{""x"":714,""y"":378,""t"":691},{""x"":717,""y"":358,""t"":719},{""x"":710,""y"":355,""t"":752},{""x"":713,""y"":364,""t"":792},{""x"":713,""y"":362,""t"":820},{""x"":730,""y"":384,""t"":858},{""x"":745,""y"":403,""t"":885},{""x"":743,""y"":405,""t"":922},{""x"":825,""y"":402,""t"":973},{""x"":890,""y"":387,""t"":991},{""x"":944,""y"":377,""t"":1036},{""x"":1003,""y"":376,""t"":1063},{""x"":1050,""y"":375,""t"":1089},{""x"":1076,""y"":367,""t"":1128},{""x"":1106,""y"":361,""t"":1161},{""x"":1111,""y"":361,""t"":1195},{""x"":1125,""y"":360,""t"":1244},{""x"":1185,""y"":384,""t"":1268},{""x"":1227,""y"":446,""t"":1295},{""x"":1255,""y"":514,""t"":1340},{""x"":1260,""y"":551,""t"":1368},{""x"":1263,""y"":585,""t"":1399},{""x"":1255,""y"":620,""t"":1444},{""x"":1241,""y"":663,""t"":1471},{""x"":1239,""y"":677,""t"":1499},{""x"":1215,""y"":704,""t"":1548},{""x"":1194,""y"":748,""t"":1577},{""x"":1180,""y"":745,""t"":1602},{""x"":1161,""y"":759,""t"":1645},{""x"":1148,""y"":744,""t"":1672},{""x"":1133,""y"":726,""t"":1705},{""x"":1125,""y"":713,""t"":1744},{""x"":1114,""y"":694,""t"":1772},{""x"":1125,""y"":686,""t"":1818},{""x"":1103,""y"":755,""t"":1845},{""x"":1059,""y"":862,""t"":1874},{""x"":1020,""y"":954,""t"":1918},{""x"":991,""y"":1024,""t"":1946},{""x"":965,""y"":1075,""t"":1976}]","[{""x"":250,""y"":425,""width"":80,""height"":80,""top"":385,""right"":290,""bottom"":465,""left"":210},{""x"":400,""y"":165.1923788646684,""width"":80,""height"":80,""top"":125.1923788646684,""right"":440,""bottom"":205.1923788646684,""left"":360},{""x"":700,""y"":165.1923788646684,""width"":80,""height"":80,""top"":125.1923788646684,""right"":740,""bottom"":205.1923788646684,""left"":660},{""x"":850,""y"":425,""width"":80,""height"":80,""top"":385,""right"":890,""bottom"":465,""left"":810},{""x"":700,""y"":684.8076211353316,""width"":80,""height"":80,""top"":644.8076211353316,""right"":740,""bottom"":724.8076211353316,""left"":660},{""x"":400,""y"":684.8076211353316,""width"":80,""height"":80,""top"":644.8076211353316,""right"":440,""bottom"":724.8076211353316,""left"":360}]","{""#container"":{""x"":410,""y"":129.390625,""width"":1100,""height"":850,""top"":129.390625,""right"":1510,""bottom"":979.390625,""left"":410}}","[{'red': 0}, {'green': 30}, {'blue': 7}, {'yellow': 7}, {'purple': 10}, {'cyan': 0}]",{'yellow': 7},green
99,,,,966.0,6.0,6.0,"[""red"",""cyan"",""blue"",""green"",""purple"",""yellow""]",green_1,True,"[{""x"":909,""y"":887,""t"":5},{""x"":852,""y"":740,""t"":40},{""x"":814,""y"":619,""t"":86},{""x"":769,""y"":523,""t"":114},{""x"":730,""y"":446,""t"":141},{""x"":708,""y"":367,""t"":184},{""x"":696,""y"":322,""t"":211},{""x"":682,""y"":284,""t"":242},{""x"":680,""y"":253,""t"":282},{""x"":689,""y"":278,""t"":307},{""x"":695,""y"":250,""t"":346},{""x"":696,""y"":261,""t"":378},{""x"":707,""y"":250,""t"":427},{""x"":719,""y"":243,""t"":446},{""x"":730,""y"":241,""t"":482},{""x"":720,""y"":236,""t"":514},{""x"":717,""y"":273,""t"":554},{""x"":727,""y"":270,""t"":580},{""x"":816,""y"":298,""t"":618},{""x"":896,""y"":347,""t"":647},{""x"":957,""y"":340,""t"":699},{""x"":1006,""y"":349,""t"":717},{""x"":1057,""y"":371,""t"":763},{""x"":1097,""y"":415,""t"":790},{""x"":1129,""y"":450,""t"":819},{""x"":1141,""y"":501,""t"":864},{""x"":1155,""y"":542,""t"":891},{""x"":1164,""y"":575,""t"":919},{""x"":1169,""y"":589,""t"":972},{""x"":1171,""y"":598,""t"":989},{""x"":1171,""y"":611,""t"":1034},{""x"":1164,""y"":616,""t"":1058},{""x"":1166,""y"":627,""t"":1102},{""x"":1180,""y"":639,""t"":1129},{""x"":1167,""y"":643,""t"":1160},{""x"":1162,""y"":671,""t"":1203},{""x"":1160,""y"":660,""t"":1231},{""x"":1163,""y"":656,""t"":1261},{""x"":1153,""y"":653,""t"":1307},{""x"":1151,""y"":646,""t"":1334},{""x"":1157,""y"":652,""t"":1364},{""x"":1119,""y"":664,""t"":1407},{""x"":1082,""y"":712,""t"":1434},{""x"":1048,""y"":730,""t"":1466},{""x"":1025,""y"":761,""t"":1510},{""x"":1007,""y"":764,""t"":1538},{""x"":995,""y"":770,""t"":1568},{""x"":988,""y"":771,""t"":1610},{""x"":988,""y"":772,""t"":1633},{""x"":991,""y"":773,""t"":1678},{""x"":997,""y"":781,""t"":1704},{""x"":1003,""y"":787,""t"":1752},{""x"":1009,""y"":790,""t"":1779},{""x"":1010,""y"":780,""t"":1806},{""x"":1017,""y"":729,""t"":1849},{""x"":1004,""y"":667,""t"":1877},{""x"":1014,""y"":596,""t"":1908},{""x"":1010,""y"":525,""t"":1945},{""x"":988,""y"":463,""t"":1976}]","[{""x"":250,""y"":425,""width"":80,""height"":80,""top"":385,""right"":290,""bottom"":465,""left"":210},{""x"":400,""y"":165.1923788646684,""width"":80,""height"":80,""top"":125.1923788646684,""right"":440,""bottom"":205.1923788646684,""left"":360},{""x"":700,""y"":165.1923788646684,""width"":80,""height"":80,""top"":125.1923788646684,""right"":740,""bottom"":205.1923788646684,""left"":660},{""x"":850,""y"":425,""width"":80,""height"":80,""top"":385,""right"":890,""bottom"":465,""left"":810},{""x"":700,""y"":684.8076211353316,""width"":80,""height"":80,""top"":644.8076211353316,""right"":740,""bottom"":724.8076211353316,""left"":660},{""x"":400,""y"":684.8076211353316,""width"":80,""height"":80,""top"":644.8076211353316,""right"":440,""bottom"":724.8076211353316,""left"":360}]","{""#container"":{""x"":410,""y"":129.390625,""width"":1100,""height"":850,""top"":129.390625,""right"":1510,""bottom"":979.390625,""left"":410}}","[{'red': 2}, {'cyan': 15}, {'blue': 3}, {'green': 15}, {'purple': 13}, {'yellow': 2}]",{'green_1': 15},cyan
100,,,,877.0,1.0,1.0,"[""green"",""red"",""yellow"",""purple"",""cyan"",""blue""]",blue,True,"[{""x"":953,""y"":402,""t"":5},{""x"":941,""y"":346,""t"":47},{""x"":918,""y"":319,""t"":78},{""x"":881,""y"":287,""t"":107},{""x"":844,""y"":262,""t"":140},{""x"":814,""y"":236,""t"":185},{""x"":791,""y"":230,""t"":213},{""x"":766,""y"":252,""t"":243},{""x"":765,""y"":233,""t"":286},{""x"":757,""y"":235,""t"":312},{""x"":737,""y"":232,""t"":345},{""x"":750,""y"":235,""t"":388},{""x"":737,""y"":241,""t"":416},{""x"":735,""y"":286,""t"":446},{""x"":724,""y"":281,""t"":489},{""x"":719,""y"":286,""t"":516},{""x"":708,""y"":275,""t"":549},{""x"":713,""y"":316,""t"":588},{""x"":717,""y"":335,""t"":615},{""x"":709,""y"":318,""t"":655},{""x"":700,""y"":306,""t"":684},{""x"":686,""y"":324,""t"":728},{""x"":669,""y"":338,""t"":756},{""x"":692,""y"":343,""t"":786},{""x"":711,""y"":330,""t"":828},{""x"":722,""y"":333,""t"":854},{""x"":743,""y"":337,""t"":891},{""x"":733,""y"":306,""t"":922},{""x"":737,""y"":288,""t"":957},{""x"":748,""y"":298,""t"":1006},{""x"":760,""y"":306,""t"":1021},{""x"":764,""y"":316,""t"":1068},{""x"":771,""y"":307,""t"":1095},{""x"":771,""y"":308,""t"":1127},{""x"":768,""y"":318,""t"":1163},{""x"":790,""y"":324,""t"":1193},{""x"":877,""y"":358,""t"":1228},{""x"":944,""y"":327,""t"":1278},{""x"":999,""y"":301,""t"":1295},{""x"":1006,""y"":306,""t"":1342},{""x"":1050,""y"":286,""t"":1370},{""x"":1073,""y"":268,""t"":1398},{""x"":1096,""y"":274,""t"":1434},{""x"":1116,""y"":269,""t"":1466},{""x"":1129,""y"":286,""t"":1500},{""x"":1135,""y"":284,""t"":1534},{""x"":1153,""y"":288,""t"":1582},{""x"":1159,""y"":280,""t"":1609},{""x"":1150,""y"":282,""t"":1636},{""x"":1147,""y"":282,""t"":1678},{""x"":1149,""y"":276,""t"":1704},{""x"":1135,""y"":306,""t"":1749},{""x"":1123,""y"":315,""t"":1777},{""x"":1115,""y"":313,""t"":1805},{""x"":1112,""y"":322,""t"":1854},{""x"":1116,""y"":326,""t"":1877},{""x"":1135,""y"":393,""t"":1909},{""x"":1152,""y"":458,""t"":1951},{""x"":1189,""y"":504,""t"":1977}]","[{""x"":250,""y"":425,""width"":80,""height"":80,""top"":385,""right"":290,""bottom"":465,""left"":210},{""x"":400,""y"":165.1923788646684,""width"":80,""height"":80,""top"":125.1923788646684,""right"":440,""bottom"":205.1923788646684,""left"":360},{""x"":700,""y"":165.1923788646684,""width"":80,""height"":80,""top"":125.1923788646684,""right"":740,""bottom"":205.1923788646684,""left"":660},{""x"":850,""y"":425,""width"":80,""height"":80,""top"":385,""right"":890,""bottom"":465,""left"":810},{""x"":700,""y"":684.8076211353316,""width"":80,""height"":80,""top"":644.8076211353316,""right"":740,""bottom"":724.8076211353316,""left"":660},{""x"":400,""y"":684.8076211353316,""width"":80,""height"":80,""top"":644.8076211353316,""right"":440,""bottom"":724.8076211353316,""left"":360}]","{""#container"":{""x"":410,""y"":129.390625,""width"":1100,""height"":850,""top"":129.390625,""right"":1510,""bottom"":979.390625,""left"":410}}","[{'green': 0}, {'red': 37}, {'yellow': 19}, {'purple': 2}, {'cyan': 0}, {'blue': 0}]",,red
101,,,,926.0,4.0,4.0,"[""purple"",""blue"",""red"",""yellow"",""cyan"",""green""]",purple,True,"[{""x"":1117,""y"":466,""t"":5},{""x"":1049,""y"":427,""t"":40},{""x"":993,""y"":388,""t"":73},{""x"":946,""y"":371,""t"":119},{""x"":910,""y"":349,""t"":148},{""x"":870,""y"":320,""t"":176},{""x"":840,""y"":335,""t"":209},{""x"":809,""y"":311,""t"":250},{""x"":785,""y"":290,""t"":274},{""x"":763,""y"":271,""t"":313},{""x"":751,""y"":271,""t"":344},{""x"":725,""y"":308,""t"":378},{""x"":703,""y"":293,""t"":427},{""x"":719,""y"":280,""t"":445},{""x"":706,""y"":269,""t"":483},{""x"":700,""y"":297,""t"":514},{""x"":739,""y"":308,""t"":548},{""x"":834,""y"":311,""t"":585},{""x"":916,""y"":313,""t"":613},{""x"":971,""y"":304,""t"":649},{""x"":1014,""y"":292,""t"":699},{""x"":1059,""y"":283,""t"":726},{""x"":1094,""y"":267,""t"":756},{""x"":1123,""y"":264,""t"":785},{""x"":1130,""y"":266,""t"":830},{""x"":1123,""y"":270,""t"":858},{""x"":1114,""y"":274,""t"":886},{""x"":1125,""y"":306,""t"":921},{""x"":1133,""y"":342,""t"":962},{""x"":1133,""y"":370,""t"":990},{""x"":1126,""y"":368,""t"":1035},{""x"":1127,""y"":368,""t"":1063},{""x"":1111,""y"":376,""t"":1092},{""x"":1100,""y"":365,""t"":1136},{""x"":1108,""y"":374,""t"":1163},{""x"":1105,""y"":375,""t"":1193},{""x"":1106,""y"":355,""t"":1236},{""x"":1096,""y"":346,""t"":1264},{""x"":1100,""y"":335,""t"":1296},{""x"":1095,""y"":323,""t"":1340},{""x"":1109,""y"":311,""t"":1367},{""x"":1125,""y"":312,""t"":1397},{""x"":1107,""y"":301,""t"":1440},{""x"":1119,""y"":295,""t"":1467},{""x"":1124,""y"":315,""t"":1510},{""x"":1160,""y"":386,""t"":1538},{""x"":1178,""y"":436,""t"":1568},{""x"":1154,""y"":478,""t"":1607},{""x"":1139,""y"":517,""t"":1636},{""x"":1125,""y"":549,""t"":1679},{""x"":1118,""y"":575,""t"":1707},{""x"":1117,""y"":596,""t"":1739},{""x"":1127,""y"":621,""t"":1781},{""x"":1131,""y"":635,""t"":1807},{""x"":1124,""y"":639,""t"":1840},{""x"":1084,""y"":646,""t"":1881},{""x"":1051,""y"":655,""t"":1906},{""x"":1042,""y"":659,""t"":1945},{""x"":1020,""y"":662,""t"":1976}]","[{""x"":250,""y"":425,""width"":80,""height"":80,""top"":385,""right"":290,""bottom"":465,""left"":210},{""x"":400,""y"":165.1923788646684,""width"":80,""height"":80,""top"":125.1923788646684,""right"":440,""bottom"":205.1923788646684,""left"":360},{""x"":700,""y"":165.1923788646684,""width"":80,""height"":80,""top"":125.1923788646684,""right"":740,""bottom"":205.1923788646684,""left"":660},{""x"":850,""y"":425,""width"":80,""height"":80,""top"":385,""right"":890,""bottom"":465,""left"":810},{""x"":700,""y"":684.8076211353316,""width"":80,""height"":80,""top"":644.8076211353316,""right"":740,""bottom"":724.8076211353316,""left"":660},{""x"":400,""y"":684.8076211353316,""width"":80,""height"":80,""top"":644.8076211353316,""right"":440,""bottom"":724.8076211353316,""left"":360}]","{""#container"":{""x"":410,""y"":129.390625,""width"":1100,""height"":850,""top"":129.390625,""right"":1510,""bottom"":979.390625,""left"":410}}","[{'purple': 0}, {'blue': 15}, {'red': 29}, {'yellow': 7}, {'cyan': 0}, {'green': 0}]",,red
102,,,,927.0,1.0,1.0,"[""yellow"",""purple"",""green"",""cyan"",""blue"",""red""]",red,True,"[{""x"":987,""y"":577,""t"":4},{""x"":965,""y"":510,""t"":39},{""x"":945,""y"":456,""t"":75},{""x"":917,""y"":406,""t"":107},{""x"":877,""y"":354,""t"":156},{""x"":845,""y"":312,""t"":174},{""x"":837,""y"":276,""t"":227},{""x"":832,""y"":248,""t"":244},{""x"":824,""y"":239,""t"":277},{""x"":804,""y"":233,""t"":315},{""x"":808,""y"":233,""t"":342},{""x"":789,""y"":240,""t"":378},{""x"":778,""y"":249,""t"":428},{""x"":771,""y"":246,""t"":446},{""x"":772,""y"":249,""t"":492},{""x"":806,""y"":252,""t"":519},{""x"":889,""y"":268,""t"":548},{""x"":962,""y"":275,""t"":590},{""x"":1024,""y"":293,""t"":617},{""x"":1077,""y"":295,""t"":650},{""x"":1118,""y"":299,""t"":700},{""x"":1135,""y"":290,""t"":723},{""x"":1141,""y"":300,""t"":752},{""x"":1144,""y"":293,""t"":795},{""x"":1142,""y"":288,""t"":823},{""x"":1137,""y"":284,""t"":854},{""x"":1138,""y"":285,""t"":896},{""x"":1130,""y"":276,""t"":924},{""x"":1120,""y"":275,""t"":956},{""x"":1123,""y"":284,""t"":1000},{""x"":1130,""y"":299,""t"":1027},{""x"":1139,""y"":311,""t"":1058},{""x"":1150,""y"":308,""t"":1100},{""x"":1165,""y"":322,""t"":1129},{""x"":1179,""y"":347,""t"":1161},{""x"":1182,""y"":410,""t"":1204},{""x"":1196,""y"":475,""t"":1231},{""x"":1218,""y"":537,""t"":1262},{""x"":1232,""y"":574,""t"":1306},{""x"":1250,""y"":618,""t"":1332},{""x"":1262,""y"":638,""t"":1364},{""x"":1248,""y"":662,""t"":1403},{""x"":1234,""y"":679,""t"":1430},{""x"":1177,""y"":696,""t"":1471},{""x"":1132,""y"":730,""t"":1501},{""x"":1094,""y"":765,""t"":1545},{""x"":1055,""y"":797,""t"":1570},{""x"":1035,""y"":818,""t"":1602},{""x"":1011,""y"":842,""t"":1641},{""x"":968,""y"":845,""t"":1670},{""x"":913,""y"":838,""t"":1706},{""x"":886,""y"":835,""t"":1737},{""x"":858,""y"":841,""t"":1788},{""x"":837,""y"":843,""t"":1812},{""x"":829,""y"":837,""t"":1841},{""x"":815,""y"":810,""t"":1882},{""x"":811,""y"":754,""t"":1908},{""x"":816,""y"":668,""t"":1942},{""x"":831,""y"":573,""t"":1978}]","[{""x"":250,""y"":425,""width"":80,""height"":80,""top"":385,""right"":290,""bottom"":465,""left"":210},{""x"":400,""y"":165.1923788646684,""width"":80,""height"":80,""top"":125.1923788646684,""right"":440,""bottom"":205.1923788646684,""left"":360},{""x"":700,""y"":165.1923788646684,""width"":80,""height"":80,""top"":125.1923788646684,""right"":740,""bottom"":205.1923788646684,""left"":660},{""x"":850,""y"":425,""width"":80,""height"":80,""top"":385,""right"":890,""bottom"":465,""left"":810},{""x"":700,""y"":684.8076211353316,""width"":80,""height"":80,""top"":644.8076211353316,""right"":740,""bottom"":724.8076211353316,""left"":660},{""x"":400,""y"":684.8076211353316,""width"":80,""height"":80,""top"":644.8076211353316,""right"":440,""bottom"":724.8076211353316,""left"":360}]","{""#container"":{""x"":410,""y"":129.390625,""width"":1100,""height"":850,""top"":129.390625,""right"":1510,""bottom"":979.390625,""left"":410}}","[{'yellow': 0}, {'purple': 13}, {'green': 19}, {'cyan': 7}, {'blue': 7}, {'red': 8}]",{'red': 8},green
103,,,,1276.0,6.0,6.0,"[""yellow"",""green"",""blue"",""red"",""purple"",""cyan""]",red,True,"[{""x"":838,""y"":473,""t"":4},{""x"":828,""y"":386,""t"":37},{""x"":847,""y"":328,""t"":73},{""x"":863,""y"":288,""t"":107},{""x"":882,""y"":265,""t"":140},{""x"":882,""y"":231,""t"":189},{""x"":881,""y"":209,""t"":216},{""x"":875,""y"":188,""t"":245},{""x"":863,""y"":180,""t"":276},{""x"":831,""y"":189,""t"":318},{""x"":798,""y"":196,""t"":345},{""x"":771,""y"":202,""t"":388},{""x"":745,""y"":215,""t"":415},{""x"":726,""y"":224,""t"":446},{""x"":730,""y"":236,""t"":493},{""x"":710,""y"":242,""t"":520},{""x"":725,""y"":307,""t"":547},{""x"":764,""y"":472,""t"":591},{""x"":794,""y"":646,""t"":618},{""x"":811,""y"":742,""t"":650},{""x"":833,""y"":775,""t"":692},{""x"":859,""y"":728,""t"":721},{""x"":862,""y"":652,""t"":752},{""x"":864,""y"":593,""t"":796},{""x"":856,""y"":536,""t"":824},{""x"":848,""y"":471,""t"":854},{""x"":840,""y"":436,""t"":896},{""x"":900,""y"":401,""t"":921},{""x"":956,""y"":397,""t"":964},{""x"":1020,""y"":403,""t"":992},{""x"":1069,""y"":366,""t"":1024},{""x"":1098,""y"":351,""t"":1066},{""x"":1113,""y"":332,""t"":1094},{""x"":1146,""y"":342,""t"":1127},{""x"":1201,""y"":395,""t"":1162},{""x"":1228,""y"":451,""t"":1194},{""x"":1250,""y"":510,""t"":1236},{""x"":1263,""y"":550,""t"":1262},{""x"":1263,""y"":583,""t"":1305},{""x"":1227,""y"":595,""t"":1333},{""x"":1212,""y"":610,""t"":1365},{""x"":1216,""y"":633,""t"":1404},{""x"":1192,""y"":645,""t"":1429},{""x"":1166,""y"":637,""t"":1466},{""x"":1097,""y"":679,""t"":1517},{""x"":1038,""y"":713,""t"":1535},{""x"":1015,""y"":748,""t"":1581},{""x"":997,""y"":775,""t"":1605},{""x"":980,""y"":789,""t"":1636},{""x"":966,""y"":797,""t"":1674},{""x"":947,""y"":802,""t"":1704},{""x"":919,""y"":784,""t"":1739},{""x"":887,""y"":793,""t"":1772},{""x"":847,""y"":807,""t"":1821},{""x"":813,""y"":790,""t"":1847},{""x"":795,""y"":775,""t"":1874},{""x"":786,""y"":796,""t"":1919},{""x"":767,""y"":801,""t"":1945},{""x"":763,""y"":797,""t"":1976}]","[{""x"":250,""y"":425,""width"":80,""height"":80,""top"":385,""right"":290,""bottom"":465,""left"":210},{""x"":400,""y"":165.1923788646684,""width"":80,""height"":80,""top"":125.1923788646684,""right"":440,""bottom"":205.1923788646684,""left"":360},{""x"":700,""y"":165.1923788646684,""width"":80,""height"":80,""top"":125.1923788646684,""right"":740,""bottom"":205.1923788646684,""left"":660},{""x"":850,""y"":425,""width"":80,""height"":80,""top"":385,""right"":890,""bottom"":465,""left"":810},{""x"":700,""y"":684.8076211353316,""width"":80,""height"":80,""top"":644.8076211353316,""right"":740,""bottom"":724.8076211353316,""left"":660},{""x"":400,""y"":684.8076211353316,""width"":80,""height"":80,""top"":644.8076211353316,""right"":440,""bottom"":724.8076211353316,""left"":360}]","{""#container"":{""x"":410,""y"":129.390625,""width"":1100,""height"":850,""top"":129.390625,""right"":1510,""bottom"":979.390625,""left"":410}}","[{'yellow': 1}, {'green': 18}, {'blue': 6}, {'red': 9}, {'purple': 6}, {'cyan': 12}]",{'red': 9},green
104,,,,1158.0,1.0,1.0,"[""blue"",""cyan"",""red"",""green"",""purple"",""yellow""]",yellow_1,True,"[{""x"":822,""y"":737,""t"":5},{""x"":846,""y"":663,""t"":43},{""x"":877,""y"":601,""t"":74},{""x"":898,""y"":553,""t"":106},{""x"":925,""y"":527,""t"":156},{""x"":952,""y"":508,""t"":182},{""x"":985,""y"":499,""t"":209},{""x"":1012,""y"":494,""t"":247},{""x"":1004,""y"":486,""t"":277},{""x"":942,""y"":429,""t"":314},{""x"":901,""y"":399,""t"":344},{""x"":831,""y"":356,""t"":378},{""x"":763,""y"":306,""t"":428},{""x"":708,""y"":266,""t"":446},{""x"":689,""y"":238,""t"":492},{""x"":685,""y"":243,""t"":519},{""x"":697,""y"":261,""t"":548},{""x"":703,""y"":266,""t"":591},{""x"":686,""y"":264,""t"":620},{""x"":690,""y"":245,""t"":650},{""x"":692,""y"":258,""t"":700},{""x"":694,""y"":247,""t"":717},{""x"":689,""y"":226,""t"":763},{""x"":697,""y"":213,""t"":790},{""x"":729,""y"":205,""t"":820},{""x"":720,""y"":199,""t"":863},{""x"":720,""y"":195,""t"":890},{""x"":714,""y"":249,""t"":923},{""x"":722,""y"":329,""t"":968},{""x"":700,""y"":411,""t"":992},{""x"":693,""y"":458,""t"":1023},{""x"":715,""y"":522,""t"":1067},{""x"":726,""y"":588,""t"":1094},{""x"":769,""y"":684,""t"":1126},{""x"":800,""y"":748,""t"":1170},{""x"":821,""y"":823,""t"":1196},{""x"":838,""y"":882,""t"":1228},{""x"":849,""y"":931,""t"":1273},{""x"":846,""y"":926,""t"":1300},{""x"":845,""y"":926,""t"":1331},{""x"":868,""y"":931,""t"":1369},{""x"":883,""y"":933,""t"":1396},{""x"":928,""y"":942,""t"":1447},{""x"":968,""y"":933,""t"":1470},{""x"":1005,""y"":920,""t"":1500},{""x"":1029,""y"":913,""t"":1546},{""x"":1047,""y"":906,""t"":1570},{""x"":1065,""y"":904,""t"":1602},{""x"":1054,""y"":842,""t"":1642},{""x"":1042,""y"":788,""t"":1668},{""x"":994,""y"":664,""t"":1706},{""x"":968,""y"":567,""t"":1735},{""x"":953,""y"":496,""t"":1788},{""x"":938,""y"":440,""t"":1812},{""x"":924,""y"":389,""t"":1840},{""x"":906,""y"":353,""t"":1879},{""x"":898,""y"":329,""t"":1908},{""x"":893,""y"":390,""t"":1947},{""x"":880,""y"":438,""t"":1974}]","[{""x"":250,""y"":425,""width"":80,""height"":80,""top"":385,""right"":290,""bottom"":465,""left"":210},{""x"":400,""y"":165.1923788646684,""width"":80,""height"":80,""top"":125.1923788646684,""right"":440,""bottom"":205.1923788646684,""left"":360},{""x"":700,""y"":165.1923788646684,""width"":80,""height"":80,""top"":125.1923788646684,""right"":740,""bottom"":205.1923788646684,""left"":660},{""x"":850,""y"":425,""width"":80,""height"":80,""top"":385,""right"":890,""bottom"":465,""left"":810},{""x"":700,""y"":684.8076211353316,""width"":80,""height"":80,""top"":644.8076211353316,""right"":740,""bottom"":724.8076211353316,""left"":660},{""x"":400,""y"":684.8076211353316,""width"":80,""height"":80,""top"":644.8076211353316,""right"":440,""bottom"":724.8076211353316,""left"":360}]","{""#container"":{""x"":410,""y"":129.390625,""width"":1100,""height"":850,""top"":129.390625,""right"":1510,""bottom"":979.390625,""left"":410}}","[{'blue': 4}, {'cyan': 23}, {'red': 0}, {'green': 0}, {'purple': 6}, {'yellow': 10}]",{'yellow_1': 10},cyan
105,,,,1143.0,1.0,1.0,"[""yellow"",""cyan"",""red"",""purple"",""blue"",""green""]",green_1,True,"[{""x"":858,""y"":436,""t"":5},{""x"":853,""y"":450,""t"":38},{""x"":848,""y"":457,""t"":88},{""x"":864,""y"":478,""t"":106},{""x"":868,""y"":492,""t"":148},{""x"":867,""y"":512,""t"":177},{""x"":865,""y"":520,""t"":208},{""x"":871,""y"":553,""t"":253},{""x"":853,""y"":530,""t"":277},{""x"":820,""y"":497,""t"":310},{""x"":785,""y"":480,""t"":356},{""x"":784,""y"":470,""t"":383},{""x"":763,""y"":449,""t"":412},{""x"":719,""y"":425,""t"":453},{""x"":718,""y"":429,""t"":480},{""x"":684,""y"":416,""t"":523},{""x"":659,""y"":405,""t"":549},{""x"":651,""y"":389,""t"":582},{""x"":663,""y"":373,""t"":621},{""x"":641,""y"":369,""t"":651},{""x"":611,""y"":362,""t"":690},{""x"":627,""y"":364,""t"":718},{""x"":603,""y"":371,""t"":761},{""x"":632,""y"":384,""t"":788},{""x"":615,""y"":385,""t"":819},{""x"":609,""y"":369,""t"":859},{""x"":604,""y"":356,""t"":885},{""x"":596,""y"":367,""t"":923},{""x"":605,""y"":373,""t"":966},{""x"":643,""y"":382,""t"":993},{""x"":723,""y"":402,""t"":1023},{""x"":800,""y"":409,""t"":1066},{""x"":851,""y"":409,""t"":1093},{""x"":906,""y"":414,""t"":1126},{""x"":941,""y"":409,""t"":1162},{""x"":964,""y"":404,""t"":1194},{""x"":986,""y"":405,""t"":1227},{""x"":997,""y"":413,""t"":1276},{""x"":1002,""y"":391,""t"":1303},{""x"":1045,""y"":425,""t"":1330},{""x"":1084,""y"":498,""t"":1372},{""x"":1100,""y"":552,""t"":1396},{""x"":1126,""y"":604,""t"":1435},{""x"":1155,""y"":649,""t"":1464},{""x"":1175,""y"":678,""t"":1499},{""x"":1183,""y"":720,""t"":1548},{""x"":1190,""y"":719,""t"":1576},{""x"":1198,""y"":713,""t"":1602},{""x"":1208,""y"":714,""t"":1645},{""x"":1215,""y"":707,""t"":1670},{""x"":1196,""y"":707,""t"":1713},{""x"":1159,""y"":733,""t"":1740},{""x"":1128,""y"":766,""t"":1771},{""x"":1096,""y"":790,""t"":1821},{""x"":1068,""y"":816,""t"":1849},{""x"":1043,""y"":838,""t"":1876},{""x"":1033,""y"":861,""t"":1908},{""x"":1019,""y"":879,""t"":1950},{""x"":1009,""y"":891,""t"":1977}]","[{""x"":250,""y"":425,""width"":80,""height"":80,""top"":385,""right"":290,""bottom"":465,""left"":210},{""x"":400,""y"":165.1923788646684,""width"":80,""height"":80,""top"":125.1923788646684,""right"":440,""bottom"":205.1923788646684,""left"":360},{""x"":700,""y"":165.1923788646684,""width"":80,""height"":80,""top"":125.1923788646684,""right"":740,""bottom"":205.1923788646684,""left"":660},{""x"":850,""y"":425,""width"":80,""height"":80,""top"":385,""right"":890,""bottom"":465,""left"":810},{""x"":700,""y"":684.8076211353316,""width"":80,""height"":80,""top"":644.8076211353316,""right"":740,""bottom"":724.8076211353316,""left"":660},{""x"":400,""y"":684.8076211353316,""width"":80,""height"":80,""top"":644.8076211353316,""right"":440,""bottom"":724.8076211353316,""left"":360}]","{""#container"":{""x"":410,""y"":129.390625,""width"":1100,""height"":850,""top"":129.390625,""right"":1510,""bottom"":979.390625,""left"":410}}","[{'yellow': 7}, {'cyan': 4}, {'red': 2}, {'purple': 2}, {'blue': 13}, {'green': 0}]",,blue
106,,,,1310.0,3.0,3.0,"[""yellow"",""red"",""cyan"",""green"",""purple"",""blue""]",purple,True,"[{""x"":933,""y"":767,""t"":5},{""x"":883,""y"":626,""t"":46},{""x"":835,""y"":509,""t"":75},{""x"":827,""y"":424,""t"":103},{""x"":817,""y"":371,""t"":148},{""x"":810,""y"":321,""t"":177},{""x"":798,""y"":290,""t"":208},{""x"":797,""y"":260,""t"":251},{""x"":812,""y"":257,""t"":276},{""x"":808,""y"":254,""t"":310},{""x"":806,""y"":262,""t"":346},{""x"":800,""y"":268,""t"":378},{""x"":799,""y"":401,""t"":429},{""x"":808,""y"":503,""t"":447},{""x"":816,""y"":553,""t"":492},{""x"":807,""y"":563,""t"":519},{""x"":797,""y"":561,""t"":546},{""x"":801,""y"":517,""t"":587},{""x"":755,""y"":480,""t"":613},{""x"":750,""y"":453,""t"":650},{""x"":744,""y"":430,""t"":684},{""x"":716,""y"":412,""t"":732},{""x"":738,""y"":398,""t"":761},{""x"":719,""y"":384,""t"":788},{""x"":773,""y"":385,""t"":820},{""x"":823,""y"":379,""t"":862},{""x"":879,""y"":366,""t"":888},{""x"":915,""y"":356,""t"":928},{""x"":951,""y"":345,""t"":955},{""x"":967,""y"":340,""t"":1004},{""x"":979,""y"":339,""t"":1031},{""x"":998,""y"":350,""t"":1058},{""x"":1005,""y"":362,""t"":1100},{""x"":1008,""y"":374,""t"":1128},{""x"":1057,""y"":401,""t"":1160},{""x"":1078,""y"":448,""t"":1199},{""x"":1077,""y"":471,""t"":1227},{""x"":1105,""y"":518,""t"":1272},{""x"":1107,""y"":544,""t"":1300},{""x"":1110,""y"":571,""t"":1331},{""x"":1114,""y"":591,""t"":1372},{""x"":1119,""y"":606,""t"":1399},{""x"":1118,""y"":626,""t"":1432},{""x"":1090,""y"":684,""t"":1482},{""x"":1050,""y"":722,""t"":1499},{""x"":1028,""y"":766,""t"":1538},{""x"":1002,""y"":794,""t"":1567},{""x"":985,""y"":823,""t"":1610},{""x"":981,""y"":850,""t"":1637},{""x"":975,""y"":864,""t"":1670},{""x"":974,""y"":870,""t"":1706},{""x"":980,""y"":862,""t"":1735},{""x"":988,""y"":872,""t"":1786},{""x"":992,""y"":846,""t"":1813},{""x"":988,""y"":826,""t"":1839},{""x"":979,""y"":818,""t"":1882},{""x"":984,""y"":800,""t"":1909},{""x"":972,""y"":804,""t"":1942},{""x"":981,""y"":809,""t"":1978}]","[{""x"":250,""y"":425,""width"":80,""height"":80,""top"":385,""right"":290,""bottom"":465,""left"":210},{""x"":400,""y"":165.1923788646684,""width"":80,""height"":80,""top"":125.1923788646684,""right"":440,""bottom"":205.1923788646684,""left"":360},{""x"":700,""y"":165.1923788646684,""width"":80,""height"":80,""top"":125.1923788646684,""right"":740,""bottom"":205.1923788646684,""left"":660},{""x"":850,""y"":425,""width"":80,""height"":80,""top"":385,""right"":890,""bottom"":465,""left"":810},{""x"":700,""y"":684.8076211353316,""width"":80,""height"":80,""top"":644.8076211353316,""right"":740,""bottom"":724.8076211353316,""left"":660},{""x"":400,""y"":684.8076211353316,""width"":80,""height"":80,""top"":644.8076211353316,""right"":440,""bottom"":724.8076211353316,""left"":360}]","{""#container"":{""x"":410,""y"":129.390625,""width"":1100,""height"":850,""top"":129.390625,""right"":1510,""bottom"":979.390625,""left"":410}}","[{'yellow': 5}, {'red': 17}, {'cyan': 5}, {'green': 0}, {'purple': 16}, {'blue': 1}]",{'purple': 16},red
107,,,,759.0,4.0,4.0,"[""green"",""yellow"",""purple"",""blue"",""cyan"",""red""]",green_1,True,"[{""x"":970,""y"":779,""t"":5},{""x"":960,""y"":736,""t"":48},{""x"":957,""y"":703,""t"":75},{""x"":938,""y"":656,""t"":107},{""x"":912,""y"":631,""t"":153},{""x"":896,""y"":616,""t"":183},{""x"":892,""y"":583,""t"":208},{""x"":883,""y"":575,""t"":249},{""x"":895,""y"":554,""t"":278},{""x"":899,""y"":536,""t"":310},{""x"":894,""y"":486,""t"":350},{""x"":874,""y"":432,""t"":379},{""x"":856,""y"":395,""t"":427},{""x"":842,""y"":366,""t"":448},{""x"":845,""y"":334,""t"":479},{""x"":817,""y"":305,""t"":523},{""x"":807,""y"":286,""t"":549},{""x"":766,""y"":267,""t"":582},{""x"":766,""y"":272,""t"":620},{""x"":757,""y"":280,""t"":647},{""x"":755,""y"":281,""t"":684},{""x"":755,""y"":284,""t"":729},{""x"":755,""y"":303,""t"":756},{""x"":747,""y"":310,""t"":786},{""x"":744,""y"":307,""t"":821},{""x"":785,""y"":388,""t"":860},{""x"":812,""y"":530,""t"":888},{""x"":855,""y"":548,""t"":924},{""x"":903,""y"":576,""t"":953},{""x"":964,""y"":558,""t"":1006},{""x"":997,""y"":530,""t"":1033},{""x"":1035,""y"":494,""t"":1060},{""x"":1065,""y"":502,""t"":1092},{""x"":1074,""y"":513,""t"":1131},{""x"":1083,""y"":502,""t"":1158},{""x"":1099,""y"":475,""t"":1195},{""x"":1105,""y"":445,""t"":1228},{""x"":1100,""y"":411,""t"":1262},{""x"":1089,""y"":394,""t"":1310},{""x"":1072,""y"":375,""t"":1337},{""x"":1065,""y"":365,""t"":1364},{""x"":1071,""y"":362,""t"":1407},{""x"":1090,""y"":362,""t"":1435},{""x"":1082,""y"":354,""t"":1465},{""x"":1108,""y"":369,""t"":1509},{""x"":1117,""y"":408,""t"":1534},{""x"":1114,""y"":444,""t"":1582},{""x"":1108,""y"":476,""t"":1608},{""x"":1118,""y"":507,""t"":1635},{""x"":1117,""y"":533,""t"":1679},{""x"":1112,""y"":557,""t"":1706},{""x"":1110,""y"":570,""t"":1738},{""x"":1119,""y"":592,""t"":1782},{""x"":1123,""y"":613,""t"":1810},{""x"":1129,""y"":631,""t"":1840},{""x"":1123,""y"":626,""t"":1883},{""x"":1110,""y"":623,""t"":1911},{""x"":1111,""y"":634,""t"":1942},{""x"":1103,""y"":643,""t"":1983}]","[{""x"":250,""y"":425,""width"":80,""height"":80,""top"":385,""right"":290,""bottom"":465,""left"":210},{""x"":400,""y"":165.1923788646684,""width"":80,""height"":80,""top"":125.1923788646684,""right"":440,""bottom"":205.1923788646684,""left"":360},{""x"":700,""y"":165.1923788646684,""width"":80,""height"":80,""top"":125.1923788646684,""right"":740,""bottom"":205.1923788646684,""left"":660},{""x"":850,""y"":425,""width"":80,""height"":80,""top"":385,""right"":890,""bottom"":465,""left"":810},{""x"":700,""y"":684.8076211353316,""width"":80,""height"":80,""top"":644.8076211353316,""right"":740,""bottom"":724.8076211353316,""left"":660},{""x"":400,""y"":684.8076211353316,""width"":80,""height"":80,""top"":644.8076211353316,""right"":440,""bottom"":724.8076211353316,""left"":360}]","{""#container"":{""x"":410,""y"":129.390625,""width"":1100,""height"":850,""top"":129.390625,""right"":1510,""bottom"":979.390625,""left"":410}}","[{'green': 0}, {'yellow': 14}, {'purple': 10}, {'blue': 5}, {'cyan': 1}, {'red': 0}]",,yellow
108,,,,942.0,9.0,9.0,"[""green"",""cyan"",""purple"",""red"",""yellow"",""blue""]",purple_1,True,"[{""x"":1019,""y"":585,""t"":4},{""x"":953,""y"":537,""t"":38},{""x"":888,""y"":490,""t"":85},{""x"":841,""y"":460,""t"":111},{""x"":799,""y"":430,""t"":142},{""x"":761,""y"":401,""t"":174},{""x"":745,""y"":391,""t"":220},{""x"":734,""y"":372,""t"":249},{""x"":726,""y"":367,""t"":276},{""x"":712,""y"":355,""t"":321},{""x"":715,""y"":342,""t"":348},{""x"":716,""y"":330,""t"":377},{""x"":727,""y"":322,""t"":419},{""x"":731,""y"":336,""t"":446},{""x"":736,""y"":317,""t"":487},{""x"":736,""y"":315,""t"":516},{""x"":722,""y"":316,""t"":548},{""x"":715,""y"":315,""t"":587},{""x"":721,""y"":319,""t"":616},{""x"":721,""y"":335,""t"":660},{""x"":720,""y"":336,""t"":688},{""x"":719,""y"":345,""t"":717},{""x"":727,""y"":346,""t"":760},{""x"":752,""y"":357,""t"":786},{""x"":807,""y"":363,""t"":829},{""x"":886,""y"":373,""t"":857},{""x"":941,""y"":378,""t"":888},{""x"":981,""y"":383,""t"":928},{""x"":1012,""y"":388,""t"":953},{""x"":1025,""y"":383,""t"":991},{""x"":1033,""y"":394,""t"":1021},{""x"":1048,""y"":413,""t"":1064},{""x"":1066,""y"":399,""t"":1092},{""x"":1075,""y"":381,""t"":1136},{""x"":1081,""y"":366,""t"":1160},{""x"":1082,""y"":378,""t"":1194},{""x"":1097,""y"":427,""t"":1232},{""x"":1113,""y"":478,""t"":1263},{""x"":1121,""y"":521,""t"":1295},{""x"":1148,""y"":545,""t"":1345},{""x"":1149,""y"":575,""t"":1372},{""x"":1154,""y"":604,""t"":1399},{""x"":1154,""y"":618,""t"":1442},{""x"":1133,""y"":616,""t"":1471},{""x"":1114,""y"":612,""t"":1497},{""x"":1097,""y"":614,""t"":1535},{""x"":1084,""y"":608,""t"":1568},{""x"":1075,""y"":621,""t"":1622},{""x"":1068,""y"":631,""t"":1635},{""x"":1067,""y"":634,""t"":1682},{""x"":1058,""y"":633,""t"":1710},{""x"":1053,""y"":628,""t"":1737},{""x"":1047,""y"":630,""t"":1779},{""x"":1035,""y"":628,""t"":1807},{""x"":1031,""y"":636,""t"":1839},{""x"":1005,""y"":647,""t"":1889},{""x"":1003,""y"":677,""t"":1916},{""x"":1003,""y"":698,""t"":1944},{""x"":991,""y"":728,""t"":1976}]","[{""x"":250,""y"":425,""width"":80,""height"":80,""top"":385,""right"":290,""bottom"":465,""left"":210},{""x"":400,""y"":165.1923788646684,""width"":80,""height"":80,""top"":125.1923788646684,""right"":440,""bottom"":205.1923788646684,""left"":360},{""x"":700,""y"":165.1923788646684,""width"":80,""height"":80,""top"":125.1923788646684,""right"":740,""bottom"":205.1923788646684,""left"":660},{""x"":850,""y"":425,""width"":80,""height"":80,""top"":385,""right"":890,""bottom"":465,""left"":810},{""x"":700,""y"":684.8076211353316,""width"":80,""height"":80,""top"":644.8076211353316,""right"":740,""bottom"":724.8076211353316,""left"":660},{""x"":400,""y"":684.8076211353316,""width"":80,""height"":80,""top"":644.8076211353316,""right"":440,""bottom"":724.8076211353316,""left"":360}]","{""#container"":{""x"":410,""y"":129.390625,""width"":1100,""height"":850,""top"":129.390625,""right"":1510,""bottom"":979.390625,""left"":410}}","[{'green': 0}, {'cyan': 22}, {'purple': 9}, {'red': 6}, {'yellow': 1}, {'blue': 0}]",{'purple_1': 9},cyan
109,,,,654.0,1.0,1.0,"[""red"",""purple"",""yellow"",""cyan"",""green"",""blue""]",blue_1,True,"[{""x"":938,""y"":616,""t"":5},{""x"":913,""y"":520,""t"":40},{""x"":899,""y"":452,""t"":73},{""x"":857,""y"":413,""t"":108},{""x"":824,""y"":380,""t"":140},{""x"":828,""y"":349,""t"":189},{""x"":834,""y"":326,""t"":207},{""x"":813,""y"":302,""t"":253},{""x"":805,""y"":287,""t"":281},{""x"":792,""y"":270,""t"":309},{""x"":799,""y"":276,""t"":354},{""x"":806,""y"":277,""t"":383},{""x"":812,""y"":281,""t"":412},{""x"":809,""y"":288,""t"":461},{""x"":807,""y"":295,""t"":489},{""x"":799,""y"":297,""t"":514},{""x"":852,""y"":318,""t"":558},{""x"":927,""y"":341,""t"":585},{""x"":989,""y"":354,""t"":616},{""x"":1039,""y"":369,""t"":655},{""x"":1073,""y"":374,""t"":683},{""x"":1094,""y"":378,""t"":721},{""x"":1107,""y"":386,""t"":752},{""x"":1100,""y"":364,""t"":791},{""x"":1101,""y"":363,""t"":819},{""x"":1111,""y"":361,""t"":861},{""x"":1106,""y"":358,""t"":888},{""x"":1097,""y"":357,""t"":936},{""x"":1102,""y"":367,""t"":963},{""x"":1086,""y"":376,""t"":991},{""x"":1097,""y"":380,""t"":1024},{""x"":1096,""y"":427,""t"":1067},{""x"":1093,""y"":469,""t"":1092},{""x"":1096,""y"":515,""t"":1126},{""x"":1097,""y"":553,""t"":1163},{""x"":1095,""y"":586,""t"":1194},{""x"":1103,""y"":612,""t"":1237},{""x"":1107,""y"":622,""t"":1266},{""x"":1101,""y"":621,""t"":1295},{""x"":1107,""y"":616,""t"":1338},{""x"":1108,""y"":609,""t"":1366},{""x"":1104,""y"":611,""t"":1397},{""x"":1103,""y"":621,""t"":1436},{""x"":1102,""y"":628,""t"":1464},{""x"":1101,""y"":627,""t"":1499},{""x"":1109,""y"":638,""t"":1549},{""x"":1104,""y"":645,""t"":1576},{""x"":1097,""y"":643,""t"":1600},{""x"":1078,""y"":652,""t"":1640},{""x"":1053,""y"":672,""t"":1670},{""x"":1024,""y"":696,""t"":1707},{""x"":995,""y"":703,""t"":1738},{""x"":982,""y"":725,""t"":1771},{""x"":976,""y"":752,""t"":1821},{""x"":967,""y"":774,""t"":1840},{""x"":956,""y"":792,""t"":1885},{""x"":945,""y"":807,""t"":1913},{""x"":939,""y"":808,""t"":1942},{""x"":936,""y"":809,""t"":1985}]","[{""x"":250,""y"":425,""width"":80,""height"":80,""top"":385,""right"":290,""bottom"":465,""left"":210},{""x"":400,""y"":165.1923788646684,""width"":80,""height"":80,""top"":125.1923788646684,""right"":440,""bottom"":205.1923788646684,""left"":360},{""x"":700,""y"":165.1923788646684,""width"":80,""height"":80,""top"":125.1923788646684,""right"":740,""bottom"":205.1923788646684,""left"":660},{""x"":850,""y"":425,""width"":80,""height"":80,""top"":385,""right"":890,""bottom"":465,""left"":810},{""x"":700,""y"":684.8076211353316,""width"":80,""height"":80,""top"":644.8076211353316,""right"":740,""bottom"":724.8076211353316,""left"":660},{""x"":400,""y"":684.8076211353316,""width"":80,""height"":80,""top"":644.8076211353316,""right"":440,""bottom"":724.8076211353316,""left"":360}]","{""#container"":{""x"":410,""y"":129.390625,""width"":1100,""height"":850,""top"":129.390625,""right"":1510,""bottom"":979.390625,""left"":410}}","[{'red': 0}, {'purple': 15}, {'yellow': 14}, {'cyan': 0}, {'green': 3}, {'blue': 4}]",{'blue_1': 4},purple
110,,,,1438.0,9.0,4.0,"[""cyan"",""green"",""blue"",""yellow"",""purple"",""red""]",cyan,False,"[{""x"":906,""y"":691,""t"":5},{""x"":898,""y"":598,""t"":42},{""x"":893,""y"":520,""t"":69},{""x"":880,""y"":453,""t"":108},{""x"":864,""y"":404,""t"":140},{""x"":855,""y"":361,""t"":189},{""x"":858,""y"":333,""t"":219},{""x"":856,""y"":308,""t"":247},{""x"":870,""y"":298,""t"":275},{""x"":874,""y"":284,""t"":318},{""x"":868,""y"":291,""t"":346},{""x"":842,""y"":293,""t"":377},{""x"":827,""y"":310,""t"":422},{""x"":805,""y"":320,""t"":446},{""x"":814,""y"":320,""t"":494},{""x"":789,""y"":322,""t"":521},{""x"":774,""y"":330,""t"":549},{""x"":773,""y"":323,""t"":591},{""x"":776,""y"":320,""t"":616},{""x"":794,""y"":324,""t"":656},{""x"":789,""y"":319,""t"":684},{""x"":776,""y"":319,""t"":731},{""x"":778,""y"":323,""t"":759},{""x"":771,""y"":339,""t"":787},{""x"":757,""y"":342,""t"":826},{""x"":774,""y"":345,""t"":853},{""x"":792,""y"":347,""t"":895},{""x"":781,""y"":341,""t"":924},{""x"":778,""y"":341,""t"":956},{""x"":767,""y"":334,""t"":999},{""x"":754,""y"":328,""t"":1027},{""x"":763,""y"":325,""t"":1057},{""x"":765,""y"":310,""t"":1099},{""x"":767,""y"":297,""t"":1123},{""x"":795,""y"":302,""t"":1163},{""x"":818,""y"":308,""t"":1192},{""x"":838,""y"":317,""t"":1228},{""x"":854,""y"":325,""t"":1269},{""x"":846,""y"":331,""t"":1295},{""x"":839,""y"":334,""t"":1339},{""x"":922,""y"":356,""t"":1367},{""x"":988,""y"":361,""t"":1398},{""x"":1035,""y"":370,""t"":1436},{""x"":1073,""y"":378,""t"":1464},{""x"":1104,""y"":377,""t"":1517},{""x"":1127,""y"":376,""t"":1535},{""x"":1150,""y"":383,""t"":1581},{""x"":1160,""y"":400,""t"":1608},{""x"":1151,""y"":396,""t"":1636},{""x"":1155,""y"":398,""t"":1673},{""x"":1157,""y"":399,""t"":1704},{""x"":1161,""y"":404,""t"":1739},{""x"":1156,""y"":399,""t"":1772},{""x"":1148,""y"":401,""t"":1821},{""x"":1134,""y"":424,""t"":1848},{""x"":1124,""y"":469,""t"":1874},{""x"":1109,""y"":489,""t"":1917},{""x"":1102,""y"":523,""t"":1944},{""x"":1088,""y"":542,""t"":1976}]","[{""x"":250,""y"":425,""width"":80,""height"":80,""top"":385,""right"":290,""bottom"":465,""left"":210},{""x"":400,""y"":165.1923788646684,""width"":80,""height"":80,""top"":125.1923788646684,""right"":440,""bottom"":205.1923788646684,""left"":360},{""x"":700,""y"":165.1923788646684,""width"":80,""height"":80,""top"":125.1923788646684,""right"":740,""bottom"":205.1923788646684,""left"":660},{""x"":850,""y"":425,""width"":80,""height"":80,""top"":385,""right"":890,""bottom"":465,""left"":810},{""x"":700,""y"":684.8076211353316,""width"":80,""height"":80,""top"":644.8076211353316,""right"":740,""bottom"":724.8076211353316,""left"":660},{""x"":400,""y"":684.8076211353316,""width"":80,""height"":80,""top"":644.8076211353316,""right"":440,""bottom"":724.8076211353316,""left"":360}]","{""#container"":{""x"":410,""y"":129.390625,""width"":1100,""height"":850,""top"":129.390625,""right"":1510,""bottom"":979.390625,""left"":410}}","[{'cyan': 0}, {'green': 37}, {'blue': 14}, {'yellow': 0}, {'purple': 0}, {'red': 0}]",,green
111,,,,1189.0,3.0,6.0,"[""blue"",""green"",""yellow"",""red"",""purple"",""cyan""]",red_1,False,"[{""x"":1023,""y"":498,""t"":4},{""x"":980,""y"":456,""t"":44},{""x"":928,""y"":408,""t"":80},{""x"":900,""y"":394,""t"":108},{""x"":869,""y"":391,""t"":140},{""x"":848,""y"":388,""t"":188},{""x"":839,""y"":376,""t"":215},{""x"":818,""y"":370,""t"":243},{""x"":799,""y"":364,""t"":286},{""x"":785,""y"":360,""t"":311},{""x"":778,""y"":356,""t"":343},{""x"":771,""y"":336,""t"":378},{""x"":745,""y"":321,""t"":428},{""x"":710,""y"":307,""t"":446},{""x"":723,""y"":303,""t"":492},{""x"":727,""y"":302,""t"":519},{""x"":764,""y"":310,""t"":548},{""x"":732,""y"":315,""t"":589},{""x"":730,""y"":321,""t"":617},{""x"":764,""y"":317,""t"":661},{""x"":809,""y"":330,""t"":688},{""x"":843,""y"":318,""t"":718},{""x"":869,""y"":331,""t"":764},{""x"":921,""y"":316,""t"":793},{""x"":959,""y"":323,""t"":819},{""x"":1007,""y"":311,""t"":861},{""x"":1033,""y"":316,""t"":888},{""x"":1087,""y"":324,""t"":929},{""x"":1097,""y"":334,""t"":956},{""x"":1105,""y"":344,""t"":996},{""x"":1079,""y"":352,""t"":1024},{""x"":1071,""y"":355,""t"":1066},{""x"":1063,""y"":357,""t"":1091},{""x"":1081,""y"":368,""t"":1126},{""x"":1090,""y"":368,""t"":1171},{""x"":1075,""y"":371,""t"":1200},{""x"":1089,""y"":371,""t"":1228},{""x"":1083,""y"":371,""t"":1271},{""x"":1084,""y"":374,""t"":1298},{""x"":1103,""y"":378,""t"":1330},{""x"":1111,""y"":379,""t"":1370},{""x"":1111,""y"":357,""t"":1399},{""x"":1113,""y"":354,""t"":1434},{""x"":1111,""y"":352,""t"":1466},{""x"":1103,""y"":369,""t"":1510},{""x"":1108,""y"":387,""t"":1538},{""x"":1110,""y"":412,""t"":1567},{""x"":1107,""y"":472,""t"":1610},{""x"":1093,""y"":537,""t"":1635},{""x"":1093,""y"":559,""t"":1670},{""x"":1092,""y"":573,""t"":1706},{""x"":1091,""y"":584,""t"":1736},{""x"":1093,""y"":594,""t"":1788},{""x"":1102,""y"":614,""t"":1806},{""x"":1097,""y"":619,""t"":1857},{""x"":1093,""y"":621,""t"":1873},{""x"":1094,""y"":618,""t"":1912},{""x"":1094,""y"":603,""t"":1942},{""x"":1107,""y"":601,""t"":1978}]","[{""x"":250,""y"":425,""width"":80,""height"":80,""top"":385,""right"":290,""bottom"":465,""left"":210},{""x"":400,""y"":165.1923788646684,""width"":80,""height"":80,""top"":125.1923788646684,""right"":440,""bottom"":205.1923788646684,""left"":360},{""x"":700,""y"":165.1923788646684,""width"":80,""height"":80,""top"":125.1923788646684,""right"":740,""bottom"":205.1923788646684,""left"":660},{""x"":850,""y"":425,""width"":80,""height"":80,""top"":385,""right"":890,""bottom"":465,""left"":810},{""x"":700,""y"":684.8076211353316,""width"":80,""height"":80,""top"":644.8076211353316,""right"":740,""bottom"":724.8076211353316,""left"":660},{""x"":400,""y"":684.8076211353316,""width"":80,""height"":80,""top"":644.8076211353316,""right"":440,""bottom"":724.8076211353316,""left"":360}]","{""#container"":{""x"":410,""y"":129.390625,""width"":1100,""height"":850,""top"":129.390625,""right"":1510,""bottom"":979.390625,""left"":410}}","[{'blue': 0}, {'green': 21}, {'yellow': 22}, {'red': 0}, {'purple': 0}, {'cyan': 0}]",,yellow
112,,,,846.0,7.0,7.0,"[""yellow"",""green"",""blue"",""red"",""purple"",""cyan""]",green_1,True,"[{""x"":1033,""y"":536,""t"":4},{""x"":971,""y"":486,""t"":47},{""x"":911,""y"":437,""t"":74},{""x"":880,""y"":395,""t"":105},{""x"":837,""y"":366,""t"":147},{""x"":813,""y"":335,""t"":174},{""x"":780,""y"":308,""t"":214},{""x"":778,""y"":285,""t"":243},{""x"":770,""y"":274,""t"":284},{""x"":744,""y"":266,""t"":308},{""x"":727,""y"":261,""t"":348},{""x"":717,""y"":268,""t"":378},{""x"":736,""y"":357,""t"":418},{""x"":775,""y"":532,""t"":446},{""x"":776,""y"":632,""t"":486},{""x"":779,""y"":677,""t"":514},{""x"":783,""y"":668,""t"":556},{""x"":788,""y"":653,""t"":580},{""x"":804,""y"":622,""t"":619},{""x"":802,""y"":574,""t"":650},{""x"":807,""y"":539,""t"":684},{""x"":808,""y"":500,""t"":718},{""x"":813,""y"":472,""t"":766},{""x"":814,""y"":443,""t"":791},{""x"":813,""y"":422,""t"":821},{""x"":814,""y"":391,""t"":860},{""x"":804,""y"":367,""t"":888},{""x"":799,""y"":354,""t"":924},{""x"":794,""y"":346,""t"":954},{""x"":793,""y"":350,""t"":998},{""x"":805,""y"":345,""t"":1025},{""x"":854,""y"":325,""t"":1070},{""x"":923,""y"":324,""t"":1097},{""x"":975,""y"":323,""t"":1126},{""x"":1003,""y"":332,""t"":1169},{""x"":1025,""y"":340,""t"":1192},{""x"":1060,""y"":348,""t"":1227},{""x"":1094,""y"":360,""t"":1278},{""x"":1121,""y"":370,""t"":1296},{""x"":1114,""y"":367,""t"":1342},{""x"":1115,""y"":371,""t"":1369},{""x"":1111,""y"":368,""t"":1399},{""x"":1090,""y"":359,""t"":1438},{""x"":1082,""y"":357,""t"":1466},{""x"":1091,""y"":368,""t"":1515},{""x"":1067,""y"":351,""t"":1542},{""x"":1048,""y"":341,""t"":1570},{""x"":1035,""y"":332,""t"":1602},{""x"":1048,""y"":334,""t"":1646},{""x"":1042,""y"":336,""t"":1673},{""x"":1056,""y"":337,""t"":1703},{""x"":1076,""y"":348,""t"":1747},{""x"":1101,""y"":396,""t"":1772},{""x"":1129,""y"":437,""t"":1815},{""x"":1148,""y"":474,""t"":1842},{""x"":1178,""y"":511,""t"":1875},{""x"":1186,""y"":533,""t"":1916},{""x"":1207,""y"":565,""t"":1943},{""x"":1216,""y"":595,""t"":1977}]","[{""x"":250,""y"":425,""width"":80,""height"":80,""top"":385,""right"":290,""bottom"":465,""left"":210},{""x"":400,""y"":165.1923788646684,""width"":80,""height"":80,""top"":125.1923788646684,""right"":440,""bottom"":205.1923788646684,""left"":360},{""x"":700,""y"":165.1923788646684,""width"":80,""height"":80,""top"":125.1923788646684,""right"":740,""bottom"":205.1923788646684,""left"":660},{""x"":850,""y"":425,""width"":80,""height"":80,""top"":385,""right"":890,""bottom"":465,""left"":810},{""x"":700,""y"":684.8076211353316,""width"":80,""height"":80,""top"":644.8076211353316,""right"":740,""bottom"":724.8076211353316,""left"":660},{""x"":400,""y"":684.8076211353316,""width"":80,""height"":80,""top"":644.8076211353316,""right"":440,""bottom"":724.8076211353316,""left"":360}]","{""#container"":{""x"":410,""y"":129.390625,""width"":1100,""height"":850,""top"":129.390625,""right"":1510,""bottom"":979.390625,""left"":410}}","[{'yellow': 4}, {'green': 20}, {'blue': 21}, {'red': 5}, {'purple': 0}, {'cyan': 2}]",{'green_1': 20},blue
113,,,,813.0,9.0,9.0,"[""yellow"",""cyan"",""red"",""purple"",""blue"",""green""]",red,True,"[{""x"":1127,""y"":566,""t"":5},{""x"":1077,""y"":548,""t"":41},{""x"":1010,""y"":499,""t"":73},{""x"":944,""y"":441,""t"":124},{""x"":889,""y"":406,""t"":141},{""x"":856,""y"":367,""t"":174},{""x"":831,""y"":332,""t"":219},{""x"":805,""y"":298,""t"":247},{""x"":774,""y"":274,""t"":276},{""x"":747,""y"":260,""t"":325},{""x"":727,""y"":268,""t"":354},{""x"":718,""y"":266,""t"":381},{""x"":707,""y"":272,""t"":412},{""x"":695,""y"":281,""t"":456},{""x"":687,""y"":310,""t"":483},{""x"":680,""y"":322,""t"":514},{""x"":690,""y"":346,""t"":555},{""x"":697,""y"":326,""t"":581},{""x"":698,""y"":329,""t"":616},{""x"":696,""y"":346,""t"":659},{""x"":708,""y"":363,""t"":687},{""x"":718,""y"":352,""t"":717},{""x"":725,""y"":356,""t"":761},{""x"":741,""y"":357,""t"":787},{""x"":793,""y"":366,""t"":820},{""x"":859,""y"":346,""t"":859},{""x"":928,""y"":350,""t"":886},{""x"":941,""y"":355,""t"":924},{""x"":974,""y"":351,""t"":956},{""x"":1003,""y"":349,""t"":990},{""x"":997,""y"":338,""t"":1032},{""x"":979,""y"":333,""t"":1058},{""x"":978,""y"":330,""t"":1098},{""x"":992,""y"":360,""t"":1127},{""x"":1006,""y"":379,""t"":1163},{""x"":1013,""y"":392,""t"":1195},{""x"":1025,""y"":415,""t"":1227},{""x"":1027,""y"":435,""t"":1277},{""x"":1043,""y"":450,""t"":1304},{""x"":1056,""y"":487,""t"":1331},{""x"":1061,""y"":517,""t"":1373},{""x"":1080,""y"":548,""t"":1398},{""x"":1101,""y"":575,""t"":1432},{""x"":1111,""y"":606,""t"":1467},{""x"":1112,""y"":624,""t"":1511},{""x"":1112,""y"":622,""t"":1539},{""x"":1106,""y"":627,""t"":1567},{""x"":1085,""y"":691,""t"":1611},{""x"":1056,""y"":726,""t"":1638},{""x"":1037,""y"":767,""t"":1670},{""x"":1022,""y"":793,""t"":1723},{""x"":1010,""y"":812,""t"":1740},{""x"":999,""y"":817,""t"":1772},{""x"":988,""y"":838,""t"":1827},{""x"":982,""y"":863,""t"":1840},{""x"":977,""y"":870,""t"":1885},{""x"":991,""y"":890,""t"":1911},{""x"":995,""y"":891,""t"":1942},{""x"":1000,""y"":882,""t"":1985}]","[{""x"":250,""y"":425,""width"":80,""height"":80,""top"":385,""right"":290,""bottom"":465,""left"":210},{""x"":400,""y"":165.1923788646684,""width"":80,""height"":80,""top"":125.1923788646684,""right"":440,""bottom"":205.1923788646684,""left"":360},{""x"":700,""y"":165.1923788646684,""width"":80,""height"":80,""top"":125.1923788646684,""right"":740,""bottom"":205.1923788646684,""left"":660},{""x"":850,""y"":425,""width"":80,""height"":80,""top"":385,""right"":890,""bottom"":465,""left"":810},{""x"":700,""y"":684.8076211353316,""width"":80,""height"":80,""top"":644.8076211353316,""right"":740,""bottom"":724.8076211353316,""left"":660},{""x"":400,""y"":684.8076211353316,""width"":80,""height"":80,""top"":644.8076211353316,""right"":440,""bottom"":724.8076211353316,""left"":360}]","{""#container"":{""x"":410,""y"":129.390625,""width"":1100,""height"":850,""top"":129.390625,""right"":1510,""bottom"":979.390625,""left"":410}}","[{'yellow': 0}, {'cyan': 24}, {'red': 9}, {'purple': 1}, {'blue': 12}, {'green': 0}]",{'red': 9},cyan
114,,,,1190.0,3.0,3.0,"[""red"",""green"",""yellow"",""purple"",""blue"",""cyan""]",blue,True,"[{""x"":970,""y"":755,""t"":4},{""x"":926,""y"":653,""t"":39},{""x"":904,""y"":558,""t"":76},{""x"":886,""y"":480,""t"":104},{""x"":871,""y"":419,""t"":153},{""x"":853,""y"":373,""t"":182},{""x"":863,""y"":343,""t"":211},{""x"":847,""y"":306,""t"":242},{""x"":855,""y"":295,""t"":283},{""x"":863,""y"":289,""t"":308},{""x"":843,""y"":292,""t"":347},{""x"":825,""y"":297,""t"":375},{""x"":811,""y"":295,""t"":428},{""x"":809,""y"":294,""t"":452},{""x"":797,""y"":299,""t"":480},{""x"":788,""y"":303,""t"":522},{""x"":771,""y"":308,""t"":548},{""x"":753,""y"":321,""t"":582},{""x"":796,""y"":328,""t"":618},{""x"":835,""y"":335,""t"":647},{""x"":886,""y"":336,""t"":700},{""x"":922,""y"":342,""t"":718},{""x"":959,""y"":343,""t"":764},{""x"":990,""y"":346,""t"":792},{""x"":1000,""y"":358,""t"":820},{""x"":1021,""y"":359,""t"":862},{""x"":1023,""y"":368,""t"":889},{""x"":1014,""y"":359,""t"":923},{""x"":1027,""y"":368,""t"":972},{""x"":1037,""y"":376,""t"":990},{""x"":1054,""y"":388,""t"":1036},{""x"":1058,""y"":370,""t"":1063},{""x"":1057,""y"":369,""t"":1092},{""x"":1064,""y"":366,""t"":1134},{""x"":1062,""y"":365,""t"":1160},{""x"":1063,""y"":380,""t"":1203},{""x"":1072,""y"":385,""t"":1230},{""x"":1109,""y"":436,""t"":1263},{""x"":1119,""y"":485,""t"":1306},{""x"":1108,""y"":547,""t"":1333},{""x"":1106,""y"":579,""t"":1364},{""x"":1100,""y"":618,""t"":1406},{""x"":1093,""y"":653,""t"":1434},{""x"":1096,""y"":657,""t"":1466},{""x"":1085,""y"":681,""t"":1509},{""x"":1096,""y"":672,""t"":1537},{""x"":1087,""y"":681,""t"":1569},{""x"":1078,""y"":706,""t"":1610},{""x"":1078,""y"":717,""t"":1633},{""x"":1076,""y"":722,""t"":1675},{""x"":1075,""y"":724,""t"":1701},{""x"":1067,""y"":717,""t"":1754},{""x"":1067,""y"":689,""t"":1770},{""x"":1068,""y"":663,""t"":1809},{""x"":1063,""y"":621,""t"":1841},{""x"":1064,""y"":600,""t"":1881},{""x"":1059,""y"":586,""t"":1908},{""x"":1029,""y"":638,""t"":1946},{""x"":1003,""y"":684,""t"":1974}]","[{""x"":250,""y"":425,""width"":80,""height"":80,""top"":385,""right"":290,""bottom"":465,""left"":210},{""x"":400,""y"":165.1923788646684,""width"":80,""height"":80,""top"":125.1923788646684,""right"":440,""bottom"":205.1923788646684,""left"":360},{""x"":700,""y"":165.1923788646684,""width"":80,""height"":80,""top"":125.1923788646684,""right"":740,""bottom"":205.1923788646684,""left"":660},{""x"":850,""y"":425,""width"":80,""height"":80,""top"":385,""right"":890,""bottom"":465,""left"":810},{""x"":700,""y"":684.8076211353316,""width"":80,""height"":80,""top"":644.8076211353316,""right"":740,""bottom"":724.8076211353316,""left"":660},{""x"":400,""y"":684.8076211353316,""width"":80,""height"":80,""top"":644.8076211353316,""right"":440,""bottom"":724.8076211353316,""left"":360}]","{""#container"":{""x"":410,""y"":129.390625,""width"":1100,""height"":850,""top"":129.390625,""right"":1510,""bottom"":979.390625,""left"":410}}","[{'red': 0}, {'green': 18}, {'yellow': 15}, {'purple': 0}, {'blue': 9}, {'cyan': 0}]",{'blue': 9},green
115,,,,614.0,6.0,6.0,"[""green"",""cyan"",""yellow"",""purple"",""blue"",""red""]",purple,True,"[{""x"":933,""y"":594,""t"":5},{""x"":899,""y"":529,""t"":41},{""x"":876,""y"":457,""t"":73},{""x"":861,""y"":412,""t"":108},{""x"":851,""y"":376,""t"":138},{""x"":848,""y"":340,""t"":190},{""x"":858,""y"":316,""t"":214},{""x"":852,""y"":301,""t"":243},{""x"":835,""y"":292,""t"":286},{""x"":814,""y"":295,""t"":312},{""x"":797,""y"":304,""t"":344},{""x"":782,""y"":314,""t"":387},{""x"":774,""y"":328,""t"":414},{""x"":771,""y"":335,""t"":447},{""x"":789,""y"":348,""t"":493},{""x"":785,""y"":344,""t"":520},{""x"":799,""y"":357,""t"":549},{""x"":791,""y"":356,""t"":590},{""x"":797,""y"":369,""t"":617},{""x"":792,""y"":374,""t"":660},{""x"":777,""y"":371,""t"":687},{""x"":782,""y"":373,""t"":718},{""x"":792,""y"":374,""t"":758},{""x"":798,""y"":369,""t"":786},{""x"":813,""y"":373,""t"":826},{""x"":866,""y"":370,""t"":854},{""x"":927,""y"":382,""t"":898},{""x"":980,""y"":384,""t"":921},{""x"":1011,""y"":390,""t"":963},{""x"":1033,""y"":380,""t"":991},{""x"":1055,""y"":380,""t"":1035},{""x"":1072,""y"":379,""t"":1062},{""x"":1081,""y"":373,""t"":1092},{""x"":1090,""y"":366,""t"":1132},{""x"":1116,""y"":359,""t"":1157},{""x"":1112,""y"":360,""t"":1199},{""x"":1104,""y"":358,""t"":1228},{""x"":1100,""y"":360,""t"":1273},{""x"":1100,""y"":366,""t"":1301},{""x"":1095,""y"":366,""t"":1330},{""x"":1094,""y"":370,""t"":1370},{""x"":1072,""y"":374,""t"":1399},{""x"":1077,""y"":380,""t"":1435},{""x"":1074,""y"":376,""t"":1466},{""x"":1088,""y"":427,""t"":1500},{""x"":1096,""y"":483,""t"":1549},{""x"":1108,""y"":539,""t"":1568},{""x"":1113,""y"":576,""t"":1610},{""x"":1106,""y"":589,""t"":1636},{""x"":1118,""y"":602,""t"":1676},{""x"":1129,""y"":610,""t"":1702},{""x"":1125,""y"":621,""t"":1740},{""x"":1121,""y"":628,""t"":1769},{""x"":1130,""y"":643,""t"":1821},{""x"":1115,""y"":639,""t"":1848},{""x"":1111,""y"":635,""t"":1875},{""x"":1112,""y"":631,""t"":1921},{""x"":1106,""y"":627,""t"":1949},{""x"":1101,""y"":615,""t"":1977}]","[{""x"":250,""y"":425,""width"":80,""height"":80,""top"":385,""right"":290,""bottom"":465,""left"":210},{""x"":400,""y"":165.1923788646684,""width"":80,""height"":80,""top"":125.1923788646684,""right"":440,""bottom"":205.1923788646684,""left"":360},{""x"":700,""y"":165.1923788646684,""width"":80,""height"":80,""top"":125.1923788646684,""right"":740,""bottom"":205.1923788646684,""left"":660},{""x"":850,""y"":425,""width"":80,""height"":80,""top"":385,""right"":890,""bottom"":465,""left"":810},{""x"":700,""y"":684.8076211353316,""width"":80,""height"":80,""top"":644.8076211353316,""right"":740,""bottom"":724.8076211353316,""left"":660},{""x"":400,""y"":684.8076211353316,""width"":80,""height"":80,""top"":644.8076211353316,""right"":440,""bottom"":724.8076211353316,""left"":360}]","{""#container"":{""x"":410,""y"":129.390625,""width"":1100,""height"":850,""top"":129.390625,""right"":1510,""bottom"":979.390625,""left"":410}}","[{'green': 0}, {'cyan': 24}, {'yellow': 17}, {'purple': 3}, {'blue': 0}, {'red': 0}]",{'purple': 3},cyan
116,,,,1157.0,3.0,6.0,"[""red"",""yellow"",""purple"",""blue"",""cyan"",""green""]",blue,False,"[{""x"":1020,""y"":538,""t"":4},{""x"":956,""y"":490,""t"":42},{""x"":905,""y"":444,""t"":73},{""x"":870,""y"":402,""t"":117},{""x"":827,""y"":364,""t"":140},{""x"":807,""y"":342,""t"":189},{""x"":777,""y"":338,""t"":214},{""x"":742,""y"":325,""t"":242},{""x"":728,""y"":332,""t"":286},{""x"":734,""y"":332,""t"":314},{""x"":728,""y"":336,""t"":343},{""x"":714,""y"":328,""t"":386},{""x"":732,""y"":346,""t"":414},{""x"":737,""y"":352,""t"":446},{""x"":736,""y"":357,""t"":490},{""x"":739,""y"":354,""t"":517},{""x"":754,""y"":349,""t"":548},{""x"":756,""y"":339,""t"":591},{""x"":783,""y"":333,""t"":617},{""x"":817,""y"":327,""t"":660},{""x"":837,""y"":323,""t"":686},{""x"":867,""y"":332,""t"":718},{""x"":912,""y"":335,""t"":761},{""x"":942,""y"":340,""t"":787},{""x"":957,""y"":350,""t"":820},{""x"":1001,""y"":355,""t"":859},{""x"":1020,""y"":357,""t"":886},{""x"":1039,""y"":355,""t"":925},{""x"":1040,""y"":352,""t"":956},{""x"":1029,""y"":351,""t"":998},{""x"":1053,""y"":350,""t"":1026},{""x"":1070,""y"":357,""t"":1058},{""x"":1096,""y"":361,""t"":1098},{""x"":1092,""y"":366,""t"":1125},{""x"":1079,""y"":374,""t"":1163},{""x"":1067,""y"":378,""t"":1194},{""x"":1075,""y"":425,""t"":1227},{""x"":1094,""y"":459,""t"":1272},{""x"":1110,""y"":482,""t"":1300},{""x"":1116,""y"":497,""t"":1327},{""x"":1117,""y"":515,""t"":1371},{""x"":1112,""y"":532,""t"":1397},{""x"":1121,""y"":561,""t"":1435},{""x"":1124,""y"":560,""t"":1466},{""x"":1129,""y"":576,""t"":1500},{""x"":1131,""y"":585,""t"":1549},{""x"":1122,""y"":596,""t"":1576},{""x"":1118,""y"":600,""t"":1605},{""x"":1116,""y"":606,""t"":1637},{""x"":1116,""y"":609,""t"":1689},{""x"":1115,""y"":611,""t"":1706},{""x"":1115,""y"":611,""t"":1735},{""x"":1071,""y"":658,""t"":1771},{""x"":1034,""y"":702,""t"":1822},{""x"":1001,""y"":736,""t"":1839},{""x"":976,""y"":764,""t"":1889},{""x"":962,""y"":785,""t"":1912},{""x"":955,""y"":801,""t"":1942}]","[{""x"":250,""y"":425,""width"":80,""height"":80,""top"":385,""right"":290,""bottom"":465,""left"":210},{""x"":400,""y"":165.1923788646684,""width"":80,""height"":80,""top"":125.1923788646684,""right"":440,""bottom"":205.1923788646684,""left"":360},{""x"":700,""y"":165.1923788646684,""width"":80,""height"":80,""top"":125.1923788646684,""right"":740,""bottom"":205.1923788646684,""left"":660},{""x"":850,""y"":425,""width"":80,""height"":80,""top"":385,""right"":890,""bottom"":465,""left"":810},{""x"":700,""y"":684.8076211353316,""width"":80,""height"":80,""top"":644.8076211353316,""right"":740,""bottom"":724.8076211353316,""left"":660},{""x"":400,""y"":684.8076211353316,""width"":80,""height"":80,""top"":644.8076211353316,""right"":440,""bottom"":724.8076211353316,""left"":360}]","{""#container"":{""x"":410,""y"":129.390625,""width"":1100,""height"":850,""top"":129.390625,""right"":1510,""bottom"":979.390625,""left"":410}}","[{'red': 0}, {'yellow': 21}, {'purple': 12}, {'blue': 8}, {'cyan': 3}, {'green': 1}]",{'blue': 8},yellow
117,,,,773.0,7.0,7.0,"[""cyan"",""green"",""red"",""blue"",""yellow"",""purple""]",green,True,"[{""x"":930,""y"":751,""t"":4},{""x"":894,""y"":698,""t"":44},{""x"":889,""y"":635,""t"":74},{""x"":871,""y"":576,""t"":106},{""x"":863,""y"":521,""t"":155},{""x"":862,""y"":476,""t"":174},{""x"":864,""y"":443,""t"":219},{""x"":864,""y"":416,""t"":244},{""x"":863,""y"":384,""t"":277},{""x"":845,""y"":365,""t"":312},{""x"":847,""y"":337,""t"":344},{""x"":821,""y"":298,""t"":378},{""x"":813,""y"":283,""t"":427},{""x"":786,""y"":282,""t"":446},{""x"":779,""y"":267,""t"":491},{""x"":784,""y"":256,""t"":518},{""x"":779,""y"":245,""t"":548},{""x"":776,""y"":245,""t"":590},{""x"":791,""y"":263,""t"":618},{""x"":829,""y"":279,""t"":650},{""x"":864,""y"":306,""t"":699},{""x"":870,""y"":331,""t"":726},{""x"":873,""y"":342,""t"":752},{""x"":871,""y"":351,""t"":795},{""x"":858,""y"":367,""t"":822},{""x"":846,""y"":365,""t"":853},{""x"":833,""y"":365,""t"":897},{""x"":824,""y"":358,""t"":925},{""x"":814,""y"":355,""t"":955},{""x"":814,""y"":352,""t"":999},{""x"":817,""y"":353,""t"":1026},{""x"":812,""y"":350,""t"":1057},{""x"":842,""y"":360,""t"":1100},{""x"":897,""y"":365,""t"":1127},{""x"":930,""y"":379,""t"":1175},{""x"":978,""y"":387,""t"":1202},{""x"":1028,""y"":394,""t"":1228},{""x"":1036,""y"":398,""t"":1273},{""x"":1060,""y"":397,""t"":1300},{""x"":1062,""y"":390,""t"":1330},{""x"":1072,""y"":378,""t"":1369},{""x"":1071,""y"":365,""t"":1396},{""x"":1088,""y"":356,""t"":1440},{""x"":1098,""y"":400,""t"":1467},{""x"":1091,""y"":424,""t"":1510},{""x"":1090,""y"":444,""t"":1536},{""x"":1092,""y"":454,""t"":1568},{""x"":1085,""y"":460,""t"":1607},{""x"":1089,""y"":460,""t"":1636},{""x"":1103,""y"":492,""t"":1673},{""x"":1114,""y"":519,""t"":1702},{""x"":1099,""y"":622,""t"":1754},{""x"":1098,""y"":710,""t"":1772},{""x"":1066,""y"":797,""t"":1819},{""x"":1038,""y"":867,""t"":1844},{""x"":1012,""y"":894,""t"":1874},{""x"":997,""y"":904,""t"":1913},{""x"":991,""y"":898,""t"":1942},{""x"":1001,""y"":841,""t"":1977}]","[{""x"":250,""y"":425,""width"":80,""height"":80,""top"":385,""right"":290,""bottom"":465,""left"":210},{""x"":400,""y"":165.1923788646684,""width"":80,""height"":80,""top"":125.1923788646684,""right"":440,""bottom"":205.1923788646684,""left"":360},{""x"":700,""y"":165.1923788646684,""width"":80,""height"":80,""top"":125.1923788646684,""right"":740,""bottom"":205.1923788646684,""left"":660},{""x"":850,""y"":425,""width"":80,""height"":80,""top"":385,""right"":890,""bottom"":465,""left"":810},{""x"":700,""y"":684.8076211353316,""width"":80,""height"":80,""top"":644.8076211353316,""right"":740,""bottom"":724.8076211353316,""left"":660},{""x"":400,""y"":684.8076211353316,""width"":80,""height"":80,""top"":644.8076211353316,""right"":440,""bottom"":724.8076211353316,""left"":360}]","{""#container"":{""x"":410,""y"":129.390625,""width"":1100,""height"":850,""top"":129.390625,""right"":1510,""bottom"":979.390625,""left"":410}}","[{'cyan': 0}, {'green': 28}, {'red': 9}, {'blue': 0}, {'yellow': 7}, {'purple': 2}]",{'green': 28},green
118,,,,582.0,7.0,4.0,"[""blue"",""cyan"",""purple"",""yellow"",""red"",""green""]",blue_1,False,"[{""x"":957,""y"":744,""t"":4},{""x"":910,""y"":655,""t"":41},{""x"":861,""y"":584,""t"":72},{""x"":823,""y"":530,""t"":118},{""x"":794,""y"":473,""t"":147},{""x"":792,""y"":433,""t"":178},{""x"":781,""y"":397,""t"":208},{""x"":766,""y"":371,""t"":253},{""x"":766,""y"":360,""t"":281},{""x"":746,""y"":339,""t"":309},{""x"":746,""y"":334,""t"":352},{""x"":746,""y"":325,""t"":380},{""x"":745,""y"":322,""t"":412},{""x"":761,""y"":323,""t"":454},{""x"":752,""y"":339,""t"":481},{""x"":767,""y"":344,""t"":514},{""x"":776,""y"":346,""t"":554},{""x"":784,""y"":344,""t"":581},{""x"":786,""y"":349,""t"":622},{""x"":794,""y"":341,""t"":650},{""x"":775,""y"":347,""t"":693},{""x"":801,""y"":347,""t"":720},{""x"":817,""y"":347,""t"":751},{""x"":854,""y"":352,""t"":795},{""x"":886,""y"":356,""t"":820},{""x"":906,""y"":381,""t"":854},{""x"":881,""y"":425,""t"":891},{""x"":855,""y"":459,""t"":922},{""x"":796,""y"":489,""t"":955},{""x"":746,""y"":514,""t"":996},{""x"":712,""y"":536,""t"":1024},{""x"":681,""y"":550,""t"":1067},{""x"":659,""y"":564,""t"":1093},{""x"":692,""y"":611,""t"":1125},{""x"":733,""y"":657,""t"":1163},{""x"":764,""y"":693,""t"":1192},{""x"":785,""y"":715,""t"":1228},{""x"":797,""y"":734,""t"":1277},{""x"":816,""y"":751,""t"":1296},{""x"":827,""y"":758,""t"":1341},{""x"":835,""y"":767,""t"":1370},{""x"":841,""y"":773,""t"":1395},{""x"":855,""y"":782,""t"":1435},{""x"":868,""y"":788,""t"":1465},{""x"":879,""y"":791,""t"":1499},{""x"":894,""y"":800,""t"":1549},{""x"":900,""y"":809,""t"":1576},{""x"":905,""y"":815,""t"":1604},{""x"":905,""y"":817,""t"":1636},{""x"":900,""y"":819,""t"":1680},{""x"":902,""y"":823,""t"":1708},{""x"":899,""y"":836,""t"":1737},{""x"":924,""y"":836,""t"":1780},{""x"":931,""y"":826,""t"":1808},{""x"":950,""y"":832,""t"":1840},{""x"":961,""y"":835,""t"":1885},{""x"":964,""y"":834,""t"":1910},{""x"":972,""y"":839,""t"":1942}]","[{""x"":250,""y"":425,""width"":80,""height"":80,""top"":385,""right"":290,""bottom"":465,""left"":210},{""x"":400,""y"":165.1923788646684,""width"":80,""height"":80,""top"":125.1923788646684,""right"":440,""bottom"":205.1923788646684,""left"":360},{""x"":700,""y"":165.1923788646684,""width"":80,""height"":80,""top"":125.1923788646684,""right"":740,""bottom"":205.1923788646684,""left"":660},{""x"":850,""y"":425,""width"":80,""height"":80,""top"":385,""right"":890,""bottom"":465,""left"":810},{""x"":700,""y"":684.8076211353316,""width"":80,""height"":80,""top"":644.8076211353316,""right"":740,""bottom"":724.8076211353316,""left"":660},{""x"":400,""y"":684.8076211353316,""width"":80,""height"":80,""top"":644.8076211353316,""right"":440,""bottom"":724.8076211353316,""left"":360}]","{""#container"":{""x"":410,""y"":129.390625,""width"":1100,""height"":850,""top"":129.390625,""right"":1510,""bottom"":979.390625,""left"":410}}","[{'blue': 6}, {'cyan': 22}, {'purple': 0}, {'yellow': 0}, {'red': 2}, {'green': 20}]",{'blue_1': 6},cyan
119,,,,1477.0,3.0,1.0,"[""blue"",""yellow"",""cyan"",""purple"",""red"",""green""]",green,False,"[{""x"":952,""y"":743,""t"":5},{""x"":918,""y"":652,""t"":48},{""x"":893,""y"":570,""t"":77},{""x"":867,""y"":499,""t"":107},{""x"":818,""y"":439,""t"":140},{""x"":808,""y"":399,""t"":189},{""x"":801,""y"":369,""t"":208},{""x"":793,""y"":361,""t"":254},{""x"":780,""y"":345,""t"":281},{""x"":756,""y"":325,""t"":309},{""x"":745,""y"":322,""t"":350},{""x"":734,""y"":311,""t"":378},{""x"":739,""y"":324,""t"":420},{""x"":762,""y"":320,""t"":447},{""x"":753,""y"":302,""t"":480},{""x"":738,""y"":307,""t"":525},{""x"":742,""y"":305,""t"":552},{""x"":747,""y"":308,""t"":582},{""x"":762,""y"":320,""t"":624},{""x"":795,""y"":342,""t"":653},{""x"":774,""y"":346,""t"":684},{""x"":760,""y"":355,""t"":730},{""x"":746,""y"":357,""t"":757},{""x"":735,""y"":341,""t"":786},{""x"":735,""y"":345,""t"":827},{""x"":735,""y"":348,""t"":852},{""x"":743,""y"":346,""t"":892},{""x"":746,""y"":350,""t"":922},{""x"":788,""y"":363,""t"":963},{""x"":813,""y"":366,""t"":991},{""x"":802,""y"":366,""t"":1024},{""x"":801,""y"":379,""t"":1067},{""x"":789,""y"":387,""t"":1094},{""x"":800,""y"":371,""t"":1126},{""x"":793,""y"":358,""t"":1163},{""x"":796,""y"":355,""t"":1192},{""x"":779,""y"":348,""t"":1227},{""x"":763,""y"":352,""t"":1277},{""x"":750,""y"":356,""t"":1303},{""x"":740,""y"":360,""t"":1329},{""x"":756,""y"":352,""t"":1371},{""x"":743,""y"":360,""t"":1398},{""x"":820,""y"":368,""t"":1436},{""x"":886,""y"":375,""t"":1464},{""x"":942,""y"":375,""t"":1499},{""x"":996,""y"":374,""t"":1551},{""x"":1041,""y"":380,""t"":1574},{""x"":1045,""y"":365,""t"":1601},{""x"":1046,""y"":373,""t"":1651},{""x"":1071,""y"":380,""t"":1670},{""x"":1080,""y"":377,""t"":1708},{""x"":1086,""y"":375,""t"":1736},{""x"":1088,""y"":379,""t"":1771},{""x"":1085,""y"":375,""t"":1806},{""x"":1088,""y"":381,""t"":1853},{""x"":1082,""y"":375,""t"":1881},{""x"":1075,""y"":373,""t"":1908},{""x"":1062,""y"":369,""t"":1953},{""x"":1041,""y"":386,""t"":1981}]","[{""x"":250,""y"":425,""width"":80,""height"":80,""top"":385,""right"":290,""bottom"":465,""left"":210},{""x"":400,""y"":165.1923788646684,""width"":80,""height"":80,""top"":125.1923788646684,""right"":440,""bottom"":205.1923788646684,""left"":360},{""x"":700,""y"":165.1923788646684,""width"":80,""height"":80,""top"":125.1923788646684,""right"":740,""bottom"":205.1923788646684,""left"":660},{""x"":850,""y"":425,""width"":80,""height"":80,""top"":385,""right"":890,""bottom"":465,""left"":810},{""x"":700,""y"":684.8076211353316,""width"":80,""height"":80,""top"":644.8076211353316,""right"":740,""bottom"":724.8076211353316,""left"":660},{""x"":400,""y"":684.8076211353316,""width"":80,""height"":80,""top"":644.8076211353316,""right"":440,""bottom"":724.8076211353316,""left"":360}]","{""#container"":{""x"":410,""y"":129.390625,""width"":1100,""height"":850,""top"":129.390625,""right"":1510,""bottom"":979.390625,""left"":410}}","[{'blue': 0}, {'yellow': 40}, {'cyan': 14}, {'purple': 0}, {'red': 0}, {'green': 0}]",,yellow
120,,,,957.0,1.0,1.0,"[""yellow"",""blue"",""green"",""cyan"",""purple"",""red""]",red_1,True,"[{""x"":1003,""y"":409,""t"":5},{""x"":970,""y"":416,""t"":40},{""x"":947,""y"":424,""t"":73},{""x"":919,""y"":432,""t"":121},{""x"":890,""y"":451,""t"":140},{""x"":871,""y"":454,""t"":181},{""x"":875,""y"":471,""t"":210},{""x"":866,""y"":475,""t"":242},{""x"":869,""y"":487,""t"":279},{""x"":873,""y"":497,""t"":308},{""x"":870,""y"":467,""t"":344},{""x"":872,""y"":439,""t"":378},{""x"":868,""y"":406,""t"":425},{""x"":867,""y"":379,""t"":453},{""x"":884,""y"":375,""t"":480},{""x"":888,""y"":407,""t"":522},{""x"":897,""y"":529,""t"":550},{""x"":876,""y"":596,""t"":582},{""x"":845,""y"":600,""t"":625},{""x"":835,""y"":581,""t"":652},{""x"":842,""y"":551,""t"":684},{""x"":802,""y"":508,""t"":730},{""x"":782,""y"":465,""t"":758},{""x"":774,""y"":435,""t"":785},{""x"":761,""y"":409,""t"":828},{""x"":775,""y"":406,""t"":857},{""x"":761,""y"":396,""t"":888},{""x"":764,""y"":372,""t"":928},{""x"":750,""y"":339,""t"":955},{""x"":792,""y"":348,""t"":1000},{""x"":853,""y"":349,""t"":1028},{""x"":907,""y"":343,""t"":1058},{""x"":944,""y"":336,""t"":1099},{""x"":998,""y"":345,""t"":1128},{""x"":1032,""y"":345,""t"":1160},{""x"":1040,""y"":350,""t"":1199},{""x"":1069,""y"":355,""t"":1228},{""x"":1097,""y"":361,""t"":1271},{""x"":1101,""y"":356,""t"":1299},{""x"":1103,""y"":332,""t"":1329},{""x"":1122,""y"":342,""t"":1367},{""x"":1109,""y"":339,""t"":1395},{""x"":1121,""y"":350,""t"":1432},{""x"":1129,""y"":360,""t"":1473},{""x"":1137,""y"":371,""t"":1502},{""x"":1134,""y"":415,""t"":1534},{""x"":1129,""y"":466,""t"":1574},{""x"":1121,""y"":489,""t"":1602},{""x"":1120,""y"":526,""t"":1640},{""x"":1114,""y"":546,""t"":1668},{""x"":1105,""y"":566,""t"":1703},{""x"":1102,""y"":577,""t"":1753},{""x"":1101,""y"":592,""t"":1780},{""x"":1097,""y"":617,""t"":1808},{""x"":1078,""y"":616,""t"":1840},{""x"":1077,""y"":621,""t"":1879},{""x"":1075,""y"":625,""t"":1905},{""x"":1053,""y"":635,""t"":1943},{""x"":1019,""y"":647,""t"":1976}]","[{""x"":250,""y"":425,""width"":80,""height"":80,""top"":385,""right"":290,""bottom"":465,""left"":210},{""x"":400,""y"":165.1923788646684,""width"":80,""height"":80,""top"":125.1923788646684,""right"":440,""bottom"":205.1923788646684,""left"":360},{""x"":700,""y"":165.1923788646684,""width"":80,""height"":80,""top"":125.1923788646684,""right"":740,""bottom"":205.1923788646684,""left"":660},{""x"":850,""y"":425,""width"":80,""height"":80,""top"":385,""right"":890,""bottom"":465,""left"":810},{""x"":700,""y"":684.8076211353316,""width"":80,""height"":80,""top"":644.8076211353316,""right"":740,""bottom"":724.8076211353316,""left"":660},{""x"":400,""y"":684.8076211353316,""width"":80,""height"":80,""top"":644.8076211353316,""right"":440,""bottom"":724.8076211353316,""left"":360}]","{""#container"":{""x"":410,""y"":129.390625,""width"":1100,""height"":850,""top"":129.390625,""right"":1510,""bottom"":979.390625,""left"":410}}","[{'yellow': 1}, {'blue': 14}, {'green': 13}, {'cyan': 2}, {'purple': 0}, {'red': 0}]",,blue
121,,,,550.0,7.0,7.0,"[""yellow"",""blue"",""green"",""cyan"",""red"",""purple""]",blue_1,True,"[{""x"":985,""y"":620,""t"":4},{""x"":966,""y"":602,""t"":43},{""x"":946,""y"":583,""t"":74},{""x"":937,""y"":568,""t"":106},{""x"":912,""y"":541,""t"":147},{""x"":899,""y"":531,""t"":175},{""x"":894,""y"":519,""t"":219},{""x"":891,""y"":510,""t"":243},{""x"":886,""y"":491,""t"":276},{""x"":870,""y"":450,""t"":314},{""x"":857,""y"":416,""t"":341},{""x"":810,""y"":377,""t"":379},{""x"":809,""y"":347,""t"":419},{""x"":804,""y"":317,""t"":446},{""x"":796,""y"":289,""t"":489},{""x"":788,""y"":303,""t"":517},{""x"":802,""y"":320,""t"":547},{""x"":810,""y"":328,""t"":586},{""x"":818,""y"":337,""t"":613},{""x"":844,""y"":329,""t"":651},{""x"":895,""y"":320,""t"":701},{""x"":953,""y"":331,""t"":719},{""x"":993,""y"":342,""t"":764},{""x"":1045,""y"":337,""t"":789},{""x"":1088,""y"":333,""t"":818},{""x"":1114,""y"":337,""t"":857},{""x"":1145,""y"":343,""t"":888},{""x"":1148,""y"":341,""t"":922},{""x"":1164,""y"":346,""t"":969},{""x"":1165,""y"":345,""t"":996},{""x"":1187,""y"":365,""t"":1023},{""x"":1174,""y"":414,""t"":1068},{""x"":1150,""y"":470,""t"":1096},{""x"":1125,""y"":509,""t"":1125},{""x"":1116,""y"":549,""t"":1169},{""x"":1102,""y"":574,""t"":1197},{""x"":1090,""y"":601,""t"":1229},{""x"":1073,""y"":626,""t"":1285},{""x"":1064,""y"":642,""t"":1298},{""x"":1074,""y"":648,""t"":1330},{""x"":1065,""y"":658,""t"":1385},{""x"":1057,""y"":664,""t"":1398},{""x"":1051,""y"":674,""t"":1438},{""x"":1039,""y"":654,""t"":1467},{""x"":1065,""y"":644,""t"":1510},{""x"":1072,""y"":650,""t"":1538},{""x"":1085,""y"":645,""t"":1568},{""x"":1092,""y"":639,""t"":1613},{""x"":1096,""y"":621,""t"":1639},{""x"":1087,""y"":618,""t"":1671},{""x"":1069,""y"":647,""t"":1713},{""x"":1054,""y"":664,""t"":1741},{""x"":1035,""y"":680,""t"":1771},{""x"":1018,""y"":698,""t"":1815},{""x"":1004,""y"":712,""t"":1842},{""x"":994,""y"":721,""t"":1874},{""x"":996,""y"":738,""t"":1914},{""x"":1001,""y"":741,""t"":1940},{""x"":995,""y"":744,""t"":1986}]","[{""x"":250,""y"":425,""width"":80,""height"":80,""top"":385,""right"":290,""bottom"":465,""left"":210},{""x"":400,""y"":165.1923788646684,""width"":80,""height"":80,""top"":125.1923788646684,""right"":440,""bottom"":205.1923788646684,""left"":360},{""x"":700,""y"":165.1923788646684,""width"":80,""height"":80,""top"":125.1923788646684,""right"":740,""bottom"":205.1923788646684,""left"":660},{""x"":850,""y"":425,""width"":80,""height"":80,""top"":385,""right"":890,""bottom"":465,""left"":810},{""x"":700,""y"":684.8076211353316,""width"":80,""height"":80,""top"":644.8076211353316,""right"":740,""bottom"":724.8076211353316,""left"":660},{""x"":400,""y"":684.8076211353316,""width"":80,""height"":80,""top"":644.8076211353316,""right"":440,""bottom"":724.8076211353316,""left"":360}]","{""#container"":{""x"":410,""y"":129.390625,""width"":1100,""height"":850,""top"":129.390625,""right"":1510,""bottom"":979.390625,""left"":410}}","[{'yellow': 0}, {'blue': 12}, {'green': 10}, {'cyan': 3}, {'red': 6}, {'purple': 0}]",{'blue_1': 12},blue_1
122,,,,647.0,7.0,7.0,"[""green"",""red"",""purple"",""cyan"",""blue"",""yellow""]",red,True,"[{""x"":977,""y"":695,""t"":5},{""x"":944,""y"":634,""t"":42},{""x"":925,""y"":582,""t"":76},{""x"":910,""y"":538,""t"":104},{""x"":912,""y"":509,""t"":148},{""x"":897,""y"":468,""t"":177},{""x"":895,""y"":449,""t"":208},{""x"":884,""y"":417,""t"":252},{""x"":898,""y"":404,""t"":277},{""x"":882,""y"":379,""t"":310},{""x"":851,""y"":362,""t"":347},{""x"":809,""y"":353,""t"":376},{""x"":793,""y"":356,""t"":429},{""x"":774,""y"":343,""t"":447},{""x"":764,""y"":338,""t"":492},{""x"":771,""y"":330,""t"":521},{""x"":758,""y"":335,""t"":545},{""x"":750,""y"":329,""t"":587},{""x"":744,""y"":324,""t"":613},{""x"":768,""y"":316,""t"":650},{""x"":841,""y"":325,""t"":700},{""x"":896,""y"":326,""t"":720},{""x"":958,""y"":346,""t"":764},{""x"":982,""y"":334,""t"":792},{""x"":1024,""y"":344,""t"":820},{""x"":1047,""y"":345,""t"":861},{""x"":1078,""y"":345,""t"":887},{""x"":1088,""y"":352,""t"":927},{""x"":1086,""y"":361,""t"":956},{""x"":1087,""y"":477,""t"":1004},{""x"":1070,""y"":628,""t"":1028},{""x"":1035,""y"":737,""t"":1058},{""x"":1041,""y"":817,""t"":1100},{""x"":1050,""y"":867,""t"":1127},{""x"":1071,""y"":833,""t"":1178},{""x"":1077,""y"":807,""t"":1196},{""x"":1081,""y"":790,""t"":1227},{""x"":1089,""y"":780,""t"":1274},{""x"":1088,""y"":742,""t"":1303},{""x"":1092,""y"":708,""t"":1330},{""x"":1091,""y"":672,""t"":1384},{""x"":1093,""y"":647,""t"":1402},{""x"":1094,""y"":628,""t"":1431},{""x"":1061,""y"":651,""t"":1483},{""x"":1032,""y"":673,""t"":1498},{""x"":1021,""y"":714,""t"":1539},{""x"":1003,""y"":751,""t"":1569},{""x"":991,""y"":781,""t"":1611},{""x"":976,""y"":787,""t"":1634},{""x"":945,""y"":772,""t"":1674},{""x"":912,""y"":794,""t"":1704},{""x"":895,""y"":807,""t"":1746},{""x"":891,""y"":828,""t"":1774},{""x"":878,""y"":833,""t"":1806},{""x"":858,""y"":826,""t"":1849},{""x"":858,""y"":822,""t"":1876},{""x"":843,""y"":825,""t"":1908},{""x"":845,""y"":826,""t"":1947},{""x"":854,""y"":864,""t"":1976}]","[{""x"":250,""y"":425,""width"":80,""height"":80,""top"":385,""right"":290,""bottom"":465,""left"":210},{""x"":400,""y"":165.1923788646684,""width"":80,""height"":80,""top"":125.1923788646684,""right"":440,""bottom"":205.1923788646684,""left"":360},{""x"":700,""y"":165.1923788646684,""width"":80,""height"":80,""top"":125.1923788646684,""right"":740,""bottom"":205.1923788646684,""left"":660},{""x"":850,""y"":425,""width"":80,""height"":80,""top"":385,""right"":890,""bottom"":465,""left"":810},{""x"":700,""y"":684.8076211353316,""width"":80,""height"":80,""top"":644.8076211353316,""right"":740,""bottom"":724.8076211353316,""left"":660},{""x"":400,""y"":684.8076211353316,""width"":80,""height"":80,""top"":644.8076211353316,""right"":440,""bottom"":724.8076211353316,""left"":360}]","{""#container"":{""x"":410,""y"":129.390625,""width"":1100,""height"":850,""top"":129.390625,""right"":1510,""bottom"":979.390625,""left"":410}}","[{'green': 0}, {'red': 15}, {'purple': 6}, {'cyan': 0}, {'blue': 14}, {'yellow': 10}]",{'red': 15},red
123,,,,1132.0,3.0,3.0,"[""yellow"",""purple"",""cyan"",""blue"",""red"",""green""]",red_1,True,"[{""x"":843,""y"":737,""t"":4},{""x"":843,""y"":658,""t"":41},{""x"":846,""y"":586,""t"":72},{""x"":858,""y"":514,""t"":117},{""x"":833,""y"":466,""t"":145},{""x"":838,""y"":419,""t"":174},{""x"":836,""y"":385,""t"":219},{""x"":843,""y"":362,""t"":246},{""x"":854,""y"":353,""t"":276},{""x"":842,""y"":325,""t"":320},{""x"":807,""y"":291,""t"":349},{""x"":786,""y"":291,""t"":378},{""x"":769,""y"":286,""t"":419},{""x"":771,""y"":275,""t"":447},{""x"":761,""y"":267,""t"":490},{""x"":783,""y"":275,""t"":516},{""x"":781,""y"":278,""t"":548},{""x"":791,""y"":283,""t"":587},{""x"":792,""y"":285,""t"":614},{""x"":809,""y"":307,""t"":657},{""x"":806,""y"":331,""t"":684},{""x"":828,""y"":334,""t"":729},{""x"":841,""y"":339,""t"":756},{""x"":802,""y"":358,""t"":786},{""x"":850,""y"":374,""t"":828},{""x"":906,""y"":383,""t"":852},{""x"":966,""y"":387,""t"":891},{""x"":1003,""y"":393,""t"":922},{""x"":1030,""y"":392,""t"":955},{""x"":1062,""y"":390,""t"":1006},{""x"":1086,""y"":387,""t"":1028},{""x"":1109,""y"":393,""t"":1058},{""x"":1130,""y"":389,""t"":1099},{""x"":1134,""y"":383,""t"":1126},{""x"":1129,""y"":378,""t"":1163},{""x"":1122,""y"":374,""t"":1192},{""x"":1105,""y"":368,""t"":1228},{""x"":1105,""y"":420,""t"":1277},{""x"":1107,""y"":465,""t"":1296},{""x"":1106,""y"":491,""t"":1341},{""x"":1110,""y"":527,""t"":1369},{""x"":1103,""y"":538,""t"":1398},{""x"":1096,""y"":552,""t"":1432},{""x"":1088,""y"":565,""t"":1465},{""x"":1072,""y"":609,""t"":1501},{""x"":1047,""y"":622,""t"":1549},{""x"":1042,""y"":656,""t"":1576},{""x"":1021,""y"":712,""t"":1603},{""x"":994,""y"":762,""t"":1646},{""x"":976,""y"":798,""t"":1673},{""x"":972,""y"":806,""t"":1703},{""x"":982,""y"":819,""t"":1745},{""x"":959,""y"":790,""t"":1773},{""x"":949,""y"":719,""t"":1815},{""x"":926,""y"":638,""t"":1843},{""x"":929,""y"":575,""t"":1874},{""x"":936,""y"":510,""t"":1918},{""x"":936,""y"":469,""t"":1946},{""x"":925,""y"":453,""t"":1976}]","[{""x"":250,""y"":425,""width"":80,""height"":80,""top"":385,""right"":290,""bottom"":465,""left"":210},{""x"":400,""y"":165.1923788646684,""width"":80,""height"":80,""top"":125.1923788646684,""right"":440,""bottom"":205.1923788646684,""left"":360},{""x"":700,""y"":165.1923788646684,""width"":80,""height"":80,""top"":125.1923788646684,""right"":740,""bottom"":205.1923788646684,""left"":660},{""x"":850,""y"":425,""width"":80,""height"":80,""top"":385,""right"":890,""bottom"":465,""left"":810},{""x"":700,""y"":684.8076211353316,""width"":80,""height"":80,""top"":644.8076211353316,""right"":740,""bottom"":724.8076211353316,""left"":660},{""x"":400,""y"":684.8076211353316,""width"":80,""height"":80,""top"":644.8076211353316,""right"":440,""bottom"":724.8076211353316,""left"":360}]","{""#container"":{""x"":410,""y"":129.390625,""width"":1100,""height"":850,""top"":129.390625,""right"":1510,""bottom"":979.390625,""left"":410}}","[{'yellow': 0}, {'purple': 21}, {'cyan': 11}, {'blue': 0}, {'red': 5}, {'green': 1}]",{'red_1': 5},purple
124,,,,957.0,4.0,4.0,"[""purple"",""red"",""yellow"",""green"",""cyan"",""blue""]",purple_1,True,"[{""x"":892,""y"":391,""t"":5},{""x"":892,""y"":351,""t"":42},{""x"":892,""y"":325,""t"":74},{""x"":883,""y"":294,""t"":106},{""x"":884,""y"":277,""t"":152},{""x"":853,""y"":264,""t"":180},{""x"":852,""y"":254,""t"":208},{""x"":832,""y"":255,""t"":253},{""x"":826,""y"":257,""t"":282},{""x"":804,""y"":261,""t"":310},{""x"":776,""y"":263,""t"":354},{""x"":762,""y"":267,""t"":379},{""x"":761,""y"":271,""t"":419},{""x"":744,""y"":271,""t"":446},{""x"":737,""y"":275,""t"":487},{""x"":730,""y"":304,""t"":515},{""x"":712,""y"":312,""t"":548},{""x"":711,""y"":314,""t"":591},{""x"":716,""y"":338,""t"":618},{""x"":722,""y"":365,""t"":650},{""x"":720,""y"":381,""t"":694},{""x"":726,""y"":396,""t"":720},{""x"":734,""y"":410,""t"":751},{""x"":742,""y"":418,""t"":794},{""x"":740,""y"":425,""t"":821},{""x"":748,""y"":411,""t"":859},{""x"":740,""y"":415,""t"":888},{""x"":741,""y"":398,""t"":923},{""x"":769,""y"":398,""t"":955},{""x"":823,""y"":404,""t"":999},{""x"":883,""y"":410,""t"":1027},{""x"":933,""y"":403,""t"":1058},{""x"":976,""y"":400,""t"":1099},{""x"":1006,""y"":398,""t"":1125},{""x"":1031,""y"":389,""t"":1164},{""x"":1050,""y"":381,""t"":1192},{""x"":1057,""y"":382,""t"":1228},{""x"":1059,""y"":375,""t"":1277},{""x"":1049,""y"":366,""t"":1301},{""x"":1071,""y"":351,""t"":1330},{""x"":1086,""y"":352,""t"":1374},{""x"":1082,""y"":357,""t"":1399},{""x"":1098,""y"":358,""t"":1433},{""x"":1100,""y"":348,""t"":1467},{""x"":1107,""y"":347,""t"":1500},{""x"":1116,""y"":340,""t"":1549},{""x"":1108,""y"":351,""t"":1567},{""x"":1110,""y"":359,""t"":1613},{""x"":1104,""y"":367,""t"":1640},{""x"":1098,""y"":375,""t"":1669},{""x"":1102,""y"":382,""t"":1710},{""x"":1088,""y"":388,""t"":1738},{""x"":1083,""y"":392,""t"":1778},{""x"":1081,""y"":384,""t"":1806},{""x"":1076,""y"":382,""t"":1853},{""x"":1080,""y"":386,""t"":1881},{""x"":1058,""y"":386,""t"":1907},{""x"":1051,""y"":398,""t"":1949},{""x"":1046,""y"":385,""t"":1976}]","[{""x"":250,""y"":425,""width"":80,""height"":80,""top"":385,""right"":290,""bottom"":465,""left"":210},{""x"":400,""y"":165.1923788646684,""width"":80,""height"":80,""top"":125.1923788646684,""right"":440,""bottom"":205.1923788646684,""left"":360},{""x"":700,""y"":165.1923788646684,""width"":80,""height"":80,""top"":125.1923788646684,""right"":740,""bottom"":205.1923788646684,""left"":660},{""x"":850,""y"":425,""width"":80,""height"":80,""top"":385,""right"":890,""bottom"":465,""left"":810},{""x"":700,""y"":684.8076211353316,""width"":80,""height"":80,""top"":644.8076211353316,""right"":740,""bottom"":724.8076211353316,""left"":660},{""x"":400,""y"":684.8076211353316,""width"":80,""height"":80,""top"":644.8076211353316,""right"":440,""bottom"":724.8076211353316,""left"":360}]","{""#container"":{""x"":410,""y"":129.390625,""width"":1100,""height"":850,""top"":129.390625,""right"":1510,""bottom"":979.390625,""left"":410}}","[{'purple': 0}, {'red': 31}, {'yellow': 26}, {'green': 0}, {'cyan': 0}, {'blue': 0}]",,red
125,,,,1060.0,3.0,3.0,"[""green"",""purple"",""cyan"",""blue"",""red"",""yellow""]",red,True,"[{""x"":957,""y"":336,""t"":5},{""x"":891,""y"":314,""t"":40},{""x"":836,""y"":271,""t"":87},{""x"":826,""y"":245,""t"":107},{""x"":816,""y"":254,""t"":149},{""x"":807,""y"":261,""t"":177},{""x"":761,""y"":248,""t"":209},{""x"":774,""y"":264,""t"":250},{""x"":770,""y"":274,""t"":278},{""x"":785,""y"":278,""t"":310},{""x"":772,""y"":289,""t"":354},{""x"":760,""y"":278,""t"":382},{""x"":762,""y"":273,""t"":412},{""x"":772,""y"":267,""t"":453},{""x"":780,""y"":265,""t"":481},{""x"":765,""y"":262,""t"":524},{""x"":759,""y"":285,""t"":551},{""x"":769,""y"":295,""t"":581},{""x"":781,""y"":318,""t"":619},{""x"":789,""y"":321,""t"":650},{""x"":870,""y"":348,""t"":684},{""x"":918,""y"":351,""t"":728},{""x"":954,""y"":357,""t"":750},{""x"":1014,""y"":347,""t"":789},{""x"":1065,""y"":343,""t"":820},{""x"":1109,""y"":334,""t"":859},{""x"":1134,""y"":333,""t"":887},{""x"":1146,""y"":349,""t"":924},{""x"":1160,""y"":338,""t"":955},{""x"":1181,""y"":360,""t"":1005},{""x"":1176,""y"":392,""t"":1033},{""x"":1168,""y"":432,""t"":1058},{""x"":1160,""y"":466,""t"":1101},{""x"":1151,""y"":489,""t"":1127},{""x"":1131,""y"":541,""t"":1163},{""x"":1112,""y"":583,""t"":1191},{""x"":1074,""y"":624,""t"":1227},{""x"":1049,""y"":653,""t"":1277},{""x"":1027,""y"":656,""t"":1303},{""x"":1008,""y"":676,""t"":1330},{""x"":995,""y"":683,""t"":1373},{""x"":980,""y"":683,""t"":1401},{""x"":972,""y"":684,""t"":1431},{""x"":963,""y"":683,""t"":1474},{""x"":954,""y"":677,""t"":1502},{""x"":934,""y"":725,""t"":1533},{""x"":925,""y"":807,""t"":1581},{""x"":892,""y"":822,""t"":1609},{""x"":847,""y"":761,""t"":1636},{""x"":825,""y"":681,""t"":1679},{""x"":830,""y"":615,""t"":1705},{""x"":844,""y"":541,""t"":1738},{""x"":834,""y"":465,""t"":1782},{""x"":848,""y"":420,""t"":1809},{""x"":863,""y"":387,""t"":1840},{""x"":871,""y"":364,""t"":1882},{""x"":884,""y"":324,""t"":1911},{""x"":895,""y"":286,""t"":1942}]","[{""x"":250,""y"":425,""width"":80,""height"":80,""top"":385,""right"":290,""bottom"":465,""left"":210},{""x"":400,""y"":165.1923788646684,""width"":80,""height"":80,""top"":125.1923788646684,""right"":440,""bottom"":205.1923788646684,""left"":360},{""x"":700,""y"":165.1923788646684,""width"":80,""height"":80,""top"":125.1923788646684,""right"":740,""bottom"":205.1923788646684,""left"":660},{""x"":850,""y"":425,""width"":80,""height"":80,""top"":385,""right"":890,""bottom"":465,""left"":810},{""x"":700,""y"":684.8076211353316,""width"":80,""height"":80,""top"":644.8076211353316,""right"":740,""bottom"":724.8076211353316,""left"":660},{""x"":400,""y"":684.8076211353316,""width"":80,""height"":80,""top"":644.8076211353316,""right"":440,""bottom"":724.8076211353316,""left"":360}]","{""#container"":{""x"":410,""y"":129.390625,""width"":1100,""height"":850,""top"":129.390625,""right"":1510,""bottom"":979.390625,""left"":410}}","[{'green': 0}, {'purple': 26}, {'cyan': 9}, {'blue': 3}, {'red': 0}, {'yellow': 4}]",,purple
126,,,,861.0,1.0,9.0,"[""green"",""cyan"",""yellow"",""purple"",""blue"",""red""]",yellow,False,"[{""x"":850,""y"":251,""t"":4},{""x"":821,""y"":239,""t"":41},{""x"":810,""y"":231,""t"":73},{""x"":801,""y"":216,""t"":108},{""x"":816,""y"":203,""t"":140},{""x"":831,""y"":203,""t"":189},{""x"":832,""y"":205,""t"":208},{""x"":788,""y"":219,""t"":250},{""x"":775,""y"":219,""t"":279},{""x"":764,""y"":220,""t"":310},{""x"":771,""y"":222,""t"":363},{""x"":738,""y"":236,""t"":381},{""x"":752,""y"":253,""t"":412},{""x"":732,""y"":259,""t"":466},{""x"":711,""y"":260,""t"":485},{""x"":707,""y"":268,""t"":515},{""x"":721,""y"":280,""t"":566},{""x"":734,""y"":291,""t"":583},{""x"":734,""y"":295,""t"":622},{""x"":743,""y"":296,""t"":650},{""x"":744,""y"":292,""t"":694},{""x"":719,""y"":287,""t"":722},{""x"":732,""y"":297,""t"":752},{""x"":736,""y"":298,""t"":796},{""x"":758,""y"":292,""t"":820},{""x"":825,""y"":305,""t"":854},{""x"":893,""y"":323,""t"":898},{""x"":939,""y"":333,""t"":922},{""x"":976,""y"":328,""t"":966},{""x"":1009,""y"":345,""t"":992},{""x"":1031,""y"":348,""t"":1024},{""x"":1043,""y"":356,""t"":1067},{""x"":1069,""y"":356,""t"":1093},{""x"":1084,""y"":364,""t"":1126},{""x"":1084,""y"":366,""t"":1163},{""x"":1080,""y"":368,""t"":1192},{""x"":1080,""y"":367,""t"":1234},{""x"":1073,""y"":367,""t"":1262},{""x"":1066,""y"":368,""t"":1302},{""x"":1069,""y"":370,""t"":1330},{""x"":1073,""y"":374,""t"":1371},{""x"":1076,""y"":377,""t"":1396},{""x"":1071,""y"":376,""t"":1436},{""x"":1066,""y"":375,""t"":1464},{""x"":1074,""y"":422,""t"":1499},{""x"":1073,""y"":470,""t"":1549},{""x"":1062,""y"":503,""t"":1577},{""x"":1052,""y"":530,""t"":1603},{""x"":1059,""y"":543,""t"":1636},{""x"":1063,""y"":559,""t"":1675},{""x"":1067,""y"":570,""t"":1702},{""x"":1077,""y"":566,""t"":1739},{""x"":1075,""y"":572,""t"":1772},{""x"":1070,""y"":581,""t"":1821},{""x"":1049,""y"":569,""t"":1848},{""x"":1037,""y"":582,""t"":1874},{""x"":1022,""y"":584,""t"":1918},{""x"":1002,""y"":589,""t"":1947},{""x"":994,""y"":589,""t"":1976}]","[{""x"":250,""y"":425,""width"":80,""height"":80,""top"":385,""right"":290,""bottom"":465,""left"":210},{""x"":400,""y"":165.1923788646684,""width"":80,""height"":80,""top"":125.1923788646684,""right"":440,""bottom"":205.1923788646684,""left"":360},{""x"":700,""y"":165.1923788646684,""width"":80,""height"":80,""top"":125.1923788646684,""right"":740,""bottom"":205.1923788646684,""left"":660},{""x"":850,""y"":425,""width"":80,""height"":80,""top"":385,""right"":890,""bottom"":465,""left"":810},{""x"":700,""y"":684.8076211353316,""width"":80,""height"":80,""top"":644.8076211353316,""right"":740,""bottom"":724.8076211353316,""left"":660},{""x"":400,""y"":684.8076211353316,""width"":80,""height"":80,""top"":644.8076211353316,""right"":440,""bottom"":724.8076211353316,""left"":360}]","{""#container"":{""x"":410,""y"":129.390625,""width"":1100,""height"":850,""top"":129.390625,""right"":1510,""bottom"":979.390625,""left"":410}}","[{'green': 0}, {'cyan': 28}, {'yellow': 17}, {'purple': 0}, {'blue': 0}, {'red': 0}]",{'yellow': 17},cyan
127,,,,741.0,3.0,3.0,"[""yellow"",""purple"",""blue"",""green"",""cyan"",""red""]",cyan,True,"[{""x"":978,""y"":530,""t"":4},{""x"":961,""y"":449,""t"":38},{""x"":930,""y"":399,""t"":72},{""x"":929,""y"":381,""t"":108},{""x"":920,""y"":355,""t"":140},{""x"":901,""y"":331,""t"":189},{""x"":882,""y"":328,""t"":218},{""x"":873,""y"":329,""t"":247},{""x"":874,""y"":341,""t"":276},{""x"":852,""y"":324,""t"":317},{""x"":836,""y"":317,""t"":346},{""x"":802,""y"":306,""t"":378},{""x"":783,""y"":313,""t"":422},{""x"":793,""y"":451,""t"":451},{""x"":832,""y"":615,""t"":480},{""x"":829,""y"":724,""t"":522},{""x"":817,""y"":761,""t"":550},{""x"":798,""y"":754,""t"":582},{""x"":797,""y"":688,""t"":634},{""x"":774,""y"":637,""t"":652},{""x"":773,""y"":566,""t"":685},{""x"":751,""y"":492,""t"":731},{""x"":725,""y"":428,""t"":758},{""x"":734,""y"":398,""t"":786},{""x"":727,""y"":378,""t"":823},{""x"":721,""y"":375,""t"":855},{""x"":734,""y"":370,""t"":899},{""x"":788,""y"":377,""t"":927},{""x"":829,""y"":373,""t"":956},{""x"":875,""y"":363,""t"":999},{""x"":904,""y"":353,""t"":1027},{""x"":916,""y"":348,""t"":1058},{""x"":934,""y"":323,""t"":1099},{""x"":940,""y"":312,""t"":1126},{""x"":966,""y"":305,""t"":1161},{""x"":975,""y"":296,""t"":1194},{""x"":986,""y"":277,""t"":1240},{""x"":978,""y"":280,""t"":1266},{""x"":972,""y"":279,""t"":1297},{""x"":956,""y"":293,""t"":1339},{""x"":941,""y"":307,""t"":1363},{""x"":918,""y"":324,""t"":1398},{""x"":887,""y"":326,""t"":1435},{""x"":864,""y"":325,""t"":1467},{""x"":852,""y"":324,""t"":1500},{""x"":838,""y"":317,""t"":1549},{""x"":827,""y"":321,""t"":1575},{""x"":821,""y"":323,""t"":1602},{""x"":814,""y"":317,""t"":1643},{""x"":810,""y"":313,""t"":1667},{""x"":798,""y"":322,""t"":1707},{""x"":788,""y"":330,""t"":1736},{""x"":844,""y"":336,""t"":1789},{""x"":892,""y"":341,""t"":1806},{""x"":929,""y"":344,""t"":1852},{""x"":975,""y"":352,""t"":1881},{""x"":995,""y"":350,""t"":1908},{""x"":1014,""y"":355,""t"":1951},{""x"":1033,""y"":371,""t"":1977}]","[{""x"":250,""y"":425,""width"":80,""height"":80,""top"":385,""right"":290,""bottom"":465,""left"":210},{""x"":400,""y"":165.1923788646684,""width"":80,""height"":80,""top"":125.1923788646684,""right"":440,""bottom"":205.1923788646684,""left"":360},{""x"":700,""y"":165.1923788646684,""width"":80,""height"":80,""top"":125.1923788646684,""right"":740,""bottom"":205.1923788646684,""left"":660},{""x"":850,""y"":425,""width"":80,""height"":80,""top"":385,""right"":890,""bottom"":465,""left"":810},{""x"":700,""y"":684.8076211353316,""width"":80,""height"":80,""top"":644.8076211353316,""right"":740,""bottom"":724.8076211353316,""left"":660},{""x"":400,""y"":684.8076211353316,""width"":80,""height"":80,""top"":644.8076211353316,""right"":440,""bottom"":724.8076211353316,""left"":360}]","{""#container"":{""x"":410,""y"":129.390625,""width"":1100,""height"":850,""top"":129.390625,""right"":1510,""bottom"":979.390625,""left"":410}}","[{'yellow': 4}, {'purple': 37}, {'blue': 9}, {'green': 0}, {'cyan': 0}, {'red': 4}]",,purple
128,,,,814.0,4.0,4.0,"[""red"",""cyan"",""purple"",""green"",""yellow"",""blue""]",red_1,True,"[{""x"":1021,""y"":427,""t"":5},{""x"":1014,""y"":447,""t"":47},{""x"":995,""y"":472,""t"":77},{""x"":991,""y"":495,""t"":106},{""x"":985,""y"":506,""t"":154},{""x"":970,""y"":515,""t"":180},{""x"":965,""y"":499,""t"":209},{""x"":949,""y"":513,""t"":242},{""x"":934,""y"":508,""t"":282},{""x"":884,""y"":501,""t"":311},{""x"":840,""y"":476,""t"":344},{""x"":797,""y"":451,""t"":378},{""x"":787,""y"":437,""t"":416},{""x"":758,""y"":412,""t"":446},{""x"":750,""y"":405,""t"":488},{""x"":732,""y"":394,""t"":516},{""x"":743,""y"":360,""t"":548},{""x"":728,""y"":342,""t"":586},{""x"":719,""y"":331,""t"":614},{""x"":802,""y"":320,""t"":652},{""x"":897,""y"":340,""t"":700},{""x"":958,""y"":335,""t"":724},{""x"":1018,""y"":318,""t"":752},{""x"":1049,""y"":325,""t"":796},{""x"":1096,""y"":345,""t"":822},{""x"":1118,""y"":352,""t"":853},{""x"":1120,""y"":339,""t"":890},{""x"":1123,""y"":345,""t"":922},{""x"":1111,""y"":347,""t"":972},{""x"":1099,""y"":348,""t"":991},{""x"":1161,""y"":391,""t"":1036},{""x"":1173,""y"":454,""t"":1066},{""x"":1200,""y"":512,""t"":1092},{""x"":1218,""y"":563,""t"":1135},{""x"":1246,""y"":588,""t"":1162},{""x"":1267,""y"":606,""t"":1191},{""x"":1289,""y"":617,""t"":1245},{""x"":1284,""y"":625,""t"":1263},{""x"":1290,""y"":629,""t"":1308},{""x"":1293,""y"":629,""t"":1335},{""x"":1308,""y"":630,""t"":1364},{""x"":1308,""y"":654,""t"":1408},{""x"":1304,""y"":650,""t"":1434},{""x"":1287,""y"":659,""t"":1466},{""x"":1282,""y"":661,""t"":1509},{""x"":1230,""y"":665,""t"":1538},{""x"":1178,""y"":696,""t"":1568},{""x"":1135,""y"":723,""t"":1612},{""x"":1101,""y"":770,""t"":1640},{""x"":1069,""y"":807,""t"":1670},{""x"":1054,""y"":835,""t"":1712},{""x"":1035,""y"":861,""t"":1740},{""x"":1016,""y"":874,""t"":1772},{""x"":1007,""y"":843,""t"":1817},{""x"":987,""y"":774,""t"":1844},{""x"":976,""y"":674,""t"":1874},{""x"":979,""y"":582,""t"":1914},{""x"":965,""y"":494,""t"":1941}]","[{""x"":250,""y"":425,""width"":80,""height"":80,""top"":385,""right"":290,""bottom"":465,""left"":210},{""x"":400,""y"":165.1923788646684,""width"":80,""height"":80,""top"":125.1923788646684,""right"":440,""bottom"":205.1923788646684,""left"":360},{""x"":700,""y"":165.1923788646684,""width"":80,""height"":80,""top"":125.1923788646684,""right"":740,""bottom"":205.1923788646684,""left"":660},{""x"":850,""y"":425,""width"":80,""height"":80,""top"":385,""right"":890,""bottom"":465,""left"":810},{""x"":700,""y"":684.8076211353316,""width"":80,""height"":80,""top"":644.8076211353316,""right"":740,""bottom"":724.8076211353316,""left"":660},{""x"":400,""y"":684.8076211353316,""width"":80,""height"":80,""top"":644.8076211353316,""right"":440,""bottom"":724.8076211353316,""left"":360}]","{""#container"":{""x"":410,""y"":129.390625,""width"":1100,""height"":850,""top"":129.390625,""right"":1510,""bottom"":979.390625,""left"":410}}","[{'red': 0}, {'cyan': 9}, {'purple': 9}, {'green': 15}, {'yellow': 9}, {'blue': 0}]",,green
129,,,,1002.0,3.0,3.0,"[""yellow"",""red"",""purple"",""blue"",""green"",""cyan""]",green_1,True,"[{""x"":928,""y"":403,""t"":5},{""x"":899,""y"":350,""t"":46},{""x"":871,""y"":294,""t"":76},{""x"":824,""y"":258,""t"":107},{""x"":826,""y"":253,""t"":149},{""x"":814,""y"":243,""t"":176},{""x"":783,""y"":239,""t"":208},{""x"":790,""y"":266,""t"":248},{""x"":779,""y"":282,""t"":275},{""x"":778,""y"":304,""t"":318},{""x"":782,""y"":309,""t"":343},{""x"":784,""y"":322,""t"":388},{""x"":788,""y"":335,""t"":416},{""x"":790,""y"":341,""t"":446},{""x"":788,""y"":340,""t"":490},{""x"":797,""y"":342,""t"":518},{""x"":797,""y"":339,""t"":547},{""x"":808,""y"":351,""t"":588},{""x"":818,""y"":361,""t"":614},{""x"":833,""y"":380,""t"":657},{""x"":915,""y"":397,""t"":683},{""x"":987,""y"":407,""t"":724},{""x"":1030,""y"":411,""t"":751},{""x"":1059,""y"":407,""t"":795},{""x"":1109,""y"":426,""t"":823},{""x"":1145,""y"":440,""t"":855},{""x"":1152,""y"":438,""t"":891},{""x"":1158,""y"":440,""t"":922},{""x"":1191,""y"":523,""t"":956},{""x"":1213,""y"":572,""t"":990},{""x"":1239,""y"":612,""t"":1037},{""x"":1258,""y"":644,""t"":1062},{""x"":1266,""y"":650,""t"":1092},{""x"":1285,""y"":655,""t"":1132},{""x"":1300,""y"":657,""t"":1157},{""x"":1297,""y"":653,""t"":1195},{""x"":1292,""y"":652,""t"":1225},{""x"":1278,""y"":664,""t"":1277},{""x"":1238,""y"":658,""t"":1296},{""x"":1178,""y"":687,""t"":1341},{""x"":1127,""y"":739,""t"":1368},{""x"":1079,""y"":785,""t"":1399},{""x"":1040,""y"":819,""t"":1441},{""x"":1009,""y"":846,""t"":1465},{""x"":998,""y"":865,""t"":1500},{""x"":990,""y"":873,""t"":1533},{""x"":981,""y"":878,""t"":1582},{""x"":967,""y"":871,""t"":1605},{""x"":967,""y"":845,""t"":1636},{""x"":993,""y"":775,""t"":1680},{""x"":1008,""y"":673,""t"":1706},{""x"":987,""y"":563,""t"":1738},{""x"":975,""y"":500,""t"":1782},{""x"":965,""y"":455,""t"":1808},{""x"":935,""y"":396,""t"":1840},{""x"":947,""y"":372,""t"":1885},{""x"":922,""y"":328,""t"":1913},{""x"":953,""y"":370,""t"":1942},{""x"":924,""y"":507,""t"":1984}]","[{""x"":250,""y"":425,""width"":80,""height"":80,""top"":385,""right"":290,""bottom"":465,""left"":210},{""x"":400,""y"":165.1923788646684,""width"":80,""height"":80,""top"":125.1923788646684,""right"":440,""bottom"":205.1923788646684,""left"":360},{""x"":700,""y"":165.1923788646684,""width"":80,""height"":80,""top"":125.1923788646684,""right"":740,""bottom"":205.1923788646684,""left"":660},{""x"":850,""y"":425,""width"":80,""height"":80,""top"":385,""right"":890,""bottom"":465,""left"":810},{""x"":700,""y"":684.8076211353316,""width"":80,""height"":80,""top"":644.8076211353316,""right"":740,""bottom"":724.8076211353316,""left"":660},{""x"":400,""y"":684.8076211353316,""width"":80,""height"":80,""top"":644.8076211353316,""right"":440,""bottom"":724.8076211353316,""left"":360}]","{""#container"":{""x"":410,""y"":129.390625,""width"":1100,""height"":850,""top"":129.390625,""right"":1510,""bottom"":979.390625,""left"":410}}","[{'yellow': 0}, {'red': 21}, {'purple': 5}, {'blue': 11}, {'green': 10}, {'cyan': 0}]",{'green_1': 10},red
130,,,,501.0,7.0,7.0,"[""red"",""yellow"",""green"",""blue"",""cyan"",""purple""]",yellow_1,True,"[{""x"":886,""y"":451,""t"":5},{""x"":872,""y"":414,""t"":44},{""x"":862,""y"":385,""t"":72},{""x"":858,""y"":356,""t"":107},{""x"":869,""y"":338,""t"":163},{""x"":869,""y"":325,""t"":176},{""x"":874,""y"":342,""t"":208},{""x"":868,""y"":336,""t"":263},{""x"":860,""y"":332,""t"":276},{""x"":824,""y"":314,""t"":316},{""x"":802,""y"":300,""t"":344},{""x"":768,""y"":276,""t"":379},{""x"":743,""y"":258,""t"":412},{""x"":723,""y"":231,""t"":463},{""x"":708,""y"":209,""t"":481},{""x"":730,""y"":206,""t"":515},{""x"":717,""y"":199,""t"":563},{""x"":706,""y"":194,""t"":581},{""x"":713,""y"":205,""t"":620},{""x"":713,""y"":195,""t"":649},{""x"":710,""y"":196,""t"":693},{""x"":694,""y"":193,""t"":718},{""x"":689,""y"":209,""t"":763},{""x"":687,""y"":217,""t"":787},{""x"":698,""y"":223,""t"":820},{""x"":705,""y"":217,""t"":863},{""x"":713,""y"":252,""t"":891},{""x"":762,""y"":294,""t"":921},{""x"":849,""y"":302,""t"":964},{""x"":945,""y"":305,""t"":990},{""x"":1011,""y"":333,""t"":1034},{""x"":1060,""y"":376,""t"":1061},{""x"":1093,""y"":407,""t"":1092},{""x"":1117,""y"":429,""t"":1130},{""x"":1133,""y"":446,""t"":1161},{""x"":1167,""y"":470,""t"":1200},{""x"":1165,""y"":469,""t"":1227},{""x"":1192,""y"":487,""t"":1271},{""x"":1198,""y"":490,""t"":1299},{""x"":1203,""y"":522,""t"":1329},{""x"":1188,""y"":559,""t"":1370},{""x"":1177,""y"":580,""t"":1396},{""x"":1161,""y"":597,""t"":1434},{""x"":1184,""y"":607,""t"":1466},{""x"":1162,""y"":612,""t"":1516},{""x"":1179,""y"":621,""t"":1534},{""x"":1190,""y"":633,""t"":1572},{""x"":1165,""y"":642,""t"":1602},{""x"":1137,""y"":664,""t"":1642},{""x"":1112,""y"":701,""t"":1670},{""x"":1085,""y"":731,""t"":1706},{""x"":1062,""y"":755,""t"":1735},{""x"":1045,""y"":756,""t"":1788},{""x"":1030,""y"":769,""t"":1812},{""x"":1015,""y"":756,""t"":1840},{""x"":1002,""y"":704,""t"":1884},{""x"":965,""y"":616,""t"":1912},{""x"":939,""y"":525,""t"":1942},{""x"":914,""y"":463,""t"":1978}]","[{""x"":250,""y"":425,""width"":80,""height"":80,""top"":385,""right"":290,""bottom"":465,""left"":210},{""x"":400,""y"":165.1923788646684,""width"":80,""height"":80,""top"":125.1923788646684,""right"":440,""bottom"":205.1923788646684,""left"":360},{""x"":700,""y"":165.1923788646684,""width"":80,""height"":80,""top"":125.1923788646684,""right"":740,""bottom"":205.1923788646684,""left"":660},{""x"":850,""y"":425,""width"":80,""height"":80,""top"":385,""right"":890,""bottom"":465,""left"":810},{""x"":700,""y"":684.8076211353316,""width"":80,""height"":80,""top"":644.8076211353316,""right"":740,""bottom"":724.8076211353316,""left"":660},{""x"":400,""y"":684.8076211353316,""width"":80,""height"":80,""top"":644.8076211353316,""right"":440,""bottom"":724.8076211353316,""left"":360}]","{""#container"":{""x"":410,""y"":129.390625,""width"":1100,""height"":850,""top"":129.390625,""right"":1510,""bottom"":979.390625,""left"":410}}","[{'red': 0}, {'yellow': 28}, {'green': 4}, {'blue': 13}, {'cyan': 6}, {'purple': 0}]",{'yellow_1': 28},yellow_1
131,,,,895.0,6.0,6.0,"[""purple"",""red"",""cyan"",""yellow"",""green"",""blue""]",yellow_1,True,"[{""x"":871,""y"":414,""t"":5},{""x"":823,""y"":350,""t"":40},{""x"":782,""y"":282,""t"":73},{""x"":740,""y"":235,""t"":123},{""x"":722,""y"":199,""t"":142},{""x"":723,""y"":169,""t"":174},{""x"":699,""y"":152,""t"":228},{""x"":681,""y"":142,""t"":243},{""x"":678,""y"":128,""t"":285},{""x"":676,""y"":150,""t"":313},{""x"":677,""y"":153,""t"":344},{""x"":664,""y"":166,""t"":388},{""x"":677,""y"":181,""t"":415},{""x"":693,""y"":235,""t"":446},{""x"":709,""y"":286,""t"":488},{""x"":712,""y"":290,""t"":514},{""x"":717,""y"":289,""t"":555},{""x"":721,""y"":286,""t"":579},{""x"":728,""y"":288,""t"":629},{""x"":736,""y"":287,""t"":653},{""x"":737,""y"":288,""t"":684},{""x"":821,""y"":295,""t"":730},{""x"":902,""y"":312,""t"":757},{""x"":957,""y"":313,""t"":786},{""x"":1001,""y"":315,""t"":827},{""x"":1041,""y"":329,""t"":853},{""x"":1064,""y"":337,""t"":891},{""x"":1084,""y"":361,""t"":919},{""x"":1104,""y"":364,""t"":972},{""x"":1111,""y"":392,""t"":996},{""x"":1113,""y"":421,""t"":1023},{""x"":1116,""y"":441,""t"":1067},{""x"":1121,""y"":441,""t"":1094},{""x"":1123,""y"":456,""t"":1126},{""x"":1139,""y"":508,""t"":1162},{""x"":1144,""y"":551,""t"":1191},{""x"":1158,""y"":597,""t"":1244},{""x"":1145,""y"":629,""t"":1262},{""x"":1158,""y"":659,""t"":1308},{""x"":1156,""y"":672,""t"":1332},{""x"":1163,""y"":685,""t"":1365},{""x"":1175,""y"":692,""t"":1402},{""x"":1185,""y"":696,""t"":1430},{""x"":1171,""y"":702,""t"":1467},{""x"":1134,""y"":726,""t"":1516},{""x"":1109,""y"":757,""t"":1543},{""x"":1082,""y"":781,""t"":1569},{""x"":1057,""y"":766,""t"":1601},{""x"":1038,""y"":758,""t"":1645},{""x"":1029,""y"":761,""t"":1675},{""x"":1021,""y"":777,""t"":1704},{""x"":1019,""y"":793,""t"":1747},{""x"":1021,""y"":802,""t"":1775},{""x"":1029,""y"":808,""t"":1806},{""x"":1034,""y"":808,""t"":1853},{""x"":1040,""y"":809,""t"":1881},{""x"":1041,""y"":812,""t"":1907},{""x"":1038,""y"":805,""t"":1952},{""x"":1039,""y"":813,""t"":1975}]","[{""x"":250,""y"":425,""width"":80,""height"":80,""top"":385,""right"":290,""bottom"":465,""left"":210},{""x"":400,""y"":165.1923788646684,""width"":80,""height"":80,""top"":125.1923788646684,""right"":440,""bottom"":205.1923788646684,""left"":360},{""x"":700,""y"":165.1923788646684,""width"":80,""height"":80,""top"":125.1923788646684,""right"":740,""bottom"":205.1923788646684,""left"":660},{""x"":850,""y"":425,""width"":80,""height"":80,""top"":385,""right"":890,""bottom"":465,""left"":810},{""x"":700,""y"":684.8076211353316,""width"":80,""height"":80,""top"":644.8076211353316,""right"":740,""bottom"":724.8076211353316,""left"":660},{""x"":400,""y"":684.8076211353316,""width"":80,""height"":80,""top"":644.8076211353316,""right"":440,""bottom"":724.8076211353316,""left"":360}]","{""#container"":{""x"":410,""y"":129.390625,""width"":1100,""height"":850,""top"":129.390625,""right"":1510,""bottom"":979.390625,""left"":410}}","[{'purple': 0}, {'red': 16}, {'cyan': 9}, {'yellow': 5}, {'green': 20}, {'blue': 0}]",{'yellow_1': 5},green
132,,,,989.0,1.0,4.0,"[""yellow"",""cyan"",""red"",""green"",""blue"",""purple""]",yellow_1,False,"[{""x"":1000,""y"":673,""t"":5},{""x"":968,""y"":552,""t"":43},{""x"":946,""y"":465,""t"":75},{""x"":928,""y"":395,""t"":103},{""x"":877,""y"":335,""t"":156},{""x"":835,""y"":289,""t"":174},{""x"":796,""y"":252,""t"":220},{""x"":774,""y"":219,""t"":249},{""x"":753,""y"":204,""t"":277},{""x"":744,""y"":191,""t"":320},{""x"":749,""y"":188,""t"":347},{""x"":745,""y"":188,""t"":378},{""x"":762,""y"":195,""t"":427},{""x"":778,""y"":204,""t"":445},{""x"":781,""y"":211,""t"":492},{""x"":789,""y"":221,""t"":515},{""x"":781,""y"":238,""t"":548},{""x"":780,""y"":244,""t"":590},{""x"":817,""y"":264,""t"":618},{""x"":893,""y"":273,""t"":650},{""x"":968,""y"":272,""t"":692},{""x"":1042,""y"":288,""t"":718},{""x"":1097,""y"":318,""t"":758},{""x"":1129,""y"":331,""t"":787},{""x"":1158,""y"":345,""t"":828},{""x"":1171,""y"":356,""t"":858},{""x"":1166,""y"":360,""t"":888},{""x"":1156,""y"":364,""t"":932},{""x"":1153,""y"":361,""t"":960},{""x"":1160,""y"":367,""t"":990},{""x"":1159,""y"":369,""t"":1034},{""x"":1165,""y"":346,""t"":1059},{""x"":1188,""y"":362,""t"":1092},{""x"":1191,""y"":442,""t"":1130},{""x"":1183,""y"":493,""t"":1160},{""x"":1184,""y"":538,""t"":1199},{""x"":1194,""y"":573,""t"":1227},{""x"":1196,""y"":604,""t"":1274},{""x"":1195,""y"":623,""t"":1302},{""x"":1192,""y"":629,""t"":1329},{""x"":1189,""y"":631,""t"":1370},{""x"":1187,""y"":630,""t"":1396},{""x"":1187,""y"":629,""t"":1434},{""x"":1189,""y"":630,""t"":1466},{""x"":1184,""y"":647,""t"":1516},{""x"":1179,""y"":661,""t"":1535},{""x"":1166,""y"":662,""t"":1575},{""x"":1140,""y"":679,""t"":1602},{""x"":1109,""y"":693,""t"":1642},{""x"":1083,""y"":703,""t"":1668},{""x"":1065,""y"":711,""t"":1706},{""x"":1051,""y"":726,""t"":1735},{""x"":1037,""y"":727,""t"":1788},{""x"":1027,""y"":731,""t"":1812},{""x"":1027,""y"":735,""t"":1840},{""x"":1022,""y"":743,""t"":1884},{""x"":1020,""y"":710,""t"":1911},{""x"":1026,""y"":664,""t"":1942},{""x"":1010,""y"":597,""t"":1978}]","[{""x"":250,""y"":425,""width"":80,""height"":80,""top"":385,""right"":290,""bottom"":465,""left"":210},{""x"":400,""y"":165.1923788646684,""width"":80,""height"":80,""top"":125.1923788646684,""right"":440,""bottom"":205.1923788646684,""left"":360},{""x"":700,""y"":165.1923788646684,""width"":80,""height"":80,""top"":125.1923788646684,""right"":740,""bottom"":205.1923788646684,""left"":660},{""x"":850,""y"":425,""width"":80,""height"":80,""top"":385,""right"":890,""bottom"":465,""left"":810},{""x"":700,""y"":684.8076211353316,""width"":80,""height"":80,""top"":644.8076211353316,""right"":740,""bottom"":724.8076211353316,""left"":660},{""x"":400,""y"":684.8076211353316,""width"":80,""height"":80,""top"":644.8076211353316,""right"":440,""bottom"":724.8076211353316,""left"":360}]","{""#container"":{""x"":410,""y"":129.390625,""width"":1100,""height"":850,""top"":129.390625,""right"":1510,""bottom"":979.390625,""left"":410}}","[{'yellow': 0}, {'cyan': 16}, {'red': 13}, {'green': 14}, {'blue': 10}, {'purple': 0}]",,cyan
133,,,,857.0,4.0,4.0,"[""green"",""yellow"",""red"",""cyan"",""blue"",""purple""]",green,True,"[{""x"":982,""y"":531,""t"":5},{""x"":959,""y"":445,""t"":42},{""x"":940,""y"":373,""t"":73},{""x"":910,""y"":328,""t"":108},{""x"":868,""y"":307,""t"":140},{""x"":844,""y"":302,""t"":188},{""x"":825,""y"":304,""t"":218},{""x"":804,""y"":281,""t"":243},{""x"":794,""y"":282,""t"":283},{""x"":792,""y"":287,""t"":310},{""x"":794,""y"":273,""t"":344},{""x"":788,""y"":292,""t"":379},{""x"":781,""y"":297,""t"":413},{""x"":762,""y"":295,""t"":460},{""x"":748,""y"":295,""t"":487},{""x"":734,""y"":286,""t"":515},{""x"":712,""y"":297,""t"":559},{""x"":703,""y"":318,""t"":588},{""x"":705,""y"":331,""t"":615},{""x"":730,""y"":345,""t"":660},{""x"":736,""y"":354,""t"":687},{""x"":782,""y"":370,""t"":718},{""x"":865,""y"":372,""t"":765},{""x"":931,""y"":365,""t"":792},{""x"":989,""y"":372,""t"":821},{""x"":1029,""y"":371,""t"":865},{""x"":1067,""y"":377,""t"":892},{""x"":1084,""y"":377,""t"":923},{""x"":1085,""y"":370,""t"":967},{""x"":1113,""y"":340,""t"":994},{""x"":1131,""y"":343,""t"":1024},{""x"":1147,""y"":321,""t"":1068},{""x"":1155,""y"":325,""t"":1096},{""x"":1160,""y"":322,""t"":1126},{""x"":1159,""y"":322,""t"":1171},{""x"":1154,""y"":320,""t"":1194},{""x"":1157,""y"":326,""t"":1237},{""x"":1166,""y"":329,""t"":1264},{""x"":1174,""y"":330,""t"":1296},{""x"":1165,""y"":395,""t"":1339},{""x"":1157,""y"":450,""t"":1364},{""x"":1178,""y"":498,""t"":1398},{""x"":1183,""y"":550,""t"":1441},{""x"":1195,""y"":578,""t"":1467},{""x"":1194,""y"":597,""t"":1510},{""x"":1188,""y"":620,""t"":1538},{""x"":1186,""y"":628,""t"":1568},{""x"":1173,""y"":643,""t"":1610},{""x"":1166,""y"":638,""t"":1637},{""x"":1170,""y"":648,""t"":1675},{""x"":1187,""y"":646,""t"":1704},{""x"":1158,""y"":657,""t"":1738},{""x"":1127,""y"":690,""t"":1771},{""x"":1098,""y"":717,""t"":1815},{""x"":1074,""y"":719,""t"":1839},{""x"":1057,""y"":734,""t"":1874},{""x"":1056,""y"":746,""t"":1914},{""x"":1046,""y"":741,""t"":1941},{""x"":1018,""y"":696,""t"":1978}]","[{""x"":250,""y"":425,""width"":80,""height"":80,""top"":385,""right"":290,""bottom"":465,""left"":210},{""x"":400,""y"":165.1923788646684,""width"":80,""height"":80,""top"":125.1923788646684,""right"":440,""bottom"":205.1923788646684,""left"":360},{""x"":700,""y"":165.1923788646684,""width"":80,""height"":80,""top"":125.1923788646684,""right"":740,""bottom"":205.1923788646684,""left"":660},{""x"":850,""y"":425,""width"":80,""height"":80,""top"":385,""right"":890,""bottom"":465,""left"":810},{""x"":700,""y"":684.8076211353316,""width"":80,""height"":80,""top"":644.8076211353316,""right"":740,""bottom"":724.8076211353316,""left"":660},{""x"":400,""y"":684.8076211353316,""width"":80,""height"":80,""top"":644.8076211353316,""right"":440,""bottom"":724.8076211353316,""left"":360}]","{""#container"":{""x"":410,""y"":129.390625,""width"":1100,""height"":850,""top"":129.390625,""right"":1510,""bottom"":979.390625,""left"":410}}","[{'green': 0}, {'yellow': 21}, {'red': 16}, {'cyan': 12}, {'blue': 7}, {'purple': 0}]",,yellow
134,,,,868.0,7.0,7.0,"[""red"",""purple"",""cyan"",""yellow"",""green"",""blue""]",purple,True,"[{""x"":997,""y"":627,""t"":4},{""x"":964,""y"":546,""t"":42},{""x"":947,""y"":478,""t"":73},{""x"":954,""y"":435,""t"":108},{""x"":936,""y"":375,""t"":139},{""x"":940,""y"":349,""t"":189},{""x"":926,""y"":315,""t"":209},{""x"":905,""y"":284,""t"":253},{""x"":928,""y"":279,""t"":283},{""x"":896,""y"":270,""t"":310},{""x"":867,""y"":257,""t"":355},{""x"":850,""y"":260,""t"":384},{""x"":847,""y"":266,""t"":412},{""x"":835,""y"":272,""t"":456},{""x"":832,""y"":284,""t"":484},{""x"":843,""y"":318,""t"":514},{""x"":833,""y"":319,""t"":557},{""x"":842,""y"":318,""t"":585},{""x"":843,""y"":313,""t"":616},{""x"":846,""y"":311,""t"":660},{""x"":843,""y"":329,""t"":689},{""x"":830,""y"":324,""t"":717},{""x"":836,""y"":328,""t"":761},{""x"":831,""y"":313,""t"":789},{""x"":825,""y"":310,""t"":819},{""x"":822,""y"":319,""t"":858},{""x"":828,""y"":319,""t"":887},{""x"":825,""y"":323,""t"":932},{""x"":825,""y"":325,""t"":960},{""x"":795,""y"":323,""t"":991},{""x"":775,""y"":377,""t"":1034},{""x"":759,""y"":417,""t"":1062},{""x"":734,""y"":441,""t"":1093},{""x"":702,""y"":466,""t"":1131},{""x"":684,""y"":466,""t"":1160},{""x"":685,""y"":507,""t"":1195},{""x"":671,""y"":511,""t"":1245},{""x"":661,""y"":513,""t"":1264},{""x"":653,""y"":512,""t"":1293},{""x"":657,""y"":514,""t"":1338},{""x"":649,""y"":512,""t"":1366},{""x"":653,""y"":523,""t"":1397},{""x"":648,""y"":532,""t"":1435},{""x"":659,""y"":535,""t"":1466},{""x"":679,""y"":555,""t"":1500},{""x"":699,""y"":556,""t"":1549},{""x"":715,""y"":572,""t"":1576},{""x"":728,""y"":559,""t"":1601},{""x"":751,""y"":561,""t"":1645},{""x"":771,""y"":562,""t"":1670},{""x"":761,""y"":578,""t"":1704},{""x"":752,""y"":576,""t"":1739},{""x"":775,""y"":590,""t"":1771},{""x"":806,""y"":632,""t"":1828},{""x"":834,""y"":656,""t"":1841},{""x"":846,""y"":691,""t"":1885},{""x"":857,""y"":737,""t"":1912},{""x"":866,""y"":748,""t"":1941}]","[{""x"":250,""y"":425,""width"":80,""height"":80,""top"":385,""right"":290,""bottom"":465,""left"":210},{""x"":400,""y"":165.1923788646684,""width"":80,""height"":80,""top"":125.1923788646684,""right"":440,""bottom"":205.1923788646684,""left"":360},{""x"":700,""y"":165.1923788646684,""width"":80,""height"":80,""top"":125.1923788646684,""right"":740,""bottom"":205.1923788646684,""left"":660},{""x"":850,""y"":425,""width"":80,""height"":80,""top"":385,""right"":890,""bottom"":465,""left"":810},{""x"":700,""y"":684.8076211353316,""width"":80,""height"":80,""top"":644.8076211353316,""right"":740,""bottom"":724.8076211353316,""left"":660},{""x"":400,""y"":684.8076211353316,""width"":80,""height"":80,""top"":644.8076211353316,""right"":440,""bottom"":724.8076211353316,""left"":360}]","{""#container"":{""x"":410,""y"":129.390625,""width"":1100,""height"":850,""top"":129.390625,""right"":1510,""bottom"":979.390625,""left"":410}}","[{'red': 21}, {'purple': 28}, {'cyan': 0}, {'yellow': 0}, {'green': 0}, {'blue': 3}]",{'purple': 28},purple
135,wfy,24.0,男,,,,,,,,,,,,
136,,,,701.0,1.0,1.0,"[""blue"",""yellow"",""green"",""cyan"",""purple"",""red""]",red,True,"[{""x"":1128,""y"":647,""t"":1},{""x"":1164,""y"":660,""t"":37},{""x"":1135,""y"":682,""t"":69},{""x"":1138,""y"":701,""t"":104},{""x"":1130,""y"":715,""t"":137},{""x"":1108,""y"":733,""t"":173},{""x"":1110,""y"":732,""t"":205},{""x"":1077,""y"":756,""t"":239},{""x"":1054,""y"":765,""t"":275},{""x"":1055,""y"":766,""t"":311},{""x"":1031,""y"":776,""t"":343},{""x"":1027,""y"":772,""t"":390},{""x"":1045,""y"":743,""t"":409},{""x"":1048,""y"":722,""t"":451},{""x"":1056,""y"":703,""t"":479},{""x"":1021,""y"":711,""t"":514},{""x"":973,""y"":734,""t"":546},{""x"":904,""y"":751,""t"":594},{""x"":847,""y"":762,""t"":613},{""x"":795,""y"":761,""t"":653},{""x"":748,""y"":762,""t"":683},{""x"":740,""y"":770,""t"":729},{""x"":755,""y"":796,""t"":749},{""x"":780,""y"":829,""t"":792},{""x"":811,""y"":855,""t"":817},{""x"":824,""y"":882,""t"":854},{""x"":841,""y"":912,""t"":887},{""x"":880,""y"":873,""t"":932},{""x"":905,""y"":868,""t"":953},{""x"":928,""y"":884,""t"":995},{""x"":962,""y"":872,""t"":1023},{""x"":983,""y"":816,""t"":1056},{""x"":1039,""y"":734,""t"":1103},{""x"":1069,""y"":683,""t"":1122},{""x"":1061,""y"":642,""t"":1167},{""x"":1051,""y"":609,""t"":1191},{""x"":1063,""y"":575,""t"":1228},{""x"":1079,""y"":539,""t"":1260},{""x"":1111,""y"":517,""t"":1306},{""x"":1166,""y"":501,""t"":1329},{""x"":1212,""y"":490,""t"":1368},{""x"":1233,""y"":473,""t"":1396},{""x"":1251,""y"":445,""t"":1430},{""x"":1262,""y"":424,""t"":1478},{""x"":1269,""y"":408,""t"":1498},{""x"":1275,""y"":419,""t"":1540},{""x"":1256,""y"":423,""t"":1565},{""x"":1235,""y"":429,""t"":1606},{""x"":1198,""y"":435,""t"":1633},{""x"":1166,""y"":440,""t"":1668},{""x"":1164,""y"":469,""t"":1717},{""x"":1067,""y"":524,""t"":1737},{""x"":990,""y"":573,""t"":1781},{""x"":940,""y"":580,""t"":1803},{""x"":878,""y"":585,""t"":1846},{""x"":829,""y"":599,""t"":1871},{""x"":835,""y"":634,""t"":1909},{""x"":895,""y"":615,""t"":1941},{""x"":940,""y"":620,""t"":1989}]","[{""x"":250,""y"":425,""width"":80,""height"":80,""top"":385,""right"":290,""bottom"":465,""left"":210},{""x"":400,""y"":165.1923788646684,""width"":80,""height"":80,""top"":125.1923788646684,""right"":440,""bottom"":205.1923788646684,""left"":360},{""x"":700,""y"":165.1923788646684,""width"":80,""height"":80,""top"":125.1923788646684,""right"":740,""bottom"":205.1923788646684,""left"":660},{""x"":850,""y"":425,""width"":80,""height"":80,""top"":385,""right"":890,""bottom"":465,""left"":810},{""x"":700,""y"":684.8076211353316,""width"":80,""height"":80,""top"":644.8076211353316,""right"":740,""bottom"":724.8076211353316,""left"":660},{""x"":400,""y"":684.8076211353316,""width"":80,""height"":80,""top"":644.8076211353316,""right"":440,""bottom"":724.8076211353316,""left"":360}]","{""#container"":{""x"":410,""y"":129.390625,""width"":1100,""height"":850,""top"":129.390625,""right"":1510,""bottom"":979.390625,""left"":410}}","[{'blue': 0}, {'yellow': 0}, {'green': 0}, {'cyan': 13}, {'purple': 17}, {'red': 13}]",{'red': 13},purple
137,,,,716.0,9.0,9.0,"[""cyan"",""blue"",""red"",""yellow"",""green"",""purple""]",red,True,"[{""x"":960,""y"":641,""t"":1},{""x"":1010,""y"":675,""t"":38},{""x"":1057,""y"":688,""t"":70},{""x"":1081,""y"":718,""t"":104},{""x"":1088,""y"":742,""t"":139},{""x"":1097,""y"":761,""t"":171},{""x"":1071,""y"":759,""t"":206},{""x"":1085,""y"":762,""t"":241},{""x"":1103,""y"":767,""t"":274},{""x"":1097,""y"":780,""t"":316},{""x"":1110,""y"":778,""t"":343},{""x"":1087,""y"":759,""t"":380},{""x"":1086,""y"":719,""t"":409},{""x"":1093,""y"":694,""t"":445},{""x"":1092,""y"":651,""t"":492},{""x"":1092,""y"":614,""t"":511},{""x"":1097,""y"":587,""t"":555},{""x"":1080,""y"":568,""t"":579},{""x"":1066,""y"":573,""t"":620},{""x"":1049,""y"":576,""t"":647},{""x"":1006,""y"":574,""t"":697},{""x"":940,""y"":577,""t"":714},{""x"":932,""y"":572,""t"":760},{""x"":928,""y"":568,""t"":783},{""x"":925,""y"":565,""t"":822},{""x"":854,""y"":565,""t"":852},{""x"":760,""y"":598,""t"":901},{""x"":728,""y"":634,""t"":918},{""x"":727,""y"":659,""t"":961},{""x"":716,""y"":694,""t"":987},{""x"":744,""y"":706,""t"":1022},{""x"":854,""y"":699,""t"":1057},{""x"":926,""y"":691,""t"":1100},{""x"":997,""y"":692,""t"":1123},{""x"":1090,""y"":696,""t"":1163},{""x"":1152,""y"":689,""t"":1193},{""x"":1210,""y"":678,""t"":1226},{""x"":1278,""y"":669,""t"":1273},{""x"":1306,""y"":668,""t"":1295},{""x"":1331,""y"":669,""t"":1336},{""x"":1336,""y"":671,""t"":1362},{""x"":1357,""y"":663,""t"":1401},{""x"":1358,""y"":663,""t"":1429},{""x"":1382,""y"":662,""t"":1476},{""x"":1359,""y"":652,""t"":1497},{""x"":1353,""y"":638,""t"":1538},{""x"":1346,""y"":634,""t"":1565},{""x"":1327,""y"":632,""t"":1600},{""x"":1224,""y"":640,""t"":1648},{""x"":1125,""y"":671,""t"":1667},{""x"":1045,""y"":710,""t"":1709},{""x"":989,""y"":727,""t"":1738},{""x"":930,""y"":731,""t"":1771},{""x"":944,""y"":736,""t"":1804},{""x"":916,""y"":721,""t"":1850},{""x"":896,""y"":693,""t"":1871},{""x"":886,""y"":692,""t"":1912},{""x"":870,""y"":692,""t"":1941},{""x"":852,""y"":657,""t"":1975}]","[{""x"":250,""y"":425,""width"":80,""height"":80,""top"":385,""right"":290,""bottom"":465,""left"":210},{""x"":400,""y"":165.1923788646684,""width"":80,""height"":80,""top"":125.1923788646684,""right"":440,""bottom"":205.1923788646684,""left"":360},{""x"":700,""y"":165.1923788646684,""width"":80,""height"":80,""top"":125.1923788646684,""right"":740,""bottom"":205.1923788646684,""left"":660},{""x"":850,""y"":425,""width"":80,""height"":80,""top"":385,""right"":890,""bottom"":465,""left"":810},{""x"":700,""y"":684.8076211353316,""width"":80,""height"":80,""top"":644.8076211353316,""right"":740,""bottom"":724.8076211353316,""left"":660},{""x"":400,""y"":684.8076211353316,""width"":80,""height"":80,""top"":644.8076211353316,""right"":440,""bottom"":724.8076211353316,""left"":360}]","{""#container"":{""x"":410,""y"":129.390625,""width"":1100,""height"":850,""top"":129.390625,""right"":1510,""bottom"":979.390625,""left"":410}}","[{'cyan': 3}, {'blue': 0}, {'red': 0}, {'yellow': 12}, {'green': 17}, {'purple': 7}]",,green
138,,,,727.0,7.0,7.0,"[""purple"",""red"",""blue"",""cyan"",""green"",""yellow""]",red,True,"[{""x"":866,""y"":660,""t"":1},{""x"":911,""y"":657,""t"":37},{""x"":967,""y"":682,""t"":69},{""x"":992,""y"":692,""t"":104},{""x"":1016,""y"":710,""t"":139},{""x"":1030,""y"":726,""t"":170},{""x"":1062,""y"":720,""t"":206},{""x"":1065,""y"":739,""t"":239},{""x"":1073,""y"":757,""t"":272},{""x"":1084,""y"":776,""t"":312},{""x"":1093,""y"":761,""t"":341},{""x"":1068,""y"":720,""t"":389},{""x"":1047,""y"":674,""t"":411},{""x"":1017,""y"":638,""t"":453},{""x"":1000,""y"":596,""t"":477},{""x"":971,""y"":586,""t"":516},{""x"":1001,""y"":547,""t"":545},{""x"":1029,""y"":525,""t"":592},{""x"":1061,""y"":490,""t"":615},{""x"":1076,""y"":470,""t"":654},{""x"":1107,""y"":452,""t"":682},{""x"":1143,""y"":435,""t"":718},{""x"":1153,""y"":425,""t"":764},{""x"":1157,""y"":420,""t"":783},{""x"":1162,""y"":436,""t"":827},{""x"":1134,""y"":463,""t"":851},{""x"":1108,""y"":484,""t"":889},{""x"":1076,""y"":496,""t"":921},{""x"":1001,""y"":491,""t"":967},{""x"":985,""y"":511,""t"":987},{""x"":948,""y"":509,""t"":1032},{""x"":933,""y"":529,""t"":1055},{""x"":885,""y"":543,""t"":1094},{""x"":906,""y"":564,""t"":1123},{""x"":931,""y"":571,""t"":1160},{""x"":962,""y"":582,""t"":1204},{""x"":977,""y"":570,""t"":1225},{""x"":942,""y"":618,""t"":1267},{""x"":953,""y"":618,""t"":1293},{""x"":952,""y"":642,""t"":1333},{""x"":950,""y"":661,""t"":1361},{""x"":951,""y"":675,""t"":1395},{""x"":945,""y"":699,""t"":1443},{""x"":941,""y"":707,""t"":1463},{""x"":979,""y"":683,""t"":1508},{""x"":1012,""y"":697,""t"":1531},{""x"":1050,""y"":681,""t"":1570},{""x"":1089,""y"":660,""t"":1599},{""x"":1089,""y"":669,""t"":1634},{""x"":1106,""y"":672,""t"":1684},{""x"":1136,""y"":665,""t"":1701},{""x"":1159,""y"":663,""t"":1746},{""x"":1171,""y"":668,""t"":1769},{""x"":1182,""y"":674,""t"":1812},{""x"":1200,""y"":676,""t"":1837},{""x"":1213,""y"":678,""t"":1872},{""x"":1236,""y"":674,""t"":1919},{""x"":1240,""y"":668,""t"":1942},{""x"":1241,""y"":685,""t"":1981}]","[{""x"":250,""y"":425,""width"":80,""height"":80,""top"":385,""right"":290,""bottom"":465,""left"":210},{""x"":400,""y"":165.1923788646684,""width"":80,""height"":80,""top"":125.1923788646684,""right"":440,""bottom"":205.1923788646684,""left"":360},{""x"":700,""y"":165.1923788646684,""width"":80,""height"":80,""top"":125.1923788646684,""right"":740,""bottom"":205.1923788646684,""left"":660},{""x"":850,""y"":425,""width"":80,""height"":80,""top"":385,""right"":890,""bottom"":465,""left"":810},{""x"":700,""y"":684.8076211353316,""width"":80,""height"":80,""top"":644.8076211353316,""right"":740,""bottom"":724.8076211353316,""left"":660},{""x"":400,""y"":684.8076211353316,""width"":80,""height"":80,""top"":644.8076211353316,""right"":440,""bottom"":724.8076211353316,""left"":360}]","{""#container"":{""x"":410,""y"":129.390625,""width"":1100,""height"":850,""top"":129.390625,""right"":1510,""bottom"":979.390625,""left"":410}}","[{'purple': 0}, {'red': 0}, {'blue': 3}, {'cyan': 8}, {'green': 11}, {'yellow': 0}]",,green
139,,,,707.0,1.0,1.0,"[""cyan"",""yellow"",""green"",""purple"",""blue"",""red""]",red_1,True,"[{""x"":1217,""y"":718,""t"":1},{""x"":1192,""y"":731,""t"":37},{""x"":1151,""y"":737,""t"":69},{""x"":1142,""y"":750,""t"":103},{""x"":1126,""y"":752,""t"":139},{""x"":1100,""y"":749,""t"":171},{""x"":1097,""y"":743,""t"":205},{""x"":1088,""y"":737,""t"":241},{""x"":1078,""y"":737,""t"":273},{""x"":1078,""y"":727,""t"":310},{""x"":1076,""y"":723,""t"":343},{""x"":1062,""y"":723,""t"":386},{""x"":1063,""y"":725,""t"":410},{""x"":1055,""y"":733,""t"":449},{""x"":1050,""y"":760,""t"":478},{""x"":1035,""y"":780,""t"":526},{""x"":1036,""y"":781,""t"":545},{""x"":1042,""y"":780,""t"":591},{""x"":1037,""y"":776,""t"":613},{""x"":1028,""y"":772,""t"":652},{""x"":1046,""y"":768,""t"":683},{""x"":1054,""y"":762,""t"":731},{""x"":1074,""y"":781,""t"":750},{""x"":1080,""y"":782,""t"":795},{""x"":1072,""y"":765,""t"":817},{""x"":1081,""y"":771,""t"":855},{""x"":1066,""y"":785,""t"":888},{""x"":1094,""y"":796,""t"":933},{""x"":1119,""y"":802,""t"":953},{""x"":1126,""y"":815,""t"":996},{""x"":1124,""y"":820,""t"":1024},{""x"":1122,""y"":824,""t"":1058},{""x"":1124,""y"":815,""t"":1090},{""x"":1129,""y"":802,""t"":1136},{""x"":1120,""y"":796,""t"":1157},{""x"":1119,""y"":773,""t"":1200},{""x"":1118,""y"":749,""t"":1225},{""x"":1121,""y"":727,""t"":1260},{""x"":1149,""y"":720,""t"":1307},{""x"":1150,""y"":717,""t"":1329},{""x"":1146,""y"":716,""t"":1369},{""x"":1154,""y"":703,""t"":1395},{""x"":1136,""y"":697,""t"":1432},{""x"":1145,""y"":661,""t"":1466},{""x"":1137,""y"":634,""t"":1509},{""x"":1130,""y"":613,""t"":1531},{""x"":1121,""y"":591,""t"":1571},{""x"":1108,""y"":581,""t"":1601},{""x"":1090,""y"":575,""t"":1635},{""x"":1078,""y"":580,""t"":1668},{""x"":1067,""y"":582,""t"":1715},{""x"":1038,""y"":579,""t"":1735},{""x"":997,""y"":580,""t"":1776},{""x"":954,""y"":554,""t"":1803},{""x"":875,""y"":528,""t"":1841},{""x"":887,""y"":524,""t"":1872},{""x"":872,""y"":526,""t"":1918},{""x"":881,""y"":512,""t"":1942},{""x"":829,""y"":511,""t"":1982}]","[{""x"":250,""y"":425,""width"":80,""height"":80,""top"":385,""right"":290,""bottom"":465,""left"":210},{""x"":400,""y"":165.1923788646684,""width"":80,""height"":80,""top"":125.1923788646684,""right"":440,""bottom"":205.1923788646684,""left"":360},{""x"":700,""y"":165.1923788646684,""width"":80,""height"":80,""top"":125.1923788646684,""right"":740,""bottom"":205.1923788646684,""left"":660},{""x"":850,""y"":425,""width"":80,""height"":80,""top"":385,""right"":890,""bottom"":465,""left"":810},{""x"":700,""y"":684.8076211353316,""width"":80,""height"":80,""top"":644.8076211353316,""right"":740,""bottom"":724.8076211353316,""left"":660},{""x"":400,""y"":684.8076211353316,""width"":80,""height"":80,""top"":644.8076211353316,""right"":440,""bottom"":724.8076211353316,""left"":360}]","{""#container"":{""x"":410,""y"":129.390625,""width"":1100,""height"":850,""top"":129.390625,""right"":1510,""bottom"":979.390625,""left"":410}}","[{'cyan': 0}, {'yellow': 0}, {'green': 0}, {'purple': 3}, {'blue': 43}, {'red': 0}]",,blue
140,,,,919.0,4.0,4.0,"[""cyan"",""red"",""blue"",""yellow"",""purple"",""green""]",cyan_1,True,"[{""x"":885,""y"":568,""t"":1},{""x"":943,""y"":609,""t"":37},{""x"":980,""y"":667,""t"":70},{""x"":1010,""y"":706,""t"":103},{""x"":1032,""y"":729,""t"":139},{""x"":1051,""y"":754,""t"":172},{""x"":1052,""y"":771,""t"":206},{""x"":1070,""y"":777,""t"":239},{""x"":1086,""y"":791,""t"":280},{""x"":1068,""y"":818,""t"":308},{""x"":1045,""y"":826,""t"":356},{""x"":1025,""y"":831,""t"":375},{""x"":1026,""y"":831,""t"":420},{""x"":1027,""y"":829,""t"":443},{""x"":1023,""y"":822,""t"":481},{""x"":1033,""y"":805,""t"":512},{""x"":1035,""y"":786,""t"":561},{""x"":1042,""y"":764,""t"":579},{""x"":1036,""y"":732,""t"":623},{""x"":1030,""y"":705,""t"":647},{""x"":1031,""y"":681,""t"":689},{""x"":977,""y"":681,""t"":715},{""x"":916,""y"":719,""t"":751},{""x"":823,""y"":744,""t"":785},{""x"":772,""y"":770,""t"":831},{""x"":738,""y"":798,""t"":851},{""x"":710,""y"":814,""t"":897},{""x"":718,""y"":846,""t"":919},{""x"":696,""y"":877,""t"":959},{""x"":741,""y"":871,""t"":989},{""x"":724,""y"":892,""t"":1023},{""x"":772,""y"":882,""t"":1055},{""x"":824,""y"":880,""t"":1105},{""x"":877,""y"":866,""t"":1124},{""x"":933,""y"":855,""t"":1167},{""x"":980,""y"":823,""t"":1192},{""x"":1007,""y"":816,""t"":1232},{""x"":1040,""y"":779,""t"":1260},{""x"":1043,""y"":768,""t"":1308},{""x"":1071,""y"":740,""t"":1329},{""x"":1082,""y"":728,""t"":1370},{""x"":1098,""y"":715,""t"":1396},{""x"":1101,""y"":706,""t"":1435},{""x"":1110,""y"":702,""t"":1463},{""x"":1129,""y"":712,""t"":1512},{""x"":1143,""y"":721,""t"":1531},{""x"":1141,""y"":730,""t"":1575},{""x"":1139,""y"":735,""t"":1599},{""x"":1121,""y"":756,""t"":1637},{""x"":1114,""y"":746,""t"":1669},{""x"":1121,""y"":725,""t"":1715},{""x"":1112,""y"":730,""t"":1734},{""x"":1083,""y"":759,""t"":1777},{""x"":1072,""y"":743,""t"":1802},{""x"":1051,""y"":742,""t"":1841},{""x"":1029,""y"":772,""t"":1872},{""x"":1036,""y"":763,""t"":1917},{""x"":1034,""y"":766,""t"":1939},{""x"":1036,""y"":754,""t"":1981}]","[{""x"":250,""y"":425,""width"":80,""height"":80,""top"":385,""right"":290,""bottom"":465,""left"":210},{""x"":400,""y"":165.1923788646684,""width"":80,""height"":80,""top"":125.1923788646684,""right"":440,""bottom"":205.1923788646684,""left"":360},{""x"":700,""y"":165.1923788646684,""width"":80,""height"":80,""top"":125.1923788646684,""right"":740,""bottom"":205.1923788646684,""left"":660},{""x"":850,""y"":425,""width"":80,""height"":80,""top"":385,""right"":890,""bottom"":465,""left"":810},{""x"":700,""y"":684.8076211353316,""width"":80,""height"":80,""top"":644.8076211353316,""right"":740,""bottom"":724.8076211353316,""left"":660},{""x"":400,""y"":684.8076211353316,""width"":80,""height"":80,""top"":644.8076211353316,""right"":440,""bottom"":724.8076211353316,""left"":360}]","{""#container"":{""x"":410,""y"":129.390625,""width"":1100,""height"":850,""top"":129.390625,""right"":1510,""bottom"":979.390625,""left"":410}}","[{'cyan': 0}, {'red': 0}, {'blue': 0}, {'yellow': 0}, {'purple': 41}, {'green': 13}]",,purple
141,,,,888.0,7.0,7.0,"[""red"",""yellow"",""blue"",""green"",""cyan"",""purple""]",yellow_1,True,"[{""x"":1041,""y"":761,""t"":1},{""x"":1047,""y"":768,""t"":35},{""x"":1059,""y"":791,""t"":71},{""x"":1075,""y"":786,""t"":103},{""x"":1080,""y"":803,""t"":138},{""x"":1084,""y"":817,""t"":170},{""x"":1092,""y"":813,""t"":207},{""x"":1092,""y"":825,""t"":239},{""x"":1093,""y"":831,""t"":273},{""x"":1101,""y"":826,""t"":311},{""x"":1090,""y"":818,""t"":342},{""x"":1067,""y"":780,""t"":387},{""x"":1047,""y"":741,""t"":412},{""x"":1040,""y"":711,""t"":450},{""x"":1035,""y"":694,""t"":476},{""x"":1011,""y"":658,""t"":512},{""x"":1010,""y"":649,""t"":561},{""x"":1011,""y"":629,""t"":579},{""x"":997,""y"":634,""t"":622},{""x"":985,""y"":641,""t"":647},{""x"":939,""y"":648,""t"":686},{""x"":907,""y"":645,""t"":717},{""x"":861,""y"":655,""t"":764},{""x"":826,""y"":677,""t"":783},{""x"":788,""y"":693,""t"":829},{""x"":760,""y"":682,""t"":851},{""x"":742,""y"":671,""t"":890},{""x"":737,""y"":670,""t"":922},{""x"":733,""y"":669,""t"":968},{""x"":750,""y"":680,""t"":988},{""x"":819,""y"":679,""t"":1032},{""x"":912,""y"":663,""t"":1055},{""x"":970,""y"":649,""t"":1091},{""x"":1031,""y"":648,""t"":1125},{""x"":1097,""y"":643,""t"":1169},{""x"":1118,""y"":646,""t"":1191},{""x"":1134,""y"":638,""t"":1232},{""x"":1152,""y"":648,""t"":1259},{""x"":1145,""y"":692,""t"":1307},{""x"":1181,""y"":715,""t"":1327},{""x"":1181,""y"":739,""t"":1371},{""x"":1205,""y"":774,""t"":1395},{""x"":1198,""y"":793,""t"":1433},{""x"":1215,""y"":800,""t"":1465},{""x"":1211,""y"":810,""t"":1510},{""x"":1213,""y"":820,""t"":1531},{""x"":1205,""y"":814,""t"":1574},{""x"":1178,""y"":811,""t"":1600},{""x"":1149,""y"":782,""t"":1636},{""x"":1143,""y"":729,""t"":1669},{""x"":1125,""y"":686,""t"":1716},{""x"":1119,""y"":634,""t"":1735},{""x"":1111,""y"":607,""t"":1780},{""x"":1112,""y"":582,""t"":1805},{""x"":1110,""y"":583,""t"":1844},{""x"":1144,""y"":590,""t"":1872},{""x"":1118,""y"":611,""t"":1909},{""x"":1105,""y"":609,""t"":1940},{""x"":1114,""y"":606,""t"":1988}]","[{""x"":250,""y"":425,""width"":80,""height"":80,""top"":385,""right"":290,""bottom"":465,""left"":210},{""x"":400,""y"":165.1923788646684,""width"":80,""height"":80,""top"":125.1923788646684,""right"":440,""bottom"":205.1923788646684,""left"":360},{""x"":700,""y"":165.1923788646684,""width"":80,""height"":80,""top"":125.1923788646684,""right"":740,""bottom"":205.1923788646684,""left"":660},{""x"":850,""y"":425,""width"":80,""height"":80,""top"":385,""right"":890,""bottom"":465,""left"":810},{""x"":700,""y"":684.8076211353316,""width"":80,""height"":80,""top"":644.8076211353316,""right"":740,""bottom"":724.8076211353316,""left"":660},{""x"":400,""y"":684.8076211353316,""width"":80,""height"":80,""top"":644.8076211353316,""right"":440,""bottom"":724.8076211353316,""left"":360}]","{""#container"":{""x"":410,""y"":129.390625,""width"":1100,""height"":850,""top"":129.390625,""right"":1510,""bottom"":979.390625,""left"":410}}","[{'red': 3}, {'yellow': 0}, {'blue': 0}, {'green': 2}, {'cyan': 28}, {'purple': 5}]",,cyan
142,,,,947.0,7.0,7.0,"[""red"",""yellow"",""green"",""cyan"",""purple"",""blue""]",yellow,True,"[{""x"":1119,""y"":616,""t"":3},{""x"":1101,""y"":666,""t"":35},{""x"":1078,""y"":716,""t"":69},{""x"":1046,""y"":759,""t"":105},{""x"":1029,""y"":799,""t"":137},{""x"":1028,""y"":830,""t"":171},{""x"":1029,""y"":854,""t"":208},{""x"":1009,""y"":870,""t"":240},{""x"":997,""y"":887,""t"":274},{""x"":994,""y"":889,""t"":313},{""x"":980,""y"":898,""t"":342},{""x"":960,""y"":902,""t"":391},{""x"":956,""y"":890,""t"":409},{""x"":949,""y"":853,""t"":457},{""x"":957,""y"":827,""t"":478},{""x"":943,""y"":806,""t"":518},{""x"":864,""y"":783,""t"":547},{""x"":835,""y"":769,""t"":580},{""x"":766,""y"":766,""t"":627},{""x"":740,""y"":760,""t"":647},{""x"":673,""y"":747,""t"":692},{""x"":627,""y"":742,""t"":715},{""x"":591,""y"":739,""t"":753},{""x"":584,""y"":731,""t"":783},{""x"":600,""y"":712,""t"":834},{""x"":619,""y"":717,""t"":851},{""x"":668,""y"":709,""t"":894},{""x"":708,""y"":702,""t"":918},{""x"":749,""y"":684,""t"":957},{""x"":797,""y"":676,""t"":990},{""x"":831,""y"":671,""t"":1035},{""x"":867,""y"":688,""t"":1055},{""x"":906,""y"":707,""t"":1099},{""x"":985,""y"":722,""t"":1125},{""x"":1024,""y"":732,""t"":1160},{""x"":1032,""y"":720,""t"":1192},{""x"":1060,""y"":703,""t"":1241},{""x"":1091,""y"":702,""t"":1259},{""x"":1110,""y"":696,""t"":1302},{""x"":1148,""y"":707,""t"":1329},{""x"":1175,""y"":728,""t"":1364},{""x"":1188,""y"":710,""t"":1396},{""x"":1183,""y"":697,""t"":1443},{""x"":1174,""y"":688,""t"":1463},{""x"":1168,""y"":694,""t"":1504},{""x"":1147,""y"":698,""t"":1533},{""x"":1113,""y"":728,""t"":1566},{""x"":1058,""y"":750,""t"":1613},{""x"":1002,""y"":769,""t"":1633},{""x"":965,""y"":787,""t"":1676},{""x"":919,""y"":820,""t"":1702},{""x"":898,""y"":833,""t"":1737},{""x"":856,""y"":852,""t"":1772},{""x"":858,""y"":834,""t"":1816},{""x"":882,""y"":802,""t"":1838},{""x"":911,""y"":767,""t"":1879},{""x"":925,""y"":743,""t"":1905},{""x"":923,""y"":709,""t"":1940},{""x"":948,""y"":705,""t"":1988}]","[{""x"":250,""y"":425,""width"":80,""height"":80,""top"":385,""right"":290,""bottom"":465,""left"":210},{""x"":400,""y"":165.1923788646684,""width"":80,""height"":80,""top"":125.1923788646684,""right"":440,""bottom"":205.1923788646684,""left"":360},{""x"":700,""y"":165.1923788646684,""width"":80,""height"":80,""top"":125.1923788646684,""right"":740,""bottom"":205.1923788646684,""left"":660},{""x"":850,""y"":425,""width"":80,""height"":80,""top"":385,""right"":890,""bottom"":465,""left"":810},{""x"":700,""y"":684.8076211353316,""width"":80,""height"":80,""top"":644.8076211353316,""right"":740,""bottom"":724.8076211353316,""left"":660},{""x"":400,""y"":684.8076211353316,""width"":80,""height"":80,""top"":644.8076211353316,""right"":440,""bottom"":724.8076211353316,""left"":360}]","{""#container"":{""x"":410,""y"":129.390625,""width"":1100,""height"":850,""top"":129.390625,""right"":1510,""bottom"":979.390625,""left"":410}}","[{'red': 0}, {'yellow': 0}, {'green': 0}, {'cyan': 0}, {'purple': 25}, {'blue': 19}]",,purple
143,,,,896.0,6.0,6.0,"[""yellow"",""blue"",""purple"",""green"",""cyan"",""red""]",green_1,True,"[{""x"":950,""y"":701,""t"":1},{""x"":968,""y"":683,""t"":36},{""x"":962,""y"":716,""t"":71},{""x"":970,""y"":732,""t"":103},{""x"":974,""y"":755,""t"":137},{""x"":968,""y"":784,""t"":171},{""x"":967,""y"":814,""t"":207},{""x"":971,""y"":840,""t"":240},{""x"":976,""y"":856,""t"":273},{""x"":983,""y"":857,""t"":313},{""x"":967,""y"":844,""t"":343},{""x"":941,""y"":833,""t"":376},{""x"":917,""y"":822,""t"":423},{""x"":909,""y"":808,""t"":445},{""x"":895,""y"":791,""t"":486},{""x"":898,""y"":749,""t"":512},{""x"":891,""y"":709,""t"":550},{""x"":889,""y"":695,""t"":581},{""x"":906,""y"":699,""t"":627},{""x"":861,""y"":692,""t"":650},{""x"":808,""y"":680,""t"":689},{""x"":759,""y"":685,""t"":715},{""x"":706,""y"":677,""t"":754},{""x"":656,""y"":672,""t"":784},{""x"":638,""y"":682,""t"":833},{""x"":616,""y"":694,""t"":853},{""x"":574,""y"":682,""t"":897},{""x"":535,""y"":681,""t"":920},{""x"":541,""y"":670,""t"":962},{""x"":529,""y"":666,""t"":988},{""x"":537,""y"":676,""t"":1024},{""x"":556,""y"":681,""t"":1057},{""x"":607,""y"":747,""t"":1104},{""x"":653,""y"":799,""t"":1124},{""x"":691,""y"":849,""t"":1168},{""x"":727,""y"":881,""t"":1192},{""x"":772,""y"":905,""t"":1230},{""x"":811,""y"":933,""t"":1261},{""x"":860,""y"":938,""t"":1307},{""x"":900,""y"":943,""t"":1327},{""x"":909,""y"":946,""t"":1371},{""x"":851,""y"":938,""t"":1397},{""x"":824,""y"":913,""t"":1434},{""x"":846,""y"":888,""t"":1463},{""x"":896,""y"":845,""t"":1498},{""x"":963,""y"":787,""t"":1548},{""x"":996,""y"":735,""t"":1565},{""x"":993,""y"":674,""t"":1610},{""x"":1011,""y"":655,""t"":1632},{""x"":1017,""y"":631,""t"":1673},{""x"":1027,""y"":615,""t"":1703},{""x"":1037,""y"":620,""t"":1736},{""x"":1068,""y"":607,""t"":1782},{""x"":1061,""y"":620,""t"":1805},{""x"":1077,""y"":605,""t"":1845},{""x"":1065,""y"":611,""t"":1871},{""x"":1073,""y"":620,""t"":1907},{""x"":1112,""y"":646,""t"":1941},{""x"":1130,""y"":645,""t"":1985}]","[{""x"":250,""y"":425,""width"":80,""height"":80,""top"":385,""right"":290,""bottom"":465,""left"":210},{""x"":400,""y"":165.1923788646684,""width"":80,""height"":80,""top"":125.1923788646684,""right"":440,""bottom"":205.1923788646684,""left"":360},{""x"":700,""y"":165.1923788646684,""width"":80,""height"":80,""top"":125.1923788646684,""right"":740,""bottom"":205.1923788646684,""left"":660},{""x"":850,""y"":425,""width"":80,""height"":80,""top"":385,""right"":890,""bottom"":465,""left"":810},{""x"":700,""y"":684.8076211353316,""width"":80,""height"":80,""top"":644.8076211353316,""right"":740,""bottom"":724.8076211353316,""left"":660},{""x"":400,""y"":684.8076211353316,""width"":80,""height"":80,""top"":644.8076211353316,""right"":440,""bottom"":724.8076211353316,""left"":360}]","{""#container"":{""x"":410,""y"":129.390625,""width"":1100,""height"":850,""top"":129.390625,""right"":1510,""bottom"":979.390625,""left"":410}}","[{'yellow': 4}, {'blue': 0}, {'purple': 0}, {'green': 0}, {'cyan': 9}, {'red': 20}]",,red
144,,,,1051.0,7.0,7.0,"[""green"",""purple"",""blue"",""cyan"",""yellow"",""red""]",purple,True,"[{""x"":1114,""y"":674,""t"":1},{""x"":1122,""y"":690,""t"":38},{""x"":1110,""y"":698,""t"":69},{""x"":1113,""y"":708,""t"":103},{""x"":1108,""y"":724,""t"":139},{""x"":1097,""y"":740,""t"":171},{""x"":1096,""y"":755,""t"":205},{""x"":1092,""y"":770,""t"":239},{""x"":1090,""y"":780,""t"":275},{""x"":1097,""y"":779,""t"":309},{""x"":1097,""y"":779,""t"":341},{""x"":1076,""y"":795,""t"":389},{""x"":1057,""y"":808,""t"":409},{""x"":1033,""y"":807,""t"":451},{""x"":994,""y"":814,""t"":477},{""x"":969,""y"":825,""t"":516},{""x"":937,""y"":840,""t"":544},{""x"":916,""y"":851,""t"":592},{""x"":889,""y"":848,""t"":613},{""x"":871,""y"":863,""t"":656},{""x"":858,""y"":874,""t"":680},{""x"":838,""y"":883,""t"":718},{""x"":822,""y"":890,""t"":750},{""x"":839,""y"":894,""t"":794},{""x"":851,""y"":903,""t"":819},{""x"":858,""y"":890,""t"":856},{""x"":850,""y"":887,""t"":886},{""x"":855,""y"":879,""t"":934},{""x"":854,""y"":880,""t"":953},{""x"":827,""y"":886,""t"":998},{""x"":778,""y"":862,""t"":1022},{""x"":752,""y"":834,""t"":1058},{""x"":752,""y"":789,""t"":1091},{""x"":769,""y"":786,""t"":1137},{""x"":802,""y"":806,""t"":1157},{""x"":828,""y"":813,""t"":1199},{""x"":895,""y"":788,""t"":1226},{""x"":947,""y"":779,""t"":1260},{""x"":1002,""y"":773,""t"":1308},{""x"":1046,""y"":762,""t"":1327},{""x"":1048,""y"":767,""t"":1370},{""x"":1040,""y"":754,""t"":1398},{""x"":1045,""y"":765,""t"":1432},{""x"":1021,""y"":754,""t"":1464},{""x"":983,""y"":760,""t"":1511},{""x"":953,""y"":784,""t"":1532},{""x"":932,""y"":793,""t"":1572},{""x"":896,""y"":822,""t"":1601},{""x"":855,""y"":839,""t"":1634},{""x"":882,""y"":844,""t"":1680},{""x"":909,""y"":839,""t"":1700},{""x"":938,""y"":830,""t"":1745},{""x"":961,""y"":816,""t"":1769},{""x"":999,""y"":779,""t"":1807},{""x"":1022,""y"":761,""t"":1838},{""x"":1038,""y"":743,""t"":1885},{""x"":1072,""y"":718,""t"":1905},{""x"":1098,""y"":695,""t"":1946},{""x"":1103,""y"":668,""t"":1975}]","[{""x"":250,""y"":425,""width"":80,""height"":80,""top"":385,""right"":290,""bottom"":465,""left"":210},{""x"":400,""y"":165.1923788646684,""width"":80,""height"":80,""top"":125.1923788646684,""right"":440,""bottom"":205.1923788646684,""left"":360},{""x"":700,""y"":165.1923788646684,""width"":80,""height"":80,""top"":125.1923788646684,""right"":740,""bottom"":205.1923788646684,""left"":660},{""x"":850,""y"":425,""width"":80,""height"":80,""top"":385,""right"":890,""bottom"":465,""left"":810},{""x"":700,""y"":684.8076211353316,""width"":80,""height"":80,""top"":644.8076211353316,""right"":740,""bottom"":724.8076211353316,""left"":660},{""x"":400,""y"":684.8076211353316,""width"":80,""height"":80,""top"":644.8076211353316,""right"":440,""bottom"":724.8076211353316,""left"":360}]","{""#container"":{""x"":410,""y"":129.390625,""width"":1100,""height"":850,""top"":129.390625,""right"":1510,""bottom"":979.390625,""left"":410}}","[{'green': 0}, {'purple': 0}, {'blue': 0}, {'cyan': 0}, {'yellow': 30}, {'red': 29}]",,yellow
145,,,,722.0,7.0,7.0,"[""red"",""green"",""blue"",""yellow"",""purple"",""cyan""]",green,True,"[{""x"":1110,""y"":685,""t"":1},{""x"":1078,""y"":696,""t"":35},{""x"":1068,""y"":712,""t"":71},{""x"":1081,""y"":738,""t"":104},{""x"":1096,""y"":753,""t"":137},{""x"":1089,""y"":764,""t"":173},{""x"":1064,""y"":777,""t"":205},{""x"":1061,""y"":781,""t"":239},{""x"":1070,""y"":767,""t"":273},{""x"":1066,""y"":768,""t"":318},{""x"":1063,""y"":768,""t"":341},{""x"":1016,""y"":767,""t"":378},{""x"":983,""y"":752,""t"":409},{""x"":977,""y"":748,""t"":460},{""x"":977,""y"":734,""t"":477},{""x"":965,""y"":721,""t"":521},{""x"":968,""y"":709,""t"":547},{""x"":910,""y"":743,""t"":585},{""x"":880,""y"":755,""t"":614},{""x"":845,""y"":772,""t"":646},{""x"":830,""y"":783,""t"":696},{""x"":798,""y"":798,""t"":716},{""x"":781,""y"":805,""t"":757},{""x"":810,""y"":798,""t"":785},{""x"":871,""y"":776,""t"":820},{""x"":925,""y"":758,""t"":852},{""x"":973,""y"":730,""t"":900},{""x"":987,""y"":701,""t"":919},{""x"":1016,""y"":673,""t"":961},{""x"":1041,""y"":657,""t"":990},{""x"":1070,""y"":644,""t"":1024},{""x"":1080,""y"":624,""t"":1057},{""x"":1049,""y"":620,""t"":1104},{""x"":1075,""y"":618,""t"":1123},{""x"":1042,""y"":623,""t"":1165},{""x"":1056,""y"":623,""t"":1191},{""x"":1086,""y"":628,""t"":1229},{""x"":1093,""y"":630,""t"":1260},{""x"":1100,""y"":643,""t"":1306},{""x"":1102,""y"":653,""t"":1327},{""x"":1109,""y"":655,""t"":1371},{""x"":1114,""y"":658,""t"":1394},{""x"":1127,""y"":677,""t"":1432},{""x"":1127,""y"":679,""t"":1463},{""x"":1123,""y"":674,""t"":1511},{""x"":1120,""y"":669,""t"":1531},{""x"":1120,""y"":674,""t"":1573},{""x"":1073,""y"":679,""t"":1600},{""x"":1047,""y"":679,""t"":1637},{""x"":1011,""y"":666,""t"":1667},{""x"":977,""y"":664,""t"":1714},{""x"":957,""y"":668,""t"":1737},{""x"":933,""y"":668,""t"":1775},{""x"":917,""y"":665,""t"":1803},{""x"":905,""y"":655,""t"":1836},{""x"":897,""y"":641,""t"":1886},{""x"":894,""y"":611,""t"":1906},{""x"":874,""y"":592,""t"":1948},{""x"":848,""y"":579,""t"":1973}]","[{""x"":250,""y"":425,""width"":80,""height"":80,""top"":385,""right"":290,""bottom"":465,""left"":210},{""x"":400,""y"":165.1923788646684,""width"":80,""height"":80,""top"":125.1923788646684,""right"":440,""bottom"":205.1923788646684,""left"":360},{""x"":700,""y"":165.1923788646684,""width"":80,""height"":80,""top"":125.1923788646684,""right"":740,""bottom"":205.1923788646684,""left"":660},{""x"":850,""y"":425,""width"":80,""height"":80,""top"":385,""right"":890,""bottom"":465,""left"":810},{""x"":700,""y"":684.8076211353316,""width"":80,""height"":80,""top"":644.8076211353316,""right"":740,""bottom"":724.8076211353316,""left"":660},{""x"":400,""y"":684.8076211353316,""width"":80,""height"":80,""top"":644.8076211353316,""right"":440,""bottom"":724.8076211353316,""left"":360}]","{""#container"":{""x"":410,""y"":129.390625,""width"":1100,""height"":850,""top"":129.390625,""right"":1510,""bottom"":979.390625,""left"":410}}","[{'red': 0}, {'green': 0}, {'blue': 0}, {'yellow': 0}, {'purple': 21}, {'cyan': 9}]",,purple
146,,,,856.0,6.0,6.0,"[""blue"",""purple"",""green"",""yellow"",""red"",""cyan""]",yellow_1,True,"[{""x"":886,""y"":619,""t"":3},{""x"":956,""y"":647,""t"":35},{""x"":987,""y"":671,""t"":70},{""x"":996,""y"":710,""t"":105},{""x"":993,""y"":757,""t"":137},{""x"":1007,""y"":782,""t"":171},{""x"":1013,""y"":817,""t"":207},{""x"":1016,""y"":833,""t"":239},{""x"":1018,""y"":844,""t"":272},{""x"":1032,""y"":845,""t"":311},{""x"":1028,""y"":833,""t"":343},{""x"":1015,""y"":823,""t"":389},{""x"":1014,""y"":802,""t"":410},{""x"":1024,""y"":787,""t"":453},{""x"":1017,""y"":783,""t"":478},{""x"":979,""y"":787,""t"":514},{""x"":939,""y"":793,""t"":547},{""x"":886,""y"":799,""t"":593},{""x"":848,""y"":814,""t"":613},{""x"":824,""y"":824,""t"":657},{""x"":856,""y"":833,""t"":682},{""x"":939,""y"":839,""t"":718},{""x"":1015,""y"":848,""t"":751},{""x"":1084,""y"":854,""t"":794},{""x"":1136,""y"":863,""t"":818},{""x"":1169,""y"":863,""t"":859},{""x"":1185,""y"":880,""t"":886},{""x"":1211,""y"":884,""t"":919},{""x"":1218,""y"":888,""t"":968},{""x"":1239,""y"":896,""t"":987},{""x"":1260,""y"":888,""t"":1029},{""x"":1278,""y"":873,""t"":1055},{""x"":1273,""y"":869,""t"":1092},{""x"":1253,""y"":859,""t"":1125},{""x"":1224,""y"":824,""t"":1172},{""x"":1206,""y"":799,""t"":1190},{""x"":1178,""y"":783,""t"":1236},{""x"":1175,""y"":777,""t"":1258},{""x"":1173,""y"":781,""t"":1302},{""x"":1155,""y"":780,""t"":1327},{""x"":1153,""y"":782,""t"":1364},{""x"":1157,""y"":784,""t"":1395},{""x"":1170,""y"":784,""t"":1446},{""x"":1169,""y"":796,""t"":1463},{""x"":1132,""y"":797,""t"":1508},{""x"":1126,""y"":781,""t"":1531},{""x"":1114,""y"":760,""t"":1573},{""x"":1118,""y"":747,""t"":1599},{""x"":1109,""y"":709,""t"":1635},{""x"":1092,""y"":687,""t"":1667},{""x"":1098,""y"":684,""t"":1717},{""x"":1106,""y"":685,""t"":1735},{""x"":1150,""y"":694,""t"":1779},{""x"":1183,""y"":705,""t"":1805},{""x"":1117,""y"":708,""t"":1843},{""x"":1106,""y"":724,""t"":1871},{""x"":1068,""y"":729,""t"":1905},{""x"":1015,""y"":724,""t"":1953},{""x"":968,""y"":730,""t"":1973}]","[{""x"":250,""y"":425,""width"":80,""height"":80,""top"":385,""right"":290,""bottom"":465,""left"":210},{""x"":400,""y"":165.1923788646684,""width"":80,""height"":80,""top"":125.1923788646684,""right"":440,""bottom"":205.1923788646684,""left"":360},{""x"":700,""y"":165.1923788646684,""width"":80,""height"":80,""top"":125.1923788646684,""right"":740,""bottom"":205.1923788646684,""left"":660},{""x"":850,""y"":425,""width"":80,""height"":80,""top"":385,""right"":890,""bottom"":465,""left"":810},{""x"":700,""y"":684.8076211353316,""width"":80,""height"":80,""top"":644.8076211353316,""right"":740,""bottom"":724.8076211353316,""left"":660},{""x"":400,""y"":684.8076211353316,""width"":80,""height"":80,""top"":644.8076211353316,""right"":440,""bottom"":724.8076211353316,""left"":360}]","{""#container"":{""x"":410,""y"":129.390625,""width"":1100,""height"":850,""top"":129.390625,""right"":1510,""bottom"":979.390625,""left"":410}}","[{'blue': 0}, {'purple': 0}, {'green': 0}, {'yellow': 0}, {'red': 44}, {'cyan': 6}]",,red
147,,,,630.0,1.0,1.0,"[""red"",""purple"",""blue"",""cyan"",""green"",""yellow""]",yellow,True,"[{""x"":985,""y"":739,""t"":1},{""x"":987,""y"":768,""t"":37},{""x"":1000,""y"":795,""t"":69},{""x"":1007,""y"":815,""t"":103},{""x"":1009,""y"":819,""t"":139},{""x"":1012,""y"":820,""t"":170},{""x"":1016,""y"":828,""t"":205},{""x"":1019,""y"":844,""t"":239},{""x"":1023,""y"":857,""t"":273},{""x"":1008,""y"":869,""t"":313},{""x"":1000,""y"":877,""t"":342},{""x"":998,""y"":885,""t"":389},{""x"":973,""y"":890,""t"":411},{""x"":961,""y"":890,""t"":452},{""x"":964,""y"":886,""t"":478},{""x"":983,""y"":871,""t"":516},{""x"":982,""y"":855,""t"":545},{""x"":968,""y"":863,""t"":591},{""x"":988,""y"":871,""t"":615},{""x"":975,""y"":862,""t"":654},{""x"":950,""y"":842,""t"":681},{""x"":928,""y"":841,""t"":718},{""x"":917,""y"":847,""t"":763},{""x"":943,""y"":843,""t"":783},{""x"":1001,""y"":797,""t"":827},{""x"":1053,""y"":746,""t"":851},{""x"":1083,""y"":703,""t"":889},{""x"":1101,""y"":665,""t"":921},{""x"":1119,""y"":620,""t"":966},{""x"":1122,""y"":592,""t"":987},{""x"":1097,""y"":602,""t"":1030},{""x"":1067,""y"":606,""t"":1056},{""x"":1051,""y"":608,""t"":1089},{""x"":1032,""y"":601,""t"":1139},{""x"":1016,""y"":594,""t"":1157},{""x"":998,""y"":595,""t"":1199},{""x"":982,""y"":592,""t"":1227},{""x"":1003,""y"":594,""t"":1261},{""x"":1014,""y"":620,""t"":1293},{""x"":1039,""y"":655,""t"":1341},{""x"":1033,""y"":672,""t"":1360},{""x"":1063,""y"":719,""t"":1401},{""x"":1075,""y"":748,""t"":1430},{""x"":1084,""y"":771,""t"":1464},{""x"":1101,""y"":772,""t"":1514},{""x"":1114,""y"":771,""t"":1531},{""x"":1127,""y"":770,""t"":1573},{""x"":1136,""y"":768,""t"":1598},{""x"":1125,""y"":749,""t"":1636},{""x"":1114,""y"":752,""t"":1669},{""x"":1101,""y"":752,""t"":1714},{""x"":1088,""y"":740,""t"":1735},{""x"":1073,""y"":730,""t"":1776},{""x"":1071,""y"":733,""t"":1805},{""x"":1095,""y"":755,""t"":1838},{""x"":1083,""y"":765,""t"":1886},{""x"":1073,""y"":773,""t"":1904},{""x"":1082,""y"":774,""t"":1950},{""x"":1095,""y"":766,""t"":1974}]","[{""x"":250,""y"":425,""width"":80,""height"":80,""top"":385,""right"":290,""bottom"":465,""left"":210},{""x"":400,""y"":165.1923788646684,""width"":80,""height"":80,""top"":125.1923788646684,""right"":440,""bottom"":205.1923788646684,""left"":360},{""x"":700,""y"":165.1923788646684,""width"":80,""height"":80,""top"":125.1923788646684,""right"":740,""bottom"":205.1923788646684,""left"":660},{""x"":850,""y"":425,""width"":80,""height"":80,""top"":385,""right"":890,""bottom"":465,""left"":810},{""x"":700,""y"":684.8076211353316,""width"":80,""height"":80,""top"":644.8076211353316,""right"":740,""bottom"":724.8076211353316,""left"":660},{""x"":400,""y"":684.8076211353316,""width"":80,""height"":80,""top"":644.8076211353316,""right"":440,""bottom"":724.8076211353316,""left"":360}]","{""#container"":{""x"":410,""y"":129.390625,""width"":1100,""height"":850,""top"":129.390625,""right"":1510,""bottom"":979.390625,""left"":410}}","[{'red': 0}, {'purple': 0}, {'blue': 0}, {'cyan': 1}, {'green': 38}, {'yellow': 4}]",{'yellow': 4},green
148,,,,988.0,4.0,4.0,"[""red"",""green"",""yellow"",""cyan"",""purple"",""blue""]",red,True,"[{""x"":1069,""y"":756,""t"":1},{""x"":1079,""y"":781,""t"":38},{""x"":1057,""y"":792,""t"":69},{""x"":1035,""y"":788,""t"":103},{""x"":1021,""y"":805,""t"":137},{""x"":1019,""y"":822,""t"":173},{""x"":995,""y"":831,""t"":206},{""x"":985,""y"":832,""t"":240},{""x"":989,""y"":843,""t"":276},{""x"":999,""y"":853,""t"":310},{""x"":971,""y"":867,""t"":341},{""x"":972,""y"":885,""t"":391},{""x"":957,""y"":885,""t"":410},{""x"":955,""y"":891,""t"":453},{""x"":931,""y"":885,""t"":479},{""x"":926,""y"":886,""t"":516},{""x"":924,""y"":883,""t"":546},{""x"":922,""y"":891,""t"":581},{""x"":885,""y"":898,""t"":627},{""x"":878,""y"":899,""t"":647},{""x"":867,""y"":888,""t"":691},{""x"":887,""y"":867,""t"":717},{""x"":920,""y"":825,""t"":755},{""x"":959,""y"":786,""t"":782},{""x"":972,""y"":730,""t"":819},{""x"":997,""y"":697,""t"":853},{""x"":1003,""y"":671,""t"":899},{""x"":1014,""y"":649,""t"":919},{""x"":1018,""y"":641,""t"":964},{""x"":1069,""y"":608,""t"":986},{""x"":1117,""y"":592,""t"":1026},{""x"":1129,""y"":574,""t"":1054},{""x"":1147,""y"":569,""t"":1090},{""x"":1128,""y"":637,""t"":1140},{""x"":1118,""y"":670,""t"":1157},{""x"":1136,""y"":723,""t"":1201},{""x"":1133,""y"":770,""t"":1225},{""x"":1150,""y"":810,""t"":1267},{""x"":1146,""y"":836,""t"":1292},{""x"":1142,""y"":859,""t"":1329},{""x"":1143,""y"":864,""t"":1375},{""x"":1120,""y"":881,""t"":1397},{""x"":1109,""y"":898,""t"":1438},{""x"":1092,""y"":909,""t"":1464},{""x"":1078,""y"":900,""t"":1499},{""x"":1090,""y"":882,""t"":1533},{""x"":1099,""y"":868,""t"":1579},{""x"":1106,""y"":845,""t"":1600},{""x"":1117,""y"":817,""t"":1642},{""x"":1126,""y"":815,""t"":1668},{""x"":1117,""y"":810,""t"":1703},{""x"":1097,""y"":791,""t"":1738},{""x"":1085,""y"":765,""t"":1784},{""x"":1059,""y"":744,""t"":1804},{""x"":1073,""y"":708,""t"":1848},{""x"":1068,""y"":704,""t"":1871},{""x"":1058,""y"":696,""t"":1909},{""x"":1047,""y"":685,""t"":1942},{""x"":1030,""y"":691,""t"":1989}]","[{""x"":250,""y"":425,""width"":80,""height"":80,""top"":385,""right"":290,""bottom"":465,""left"":210},{""x"":400,""y"":165.1923788646684,""width"":80,""height"":80,""top"":125.1923788646684,""right"":440,""bottom"":205.1923788646684,""left"":360},{""x"":700,""y"":165.1923788646684,""width"":80,""height"":80,""top"":125.1923788646684,""right"":740,""bottom"":205.1923788646684,""left"":660},{""x"":850,""y"":425,""width"":80,""height"":80,""top"":385,""right"":890,""bottom"":465,""left"":810},{""x"":700,""y"":684.8076211353316,""width"":80,""height"":80,""top"":644.8076211353316,""right"":740,""bottom"":724.8076211353316,""left"":660},{""x"":400,""y"":684.8076211353316,""width"":80,""height"":80,""top"":644.8076211353316,""right"":440,""bottom"":724.8076211353316,""left"":360}]","{""#container"":{""x"":410,""y"":129.390625,""width"":1100,""height"":850,""top"":129.390625,""right"":1510,""bottom"":979.390625,""left"":410}}","[{'red': 0}, {'green': 0}, {'yellow': 0}, {'cyan': 3}, {'purple': 36}, {'blue': 9}]",,purple
149,,,,750.0,1.0,1.0,"[""purple"",""blue"",""cyan"",""red"",""yellow"",""green""]",green,True,"[{""x"":1002,""y"":740,""t"":1},{""x"":1013,""y"":777,""t"":37},{""x"":1001,""y"":799,""t"":69},{""x"":1018,""y"":817,""t"":103},{""x"":991,""y"":814,""t"":139},{""x"":1012,""y"":834,""t"":171},{""x"":1024,""y"":843,""t"":205},{""x"":1049,""y"":851,""t"":241},{""x"":1049,""y"":862,""t"":274},{""x"":1020,""y"":863,""t"":308},{""x"":974,""y"":836,""t"":358},{""x"":938,""y"":836,""t"":375},{""x"":904,""y"":859,""t"":419},{""x"":876,""y"":878,""t"":442},{""x"":872,""y"":887,""t"":481},{""x"":861,""y"":907,""t"":511},{""x"":897,""y"":897,""t"":561},{""x"":929,""y"":871,""t"":580},{""x"":973,""y"":859,""t"":623},{""x"":1000,""y"":843,""t"":650},{""x"":1027,""y"":832,""t"":685},{""x"":1032,""y"":828,""t"":716},{""x"":1023,""y"":807,""t"":763},{""x"":1015,""y"":790,""t"":784},{""x"":984,""y"":786,""t"":825},{""x"":967,""y"":755,""t"":851},{""x"":946,""y"":754,""t"":888},{""x"":939,""y"":747,""t"":921},{""x"":942,""y"":738,""t"":966},{""x"":939,""y"":733,""t"":987},{""x"":938,""y"":732,""t"":1030},{""x"":930,""y"":718,""t"":1055},{""x"":927,""y"":708,""t"":1094},{""x"":935,""y"":700,""t"":1124},{""x"":927,""y"":709,""t"":1171},{""x"":956,""y"":734,""t"":1193},{""x"":970,""y"":727,""t"":1234},{""x"":982,""y"":721,""t"":1259},{""x"":990,""y"":715,""t"":1296},{""x"":991,""y"":728,""t"":1329},{""x"":977,""y"":737,""t"":1373},{""x"":936,""y"":739,""t"":1396},{""x"":935,""y"":731,""t"":1437},{""x"":928,""y"":707,""t"":1463},{""x"":937,""y"":688,""t"":1499},{""x"":935,""y"":656,""t"":1548},{""x"":950,""y"":641,""t"":1567},{""x"":964,""y"":640,""t"":1610},{""x"":977,""y"":631,""t"":1635},{""x"":987,""y"":623,""t"":1673},{""x"":982,""y"":638,""t"":1701},{""x"":983,""y"":636,""t"":1739},{""x"":993,""y"":643,""t"":1769},{""x"":1011,""y"":641,""t"":1815},{""x"":1020,""y"":630,""t"":1839},{""x"":1026,""y"":632,""t"":1879},{""x"":996,""y"":635,""t"":1905},{""x"":991,""y"":642,""t"":1945},{""x"":987,""y"":629,""t"":1973}]","[{""x"":250,""y"":425,""width"":80,""height"":80,""top"":385,""right"":290,""bottom"":465,""left"":210},{""x"":400,""y"":165.1923788646684,""width"":80,""height"":80,""top"":125.1923788646684,""right"":440,""bottom"":205.1923788646684,""left"":360},{""x"":700,""y"":165.1923788646684,""width"":80,""height"":80,""top"":125.1923788646684,""right"":740,""bottom"":205.1923788646684,""left"":660},{""x"":850,""y"":425,""width"":80,""height"":80,""top"":385,""right"":890,""bottom"":465,""left"":810},{""x"":700,""y"":684.8076211353316,""width"":80,""height"":80,""top"":644.8076211353316,""right"":740,""bottom"":724.8076211353316,""left"":660},{""x"":400,""y"":684.8076211353316,""width"":80,""height"":80,""top"":644.8076211353316,""right"":440,""bottom"":724.8076211353316,""left"":360}]","{""#container"":{""x"":410,""y"":129.390625,""width"":1100,""height"":850,""top"":129.390625,""right"":1510,""bottom"":979.390625,""left"":410}}","[{'purple': 0}, {'blue': 0}, {'cyan': 0}, {'red': 0}, {'yellow': 19}, {'green': 10}]",{'green': 10},yellow
150,,,,815.0,3.0,3.0,"[""blue"",""green"",""red"",""purple"",""yellow"",""cyan""]",yellow,True,"[{""x"":988,""y"":657,""t"":1},{""x"":979,""y"":672,""t"":38},{""x"":998,""y"":686,""t"":69},{""x"":988,""y"":700,""t"":103},{""x"":1002,""y"":719,""t"":137},{""x"":992,""y"":728,""t"":173},{""x"":987,""y"":736,""t"":205},{""x"":987,""y"":745,""t"":239},{""x"":977,""y"":748,""t"":273},{""x"":960,""y"":756,""t"":318},{""x"":919,""y"":735,""t"":341},{""x"":894,""y"":703,""t"":380},{""x"":890,""y"":694,""t"":411},{""x"":872,""y"":677,""t"":444},{""x"":834,""y"":651,""t"":491},{""x"":800,""y"":635,""t"":511},{""x"":756,""y"":626,""t"":557},{""x"":704,""y"":640,""t"":579},{""x"":643,""y"":638,""t"":617},{""x"":625,""y"":665,""t"":649},{""x"":628,""y"":635,""t"":695},{""x"":597,""y"":629,""t"":715},{""x"":624,""y"":623,""t"":758},{""x"":638,""y"":624,""t"":783},{""x"":684,""y"":608,""t"":820},{""x"":732,""y"":601,""t"":853},{""x"":721,""y"":603,""t"":898},{""x"":737,""y"":590,""t"":919},{""x"":738,""y"":565,""t"":960},{""x"":740,""y"":537,""t"":989},{""x"":755,""y"":537,""t"":1022},{""x"":761,""y"":539,""t"":1070},{""x"":757,""y"":541,""t"":1091},{""x"":773,""y"":565,""t"":1131},{""x"":786,""y"":586,""t"":1156},{""x"":811,""y"":625,""t"":1194},{""x"":859,""y"":676,""t"":1228},{""x"":929,""y"":710,""t"":1274},{""x"":963,""y"":716,""t"":1293},{""x"":989,""y"":728,""t"":1338},{""x"":1002,""y"":746,""t"":1360},{""x"":1013,""y"":765,""t"":1398},{""x"":1014,""y"":763,""t"":1430},{""x"":1010,""y"":765,""t"":1477},{""x"":1005,""y"":766,""t"":1496},{""x"":1005,""y"":757,""t"":1539},{""x"":1019,""y"":745,""t"":1566},{""x"":1015,""y"":734,""t"":1602},{""x"":980,""y"":732,""t"":1648},{""x"":981,""y"":721,""t"":1667},{""x"":967,""y"":715,""t"":1711},{""x"":893,""y"":727,""t"":1737},{""x"":842,""y"":734,""t"":1774},{""x"":800,""y"":749,""t"":1804},{""x"":770,""y"":763,""t"":1854},{""x"":751,""y"":774,""t"":1871},{""x"":724,""y"":772,""t"":1915},{""x"":683,""y"":743,""t"":1941},{""x"":674,""y"":730,""t"":1977}]","[{""x"":250,""y"":425,""width"":80,""height"":80,""top"":385,""right"":290,""bottom"":465,""left"":210},{""x"":400,""y"":165.1923788646684,""width"":80,""height"":80,""top"":125.1923788646684,""right"":440,""bottom"":205.1923788646684,""left"":360},{""x"":700,""y"":165.1923788646684,""width"":80,""height"":80,""top"":125.1923788646684,""right"":740,""bottom"":205.1923788646684,""left"":660},{""x"":850,""y"":425,""width"":80,""height"":80,""top"":385,""right"":890,""bottom"":465,""left"":810},{""x"":700,""y"":684.8076211353316,""width"":80,""height"":80,""top"":644.8076211353316,""right"":740,""bottom"":724.8076211353316,""left"":660},{""x"":400,""y"":684.8076211353316,""width"":80,""height"":80,""top"":644.8076211353316,""right"":440,""bottom"":724.8076211353316,""left"":360}]","{""#container"":{""x"":410,""y"":129.390625,""width"":1100,""height"":850,""top"":129.390625,""right"":1510,""bottom"":979.390625,""left"":410}}","[{'blue': 19}, {'green': 0}, {'red': 0}, {'purple': 0}, {'yellow': 14}, {'cyan': 11}]",{'yellow': 14},blue
151,,,,480.0,9.0,9.0,"[""yellow"",""blue"",""green"",""purple"",""cyan"",""red""]",green_1,True,"[{""x"":546,""y"":604,""t"":1},{""x"":522,""y"":558,""t"":37},{""x"":489,""y"":488,""t"":69},{""x"":444,""y"":468,""t"":104},{""x"":441,""y"":461,""t"":137},{""x"":430,""y"":465,""t"":173},{""x"":418,""y"":455,""t"":206},{""x"":459,""y"":477,""t"":240},{""x"":475,""y"":481,""t"":275},{""x"":515,""y"":510,""t"":310},{""x"":552,""y"":538,""t"":342},{""x"":567,""y"":560,""t"":389},{""x"":603,""y"":577,""t"":409},{""x"":589,""y"":560,""t"":451},{""x"":601,""y"":558,""t"":478},{""x"":605,""y"":555,""t"":516},{""x"":600,""y"":535,""t"":545},{""x"":575,""y"":512,""t"":594},{""x"":572,""y"":510,""t"":614},{""x"":569,""y"":507,""t"":657},{""x"":574,""y"":515,""t"":682},{""x"":552,""y"":496,""t"":718},{""x"":544,""y"":492,""t"":751},{""x"":566,""y"":552,""t"":796},{""x"":538,""y"":545,""t"":816},{""x"":562,""y"":548,""t"":859},{""x"":549,""y"":549,""t"":888},{""x"":568,""y"":578,""t"":923},{""x"":591,""y"":595,""t"":954},{""x"":622,""y"":606,""t"":989},{""x"":599,""y"":581,""t"":1034},{""x"":632,""y"":585,""t"":1055},{""x"":644,""y"":602,""t"":1099},{""x"":629,""y"":585,""t"":1123},{""x"":620,""y"":573,""t"":1160},{""x"":600,""y"":532,""t"":1193},{""x"":563,""y"":496,""t"":1240},{""x"":542,""y"":472,""t"":1258},{""x"":524,""y"":429,""t"":1304},{""x"":523,""y"":411,""t"":1329},{""x"":532,""y"":409,""t"":1368},{""x"":534,""y"":413,""t"":1395},{""x"":529,""y"":430,""t"":1434},{""x"":526,""y"":455,""t"":1463},{""x"":528,""y"":459,""t"":1512},{""x"":531,""y"":461,""t"":1531},{""x"":513,""y"":465,""t"":1578},{""x"":499,""y"":455,""t"":1599},{""x"":499,""y"":461,""t"":1639},{""x"":502,""y"":463,""t"":1667},{""x"":506,""y"":470,""t"":1703},{""x"":497,""y"":485,""t"":1737},{""x"":479,""y"":469,""t"":1782},{""x"":479,""y"":458,""t"":1802},{""x"":474,""y"":448,""t"":1845},{""x"":498,""y"":471,""t"":1871},{""x"":529,""y"":449,""t"":1908},{""x"":486,""y"":412,""t"":1953},{""x"":508,""y"":393,""t"":1973}]","[{""x"":250,""y"":425,""width"":80,""height"":80,""top"":385,""right"":290,""bottom"":465,""left"":210},{""x"":400,""y"":165.1923788646684,""width"":80,""height"":80,""top"":125.1923788646684,""right"":440,""bottom"":205.1923788646684,""left"":360},{""x"":700,""y"":165.1923788646684,""width"":80,""height"":80,""top"":125.1923788646684,""right"":740,""bottom"":205.1923788646684,""left"":660},{""x"":850,""y"":425,""width"":80,""height"":80,""top"":385,""right"":890,""bottom"":465,""left"":810},{""x"":700,""y"":684.8076211353316,""width"":80,""height"":80,""top"":644.8076211353316,""right"":740,""bottom"":724.8076211353316,""left"":660},{""x"":400,""y"":684.8076211353316,""width"":80,""height"":80,""top"":644.8076211353316,""right"":440,""bottom"":724.8076211353316,""left"":360}]","{""#container"":{""x"":410,""y"":129.390625,""width"":1100,""height"":850,""top"":129.390625,""right"":1510,""bottom"":979.390625,""left"":410}}","[{'yellow': 30}, {'blue': 0}, {'green': 0}, {'purple': 0}, {'cyan': 0}, {'red': 0}]",,yellow
152,,,,858.0,7.0,9.0,"[""yellow"",""purple"",""cyan"",""green"",""blue"",""red""]",cyan,False,"[{""x"":608,""y"":481,""t"":3},{""x"":658,""y"":514,""t"":36},{""x"":714,""y"":540,""t"":70},{""x"":754,""y"":571,""t"":105},{""x"":794,""y"":594,""t"":138},{""x"":835,""y"":623,""t"":172},{""x"":868,""y"":653,""t"":207},{""x"":895,""y"":681,""t"":240},{""x"":924,""y"":705,""t"":273},{""x"":946,""y"":741,""t"":310},{""x"":971,""y"":759,""t"":343},{""x"":980,""y"":776,""t"":389},{""x"":996,""y"":770,""t"":408},{""x"":999,""y"":759,""t"":451},{""x"":999,""y"":748,""t"":477},{""x"":1023,""y"":762,""t"":515},{""x"":1022,""y"":766,""t"":546},{""x"":995,""y"":759,""t"":591},{""x"":962,""y"":759,""t"":616},{""x"":928,""y"":763,""t"":654},{""x"":896,""y"":748,""t"":681},{""x"":860,""y"":732,""t"":715},{""x"":838,""y"":722,""t"":764},{""x"":804,""y"":709,""t"":783},{""x"":784,""y"":693,""t"":824},{""x"":760,""y"":691,""t"":853},{""x"":762,""y"":671,""t"":887},{""x"":754,""y"":658,""t"":934},{""x"":740,""y"":653,""t"":955},{""x"":794,""y"":655,""t"":996},{""x"":853,""y"":661,""t"":1021},{""x"":918,""y"":664,""t"":1060},{""x"":1024,""y"":668,""t"":1089},{""x"":1109,""y"":678,""t"":1137},{""x"":1178,""y"":687,""t"":1156},{""x"":1230,""y"":702,""t"":1202},{""x"":1249,""y"":705,""t"":1225},{""x"":1248,""y"":700,""t"":1261},{""x"":1243,""y"":696,""t"":1293},{""x"":1213,""y"":708,""t"":1341},{""x"":1143,""y"":722,""t"":1362},{""x"":1074,""y"":739,""t"":1403},{""x"":1003,""y"":747,""t"":1431},{""x"":967,""y"":739,""t"":1463},{""x"":945,""y"":767,""t"":1511},{""x"":928,""y"":791,""t"":1530},{""x"":939,""y"":818,""t"":1575},{""x"":981,""y"":903,""t"":1599},{""x"":995,""y"":967,""t"":1636},{""x"":1031,""y"":1017,""t"":1669},{""x"":1020,""y"":1018,""t"":1714},{""x"":1040,""y"":1012,""t"":1735},{""x"":1027,""y"":988,""t"":1776},{""x"":1042,""y"":958,""t"":1802},{""x"":1043,""y"":933,""t"":1840},{""x"":1057,""y"":882,""t"":1886},{""x"":1080,""y"":865,""t"":1905},{""x"":1086,""y"":841,""t"":1951},{""x"":1078,""y"":815,""t"":1974}]","[{""x"":250,""y"":425,""width"":80,""height"":80,""top"":385,""right"":290,""bottom"":465,""left"":210},{""x"":400,""y"":165.1923788646684,""width"":80,""height"":80,""top"":125.1923788646684,""right"":440,""bottom"":205.1923788646684,""left"":360},{""x"":700,""y"":165.1923788646684,""width"":80,""height"":80,""top"":125.1923788646684,""right"":740,""bottom"":205.1923788646684,""left"":660},{""x"":850,""y"":425,""width"":80,""height"":80,""top"":385,""right"":890,""bottom"":465,""left"":810},{""x"":700,""y"":684.8076211353316,""width"":80,""height"":80,""top"":644.8076211353316,""right"":740,""bottom"":724.8076211353316,""left"":660},{""x"":400,""y"":684.8076211353316,""width"":80,""height"":80,""top"":644.8076211353316,""right"":440,""bottom"":724.8076211353316,""left"":360}]","{""#container"":{""x"":410,""y"":129.390625,""width"":1100,""height"":850,""top"":129.390625,""right"":1510,""bottom"":979.390625,""left"":410}}","[{'yellow': 7}, {'purple': 0}, {'cyan': 0}, {'green': 2}, {'blue': 19}, {'red': 10}]",,blue
153,,,,664.0,3.0,3.0,"[""yellow"",""blue"",""cyan"",""green"",""purple"",""red""]",purple,True,"[{""x"":1104,""y"":769,""t"":1},{""x"":1120,""y"":712,""t"":35},{""x"":1134,""y"":669,""t"":71},{""x"":1144,""y"":637,""t"":103},{""x"":1159,""y"":606,""t"":137},{""x"":1177,""y"":585,""t"":173},{""x"":1177,""y"":572,""t"":206},{""x"":1157,""y"":558,""t"":240},{""x"":1155,""y"":561,""t"":276},{""x"":1152,""y"":565,""t"":315},{""x"":1143,""y"":560,""t"":340},{""x"":1111,""y"":566,""t"":378},{""x"":1050,""y"":584,""t"":412},{""x"":980,""y"":584,""t"":455},{""x"":934,""y"":595,""t"":477},{""x"":910,""y"":598,""t"":517},{""x"":904,""y"":620,""t"":544},{""x"":882,""y"":649,""t"":582},{""x"":877,""y"":691,""t"":627},{""x"":905,""y"":740,""t"":647},{""x"":910,""y"":763,""t"":691},{""x"":939,""y"":779,""t"":716},{""x"":966,""y"":791,""t"":751},{""x"":946,""y"":820,""t"":784},{""x"":960,""y"":815,""t"":831},{""x"":945,""y"":825,""t"":852},{""x"":933,""y"":842,""t"":892},{""x"":927,""y"":860,""t"":920},{""x"":913,""y"":826,""t"":954},{""x"":910,""y"":836,""t"":1001},{""x"":898,""y"":812,""t"":1024},{""x"":895,""y"":795,""t"":1064},{""x"":900,""y"":761,""t"":1089},{""x"":884,""y"":718,""t"":1129},{""x"":902,""y"":667,""t"":1157},{""x"":903,""y"":619,""t"":1206},{""x"":890,""y"":595,""t"":1225},{""x"":859,""y"":582,""t"":1270},{""x"":854,""y"":556,""t"":1293},{""x"":847,""y"":539,""t"":1332},{""x"":855,""y"":549,""t"":1364},{""x"":868,""y"":568,""t"":1409},{""x"":853,""y"":564,""t"":1429},{""x"":859,""y"":562,""t"":1471},{""x"":853,""y"":559,""t"":1497},{""x"":858,""y"":554,""t"":1531},{""x"":841,""y"":559,""t"":1579},{""x"":878,""y"":547,""t"":1599},{""x"":907,""y"":569,""t"":1642},{""x"":949,""y"":574,""t"":1668},{""x"":987,""y"":589,""t"":1706},{""x"":1012,""y"":593,""t"":1736},{""x"":1051,""y"":622,""t"":1781},{""x"":1089,""y"":645,""t"":1803},{""x"":1133,""y"":647,""t"":1844},{""x"":1138,""y"":646,""t"":1870},{""x"":1103,""y"":657,""t"":1906},{""x"":1109,""y"":649,""t"":1953},{""x"":1077,""y"":652,""t"":1975}]","[{""x"":250,""y"":425,""width"":80,""height"":80,""top"":385,""right"":290,""bottom"":465,""left"":210},{""x"":400,""y"":165.1923788646684,""width"":80,""height"":80,""top"":125.1923788646684,""right"":440,""bottom"":205.1923788646684,""left"":360},{""x"":700,""y"":165.1923788646684,""width"":80,""height"":80,""top"":125.1923788646684,""right"":740,""bottom"":205.1923788646684,""left"":660},{""x"":850,""y"":425,""width"":80,""height"":80,""top"":385,""right"":890,""bottom"":465,""left"":810},{""x"":700,""y"":684.8076211353316,""width"":80,""height"":80,""top"":644.8076211353316,""right"":740,""bottom"":724.8076211353316,""left"":660},{""x"":400,""y"":684.8076211353316,""width"":80,""height"":80,""top"":644.8076211353316,""right"":440,""bottom"":724.8076211353316,""left"":360}]","{""#container"":{""x"":410,""y"":129.390625,""width"":1100,""height"":850,""top"":129.390625,""right"":1510,""bottom"":979.390625,""left"":410}}","[{'yellow': 0}, {'blue': 0}, {'cyan': 0}, {'green': 9}, {'purple': 4}, {'red': 14}]",{'purple': 4},red
154,,,,628.0,1.0,1.0,"[""cyan"",""yellow"",""red"",""purple"",""blue"",""green""]",green_1,True,"[{""x"":1091,""y"":694,""t"":1},{""x"":1133,""y"":693,""t"":35},{""x"":1170,""y"":692,""t"":71},{""x"":1182,""y"":697,""t"":103},{""x"":1191,""y"":696,""t"":137},{""x"":1201,""y"":693,""t"":173},{""x"":1183,""y"":675,""t"":206},{""x"":1172,""y"":663,""t"":239},{""x"":1150,""y"":651,""t"":275},{""x"":1156,""y"":653,""t"":311},{""x"":1166,""y"":643,""t"":342},{""x"":1158,""y"":632,""t"":390},{""x"":1142,""y"":637,""t"":408},{""x"":1120,""y"":626,""t"":451},{""x"":1102,""y"":617,""t"":477},{""x"":1100,""y"":599,""t"":513},{""x"":1095,""y"":586,""t"":547},{""x"":1078,""y"":578,""t"":591},{""x"":1074,""y"":561,""t"":612},{""x"":1067,""y"":569,""t"":653},{""x"":1079,""y"":573,""t"":683},{""x"":1084,""y"":586,""t"":716},{""x"":1068,""y"":571,""t"":761},{""x"":1105,""y"":554,""t"":785},{""x"":1136,""y"":552,""t"":823},{""x"":1176,""y"":546,""t"":853},{""x"":1205,""y"":546,""t"":888},{""x"":1228,""y"":547,""t"":919},{""x"":1232,""y"":524,""t"":968},{""x"":1237,""y"":507,""t"":987},{""x"":1206,""y"":498,""t"":1029},{""x"":1179,""y"":502,""t"":1056},{""x"":1152,""y"":471,""t"":1093},{""x"":1130,""y"":464,""t"":1125},{""x"":1087,""y"":448,""t"":1172},{""x"":1058,""y"":437,""t"":1193},{""x"":1011,""y"":465,""t"":1236},{""x"":962,""y"":497,""t"":1259},{""x"":893,""y"":526,""t"":1301},{""x"":839,""y"":562,""t"":1327},{""x"":825,""y"":574,""t"":1364},{""x"":795,""y"":598,""t"":1396},{""x"":798,""y"":621,""t"":1443},{""x"":796,""y"":635,""t"":1463},{""x"":798,""y"":640,""t"":1509},{""x"":813,""y"":633,""t"":1531},{""x"":834,""y"":626,""t"":1571},{""x"":867,""y"":618,""t"":1601},{""x"":898,""y"":614,""t"":1635},{""x"":968,""y"":604,""t"":1668},{""x"":1037,""y"":578,""t"":1716},{""x"":1086,""y"":550,""t"":1736},{""x"":1110,""y"":548,""t"":1777},{""x"":1110,""y"":532,""t"":1805},{""x"":1121,""y"":523,""t"":1840},{""x"":1128,""y"":555,""t"":1871},{""x"":1173,""y"":538,""t"":1919},{""x"":1179,""y"":549,""t"":1939},{""x"":1180,""y"":599,""t"":1980}]","[{""x"":250,""y"":425,""width"":80,""height"":80,""top"":385,""right"":290,""bottom"":465,""left"":210},{""x"":400,""y"":165.1923788646684,""width"":80,""height"":80,""top"":125.1923788646684,""right"":440,""bottom"":205.1923788646684,""left"":360},{""x"":700,""y"":165.1923788646684,""width"":80,""height"":80,""top"":125.1923788646684,""right"":740,""bottom"":205.1923788646684,""left"":660},{""x"":850,""y"":425,""width"":80,""height"":80,""top"":385,""right"":890,""bottom"":465,""left"":810},{""x"":700,""y"":684.8076211353316,""width"":80,""height"":80,""top"":644.8076211353316,""right"":740,""bottom"":724.8076211353316,""left"":660},{""x"":400,""y"":684.8076211353316,""width"":80,""height"":80,""top"":644.8076211353316,""right"":440,""bottom"":724.8076211353316,""left"":360}]","{""#container"":{""x"":410,""y"":129.390625,""width"":1100,""height"":850,""top"":129.390625,""right"":1510,""bottom"":979.390625,""left"":410}}","[{'cyan': 1}, {'yellow': 0}, {'red': 0}, {'purple': 21}, {'blue': 5}, {'green': 0}]",,purple
155,,,,912.0,7.0,7.0,"[""purple"",""blue"",""red"",""yellow"",""cyan"",""green""]",blue_1,True,"[{""x"":1163,""y"":644,""t"":3},{""x"":1149,""y"":667,""t"":35},{""x"":1139,""y"":689,""t"":69},{""x"":1156,""y"":708,""t"":105},{""x"":1153,""y"":712,""t"":137},{""x"":1132,""y"":741,""t"":171},{""x"":1096,""y"":740,""t"":206},{""x"":1097,""y"":739,""t"":241},{""x"":1071,""y"":744,""t"":274},{""x"":1050,""y"":734,""t"":309},{""x"":1051,""y"":723,""t"":358},{""x"":1021,""y"":702,""t"":375},{""x"":1038,""y"":710,""t"":420},{""x"":1067,""y"":693,""t"":446},{""x"":1057,""y"":685,""t"":484},{""x"":1079,""y"":672,""t"":511},{""x"":1077,""y"":639,""t"":547},{""x"":1072,""y"":634,""t"":591},{""x"":1100,""y"":638,""t"":613},{""x"":1099,""y"":619,""t"":654},{""x"":1111,""y"":618,""t"":683},{""x"":1126,""y"":597,""t"":715},{""x"":1125,""y"":572,""t"":762},{""x"":1142,""y"":558,""t"":785},{""x"":1153,""y"":525,""t"":824},{""x"":1171,""y"":530,""t"":852},{""x"":1166,""y"":528,""t"":889},{""x"":1167,""y"":525,""t"":919},{""x"":1158,""y"":523,""t"":965},{""x"":1141,""y"":530,""t"":989},{""x"":1128,""y"":553,""t"":1030},{""x"":1104,""y"":570,""t"":1055},{""x"":1084,""y"":599,""t"":1093},{""x"":1058,""y"":604,""t"":1125},{""x"":1061,""y"":605,""t"":1171},{""x"":1072,""y"":608,""t"":1190},{""x"":1085,""y"":597,""t"":1233},{""x"":1102,""y"":592,""t"":1259},{""x"":1117,""y"":579,""t"":1297},{""x"":1132,""y"":577,""t"":1328},{""x"":1140,""y"":582,""t"":1373},{""x"":1172,""y"":589,""t"":1395},{""x"":1190,""y"":589,""t"":1437},{""x"":1186,""y"":590,""t"":1463},{""x"":1193,""y"":583,""t"":1498},{""x"":1213,""y"":591,""t"":1545},{""x"":1136,""y"":586,""t"":1568},{""x"":1086,""y"":587,""t"":1607},{""x"":1025,""y"":586,""t"":1633},{""x"":974,""y"":604,""t"":1671},{""x"":962,""y"":635,""t"":1702},{""x"":935,""y"":658,""t"":1746},{""x"":912,""y"":671,""t"":1769},{""x"":888,""y"":649,""t"":1810},{""x"":856,""y"":623,""t"":1837},{""x"":835,""y"":589,""t"":1872},{""x"":872,""y"":571,""t"":1922},{""x"":917,""y"":535,""t"":1939},{""x"":1008,""y"":529,""t"":1983}]","[{""x"":250,""y"":425,""width"":80,""height"":80,""top"":385,""right"":290,""bottom"":465,""left"":210},{""x"":400,""y"":165.1923788646684,""width"":80,""height"":80,""top"":125.1923788646684,""right"":440,""bottom"":205.1923788646684,""left"":360},{""x"":700,""y"":165.1923788646684,""width"":80,""height"":80,""top"":125.1923788646684,""right"":740,""bottom"":205.1923788646684,""left"":660},{""x"":850,""y"":425,""width"":80,""height"":80,""top"":385,""right"":890,""bottom"":465,""left"":810},{""x"":700,""y"":684.8076211353316,""width"":80,""height"":80,""top"":644.8076211353316,""right"":740,""bottom"":724.8076211353316,""left"":660},{""x"":400,""y"":684.8076211353316,""width"":80,""height"":80,""top"":644.8076211353316,""right"":440,""bottom"":724.8076211353316,""left"":360}]","{""#container"":{""x"":410,""y"":129.390625,""width"":1100,""height"":850,""top"":129.390625,""right"":1510,""bottom"":979.390625,""left"":410}}","[{'purple': 0}, {'blue': 0}, {'red': 0}, {'yellow': 20}, {'cyan': 14}, {'green': 0}]",,yellow
156,,,,1305.0,7.0,1.0,"[""green"",""cyan"",""yellow"",""purple"",""red"",""blue""]",blue_1,False,"[{""x"":1031,""y"":581,""t"":1},{""x"":1059,""y"":609,""t"":37},{""x"":1077,""y"":634,""t"":69},{""x"":1095,""y"":632,""t"":103},{""x"":1116,""y"":626,""t"":138},{""x"":1135,""y"":621,""t"":174},{""x"":1168,""y"":633,""t"":205},{""x"":1176,""y"":625,""t"":239},{""x"":1203,""y"":634,""t"":273},{""x"":1157,""y"":642,""t"":313},{""x"":1108,""y"":637,""t"":341},{""x"":1066,""y"":656,""t"":375},{""x"":994,""y"":641,""t"":424},{""x"":955,""y"":632,""t"":443},{""x"":926,""y"":619,""t"":485},{""x"":914,""y"":628,""t"":511},{""x"":920,""y"":625,""t"":550},{""x"":953,""y"":613,""t"":579},{""x"":992,""y"":586,""t"":627},{""x"":1033,""y"":568,""t"":650},{""x"":1045,""y"":550,""t"":690},{""x"":1075,""y"":538,""t"":715},{""x"":1105,""y"":523,""t"":756},{""x"":1133,""y"":520,""t"":783},{""x"":1160,""y"":521,""t"":832},{""x"":1156,""y"":557,""t"":853},{""x"":1107,""y"":580,""t"":896},{""x"":1075,""y"":594,""t"":919},{""x"":1055,""y"":602,""t"":962},{""x"":1036,""y"":607,""t"":987},{""x"":1011,""y"":613,""t"":1024},{""x"":1015,""y"":614,""t"":1057},{""x"":1011,""y"":647,""t"":1103},{""x"":1008,""y"":663,""t"":1124},{""x"":1008,""y"":668,""t"":1167},{""x"":1005,""y"":663,""t"":1191},{""x"":1021,""y"":654,""t"":1228},{""x"":1051,""y"":644,""t"":1261},{""x"":1074,""y"":650,""t"":1306},{""x"":1074,""y"":661,""t"":1327},{""x"":1022,""y"":687,""t"":1369},{""x"":973,""y"":693,""t"":1395},{""x"":952,""y"":701,""t"":1430},{""x"":1000,""y"":686,""t"":1477},{""x"":1041,""y"":671,""t"":1497},{""x"":1076,""y"":650,""t"":1542},{""x"":1110,""y"":629,""t"":1566},{""x"":1131,""y"":606,""t"":1603},{""x"":1169,""y"":603,""t"":1634},{""x"":1194,""y"":576,""t"":1684},{""x"":1236,""y"":556,""t"":1700},{""x"":1238,""y"":527,""t"":1744},{""x"":1236,""y"":510,""t"":1770},{""x"":1254,""y"":497,""t"":1805},{""x"":1261,""y"":480,""t"":1839},{""x"":1279,""y"":469,""t"":1884},{""x"":1297,""y"":457,""t"":1906},{""x"":1303,""y"":468,""t"":1948},{""x"":1301,""y"":484,""t"":1973}]","[{""x"":250,""y"":425,""width"":80,""height"":80,""top"":385,""right"":290,""bottom"":465,""left"":210},{""x"":400,""y"":165.1923788646684,""width"":80,""height"":80,""top"":125.1923788646684,""right"":440,""bottom"":205.1923788646684,""left"":360},{""x"":700,""y"":165.1923788646684,""width"":80,""height"":80,""top"":125.1923788646684,""right"":740,""bottom"":205.1923788646684,""left"":660},{""x"":850,""y"":425,""width"":80,""height"":80,""top"":385,""right"":890,""bottom"":465,""left"":810},{""x"":700,""y"":684.8076211353316,""width"":80,""height"":80,""top"":644.8076211353316,""right"":740,""bottom"":724.8076211353316,""left"":660},{""x"":400,""y"":684.8076211353316,""width"":80,""height"":80,""top"":644.8076211353316,""right"":440,""bottom"":724.8076211353316,""left"":360}]","{""#container"":{""x"":410,""y"":129.390625,""width"":1100,""height"":850,""top"":129.390625,""right"":1510,""bottom"":979.390625,""left"":410}}","[{'green': 0}, {'cyan': 0}, {'yellow': 0}, {'purple': 20}, {'red': 0}, {'blue': 0}]",,purple
157,,,,913.0,1.0,1.0,"[""yellow"",""green"",""cyan"",""purple"",""red"",""blue""]",blue,True,"[{""x"":1238,""y"":520,""t"":1},{""x"":1203,""y"":524,""t"":34},{""x"":1180,""y"":536,""t"":71},{""x"":1173,""y"":549,""t"":103},{""x"":1167,""y"":560,""t"":137},{""x"":1162,""y"":579,""t"":171},{""x"":1157,""y"":597,""t"":207},{""x"":1163,""y"":617,""t"":239},{""x"":1160,""y"":628,""t"":274},{""x"":1134,""y"":657,""t"":317},{""x"":1139,""y"":665,""t"":342},{""x"":1093,""y"":649,""t"":379},{""x"":1049,""y"":637,""t"":411},{""x"":1007,""y"":631,""t"":459},{""x"":994,""y"":603,""t"":478},{""x"":1025,""y"":624,""t"":523},{""x"":1027,""y"":630,""t"":547},{""x"":1052,""y"":640,""t"":586},{""x"":1064,""y"":647,""t"":615},{""x"":1096,""y"":668,""t"":650},{""x"":1113,""y"":687,""t"":682},{""x"":1150,""y"":712,""t"":731},{""x"":1151,""y"":751,""t"":750},{""x"":1147,""y"":777,""t"":792},{""x"":1150,""y"":786,""t"":819},{""x"":1149,""y"":816,""t"":853},{""x"":1131,""y"":843,""t"":886},{""x"":1143,""y"":839,""t"":933},{""x"":1125,""y"":835,""t"":953},{""x"":1068,""y"":761,""t"":993},{""x"":1064,""y"":705,""t"":1021},{""x"":1035,""y"":643,""t"":1058},{""x"":1010,""y"":610,""t"":1103},{""x"":979,""y"":579,""t"":1122},{""x"":959,""y"":554,""t"":1165},{""x"":937,""y"":534,""t"":1194},{""x"":911,""y"":525,""t"":1228},{""x"":946,""y"":521,""t"":1260},{""x"":982,""y"":538,""t"":1308},{""x"":1012,""y"":544,""t"":1327},{""x"":1026,""y"":547,""t"":1369},{""x"":1060,""y"":564,""t"":1396},{""x"":1088,""y"":579,""t"":1431},{""x"":1136,""y"":583,""t"":1465},{""x"":1140,""y"":584,""t"":1509},{""x"":1164,""y"":608,""t"":1530},{""x"":1166,""y"":622,""t"":1571},{""x"":1149,""y"":646,""t"":1600},{""x"":1133,""y"":667,""t"":1633},{""x"":1134,""y"":684,""t"":1681},{""x"":1143,""y"":691,""t"":1702},{""x"":1141,""y"":712,""t"":1746},{""x"":1151,""y"":713,""t"":1768},{""x"":1157,""y"":722,""t"":1808},{""x"":1159,""y"":690,""t"":1836},{""x"":1162,""y"":674,""t"":1886},{""x"":1153,""y"":655,""t"":1907},{""x"":1142,""y"":663,""t"":1949},{""x"":1131,""y"":654,""t"":1973}]","[{""x"":250,""y"":425,""width"":80,""height"":80,""top"":385,""right"":290,""bottom"":465,""left"":210},{""x"":400,""y"":165.1923788646684,""width"":80,""height"":80,""top"":125.1923788646684,""right"":440,""bottom"":205.1923788646684,""left"":360},{""x"":700,""y"":165.1923788646684,""width"":80,""height"":80,""top"":125.1923788646684,""right"":740,""bottom"":205.1923788646684,""left"":660},{""x"":850,""y"":425,""width"":80,""height"":80,""top"":385,""right"":890,""bottom"":465,""left"":810},{""x"":700,""y"":684.8076211353316,""width"":80,""height"":80,""top"":644.8076211353316,""right"":740,""bottom"":724.8076211353316,""left"":660},{""x"":400,""y"":684.8076211353316,""width"":80,""height"":80,""top"":644.8076211353316,""right"":440,""bottom"":724.8076211353316,""left"":360}]","{""#container"":{""x"":410,""y"":129.390625,""width"":1100,""height"":850,""top"":129.390625,""right"":1510,""bottom"":979.390625,""left"":410}}","[{'yellow': 0}, {'green': 0}, {'cyan': 0}, {'purple': 15}, {'red': 20}, {'blue': 0}]",,red
158,,,,873.0,6.0,1.0,"[""yellow"",""blue"",""green"",""cyan"",""red"",""purple""]",purple,False,"[{""x"":1058,""y"":664,""t"":3},{""x"":1066,""y"":666,""t"":36},{""x"":1045,""y"":697,""t"":69},{""x"":1043,""y"":711,""t"":104},{""x"":1031,""y"":735,""t"":139},{""x"":1067,""y"":793,""t"":171},{""x"":1080,""y"":794,""t"":205},{""x"":1086,""y"":778,""t"":242},{""x"":1101,""y"":794,""t"":273},{""x"":1111,""y"":792,""t"":310},{""x"":1108,""y"":785,""t"":343},{""x"":1114,""y"":771,""t"":388},{""x"":1118,""y"":759,""t"":408},{""x"":1114,""y"":761,""t"":451},{""x"":1116,""y"":749,""t"":479},{""x"":1121,""y"":740,""t"":512},{""x"":1129,""y"":718,""t"":559},{""x"":1121,""y"":690,""t"":582},{""x"":1109,""y"":681,""t"":620},{""x"":1095,""y"":655,""t"":647},{""x"":1088,""y"":642,""t"":683},{""x"":1065,""y"":659,""t"":717},{""x"":1043,""y"":682,""t"":761},{""x"":1038,""y"":694,""t"":784},{""x"":975,""y"":697,""t"":826},{""x"":928,""y"":714,""t"":851},{""x"":887,""y"":732,""t"":886},{""x"":856,""y"":746,""t"":934},{""x"":868,""y"":748,""t"":953},{""x"":911,""y"":748,""t"":997},{""x"":954,""y"":753,""t"":1023},{""x"":969,""y"":752,""t"":1060},{""x"":977,""y"":764,""t"":1089},{""x"":1019,""y"":760,""t"":1126},{""x"":1042,""y"":755,""t"":1172},{""x"":1051,""y"":755,""t"":1191},{""x"":1027,""y"":793,""t"":1238},{""x"":1046,""y"":798,""t"":1259},{""x"":1017,""y"":828,""t"":1300},{""x"":1003,""y"":839,""t"":1327},{""x"":970,""y"":836,""t"":1366},{""x"":945,""y"":851,""t"":1396},{""x"":950,""y"":835,""t"":1445},{""x"":947,""y"":836,""t"":1463},{""x"":983,""y"":801,""t"":1510},{""x"":1007,""y"":796,""t"":1531},{""x"":1025,""y"":794,""t"":1572},{""x"":1057,""y"":769,""t"":1600},{""x"":1088,""y"":746,""t"":1638},{""x"":1121,""y"":730,""t"":1667},{""x"":1137,""y"":736,""t"":1717},{""x"":1148,""y"":742,""t"":1735},{""x"":1137,""y"":721,""t"":1781},{""x"":1127,""y"":704,""t"":1803},{""x"":1120,""y"":696,""t"":1845},{""x"":1135,""y"":672,""t"":1872},{""x"":1135,""y"":668,""t"":1907},{""x"":1114,""y"":660,""t"":1942},{""x"":1113,""y"":643,""t"":1985}]","[{""x"":250,""y"":425,""width"":80,""height"":80,""top"":385,""right"":290,""bottom"":465,""left"":210},{""x"":400,""y"":165.1923788646684,""width"":80,""height"":80,""top"":125.1923788646684,""right"":440,""bottom"":205.1923788646684,""left"":360},{""x"":700,""y"":165.1923788646684,""width"":80,""height"":80,""top"":125.1923788646684,""right"":740,""bottom"":205.1923788646684,""left"":660},{""x"":850,""y"":425,""width"":80,""height"":80,""top"":385,""right"":890,""bottom"":465,""left"":810},{""x"":700,""y"":684.8076211353316,""width"":80,""height"":80,""top"":644.8076211353316,""right"":740,""bottom"":724.8076211353316,""left"":660},{""x"":400,""y"":684.8076211353316,""width"":80,""height"":80,""top"":644.8076211353316,""right"":440,""bottom"":724.8076211353316,""left"":360}]","{""#container"":{""x"":410,""y"":129.390625,""width"":1100,""height"":850,""top"":129.390625,""right"":1510,""bottom"":979.390625,""left"":410}}","[{'yellow': 0}, {'blue': 0}, {'green': 0}, {'cyan': 0}, {'red': 41}, {'purple': 7}]",{'purple': 7},red
159,,,,1005.0,9.0,9.0,"[""purple"",""blue"",""yellow"",""cyan"",""green"",""red""]",yellow,True,"[{""x"":1099,""y"":648,""t"":1},{""x"":1122,""y"":667,""t"":37},{""x"":1112,""y"":669,""t"":69},{""x"":1140,""y"":686,""t"":103},{""x"":1138,""y"":684,""t"":139},{""x"":1142,""y"":685,""t"":171},{""x"":1139,""y"":673,""t"":205},{""x"":1142,""y"":674,""t"":241},{""x"":1147,""y"":676,""t"":273},{""x"":1149,""y"":682,""t"":311},{""x"":1156,""y"":685,""t"":343},{""x"":1146,""y"":722,""t"":389},{""x"":1126,""y"":742,""t"":410},{""x"":1138,""y"":731,""t"":451},{""x"":1145,""y"":708,""t"":479},{""x"":1136,""y"":706,""t"":513},{""x"":1123,""y"":711,""t"":545},{""x"":1101,""y"":730,""t"":592},{""x"":1085,""y"":742,""t"":614},{""x"":1087,""y"":744,""t"":655},{""x"":1091,""y"":739,""t"":682},{""x"":1071,""y"":734,""t"":717},{""x"":1063,""y"":715,""t"":763},{""x"":1058,""y"":699,""t"":783},{""x"":1067,""y"":685,""t"":827},{""x"":1074,""y"":680,""t"":851},{""x"":1094,""y"":644,""t"":889},{""x"":1112,""y"":614,""t"":919},{""x"":1111,""y"":626,""t"":968},{""x"":1100,""y"":640,""t"":987},{""x"":1127,""y"":635,""t"":1029},{""x"":1145,""y"":609,""t"":1055},{""x"":1161,""y"":648,""t"":1091},{""x"":1180,""y"":640,""t"":1123},{""x"":1158,""y"":606,""t"":1172},{""x"":1131,""y"":573,""t"":1191},{""x"":1104,""y"":545,""t"":1235},{""x"":1089,""y"":537,""t"":1260},{""x"":1073,""y"":540,""t"":1300},{""x"":1064,""y"":540,""t"":1328},{""x"":1060,""y"":532,""t"":1363},{""x"":1049,""y"":524,""t"":1410},{""x"":1058,""y"":502,""t"":1430},{""x"":1083,""y"":542,""t"":1475},{""x"":1117,""y"":562,""t"":1498},{""x"":1146,""y"":602,""t"":1539},{""x"":1154,""y"":594,""t"":1565},{""x"":1152,""y"":590,""t"":1600},{""x"":1154,""y"":576,""t"":1648},{""x"":1146,""y"":550,""t"":1668},{""x"":1153,""y"":540,""t"":1711},{""x"":1105,""y"":512,""t"":1737},{""x"":1076,""y"":526,""t"":1775},{""x"":1016,""y"":589,""t"":1804},{""x"":981,""y"":602,""t"":1840},{""x"":951,""y"":617,""t"":1887},{""x"":941,""y"":623,""t"":1905},{""x"":918,""y"":633,""t"":1950},{""x"":894,""y"":648,""t"":1973}]","[{""x"":250,""y"":425,""width"":80,""height"":80,""top"":385,""right"":290,""bottom"":465,""left"":210},{""x"":400,""y"":165.1923788646684,""width"":80,""height"":80,""top"":125.1923788646684,""right"":440,""bottom"":205.1923788646684,""left"":360},{""x"":700,""y"":165.1923788646684,""width"":80,""height"":80,""top"":125.1923788646684,""right"":740,""bottom"":205.1923788646684,""left"":660},{""x"":850,""y"":425,""width"":80,""height"":80,""top"":385,""right"":890,""bottom"":465,""left"":810},{""x"":700,""y"":684.8076211353316,""width"":80,""height"":80,""top"":644.8076211353316,""right"":740,""bottom"":724.8076211353316,""left"":660},{""x"":400,""y"":684.8076211353316,""width"":80,""height"":80,""top"":644.8076211353316,""right"":440,""bottom"":724.8076211353316,""left"":360}]","{""#container"":{""x"":410,""y"":129.390625,""width"":1100,""height"":850,""top"":129.390625,""right"":1510,""bottom"":979.390625,""left"":410}}","[{'purple': 0}, {'blue': 0}, {'yellow': 0}, {'cyan': 12}, {'green': 25}, {'red': 0}]",,green
160,,,,853.0,1.0,1.0,"[""yellow"",""green"",""blue"",""purple"",""red"",""cyan""]",cyan,True,"[{""x"":953,""y"":648,""t"":1},{""x"":1014,""y"":686,""t"":37},{""x"":1070,""y"":700,""t"":69},{""x"":1097,""y"":731,""t"":104},{""x"":1113,""y"":719,""t"":139},{""x"":1153,""y"":745,""t"":171},{""x"":1159,""y"":777,""t"":205},{""x"":1177,""y"":795,""t"":240},{""x"":1191,""y"":808,""t"":273},{""x"":1193,""y"":821,""t"":310},{""x"":1193,""y"":826,""t"":357},{""x"":1193,""y"":828,""t"":374},{""x"":1188,""y"":787,""t"":419},{""x"":1183,""y"":754,""t"":445},{""x"":1172,""y"":726,""t"":481},{""x"":1149,""y"":712,""t"":511},{""x"":1111,""y"":711,""t"":560},{""x"":1084,""y"":719,""t"":579},{""x"":1085,""y"":711,""t"":623},{""x"":1085,""y"":719,""t"":647},{""x"":1087,""y"":742,""t"":686},{""x"":1087,""y"":753,""t"":715},{""x"":1087,""y"":779,""t"":762},{""x"":1090,""y"":788,""t"":785},{""x"":1098,""y"":781,""t"":826},{""x"":1130,""y"":765,""t"":851},{""x"":1108,""y"":763,""t"":890},{""x"":1077,""y"":763,""t"":920},{""x"":1068,""y"":761,""t"":967},{""x"":1057,""y"":747,""t"":989},{""x"":1035,""y"":758,""t"":1030},{""x"":1040,""y"":778,""t"":1055},{""x"":989,""y"":814,""t"":1094},{""x"":965,""y"":813,""t"":1123},{""x"":947,""y"":813,""t"":1170},{""x"":918,""y"":825,""t"":1193},{""x"":902,""y"":825,""t"":1233},{""x"":839,""y"":818,""t"":1260},{""x"":834,""y"":815,""t"":1295},{""x"":858,""y"":801,""t"":1340},{""x"":876,""y"":787,""t"":1361},{""x"":900,""y"":775,""t"":1403},{""x"":921,""y"":776,""t"":1431},{""x"":949,""y"":777,""t"":1466},{""x"":960,""y"":777,""t"":1498},{""x"":994,""y"":772,""t"":1545},{""x"":1011,""y"":768,""t"":1565},{""x"":1047,""y"":772,""t"":1606},{""x"":1054,""y"":776,""t"":1635},{""x"":1059,""y"":787,""t"":1668},{""x"":1048,""y"":779,""t"":1715},{""x"":1006,""y"":778,""t"":1735},{""x"":996,""y"":790,""t"":1778},{""x"":992,""y"":795,""t"":1803},{""x"":982,""y"":798,""t"":1840},{""x"":986,""y"":796,""t"":1871},{""x"":970,""y"":794,""t"":1919},{""x"":957,""y"":792,""t"":1938},{""x"":930,""y"":780,""t"":1980}]","[{""x"":250,""y"":425,""width"":80,""height"":80,""top"":385,""right"":290,""bottom"":465,""left"":210},{""x"":400,""y"":165.1923788646684,""width"":80,""height"":80,""top"":125.1923788646684,""right"":440,""bottom"":205.1923788646684,""left"":360},{""x"":700,""y"":165.1923788646684,""width"":80,""height"":80,""top"":125.1923788646684,""right"":740,""bottom"":205.1923788646684,""left"":660},{""x"":850,""y"":425,""width"":80,""height"":80,""top"":385,""right"":890,""bottom"":465,""left"":810},{""x"":700,""y"":684.8076211353316,""width"":80,""height"":80,""top"":644.8076211353316,""right"":740,""bottom"":724.8076211353316,""left"":660},{""x"":400,""y"":684.8076211353316,""width"":80,""height"":80,""top"":644.8076211353316,""right"":440,""bottom"":724.8076211353316,""left"":360}]","{""#container"":{""x"":410,""y"":129.390625,""width"":1100,""height"":850,""top"":129.390625,""right"":1510,""bottom"":979.390625,""left"":410}}","[{'yellow': 0}, {'green': 0}, {'blue': 0}, {'purple': 0}, {'red': 44}, {'cyan': 12}]",{'cyan': 12},red
161,,,,740.0,6.0,6.0,"[""green"",""red"",""cyan"",""blue"",""purple"",""yellow""]",blue,True,"[{""x"":972,""y"":774,""t"":1},{""x"":1005,""y"":778,""t"":37},{""x"":1038,""y"":777,""t"":70},{""x"":1064,""y"":769,""t"":103},{""x"":1077,""y"":765,""t"":139},{""x"":1081,""y"":766,""t"":171},{""x"":1092,""y"":783,""t"":205},{""x"":1094,""y"":786,""t"":240},{""x"":1100,""y"":802,""t"":275},{""x"":1097,""y"":806,""t"":311},{""x"":1078,""y"":803,""t"":341},{""x"":1060,""y"":812,""t"":377},{""x"":1064,""y"":802,""t"":423},{""x"":1055,""y"":785,""t"":443},{""x"":1043,""y"":799,""t"":489},{""x"":1051,""y"":781,""t"":510},{""x"":1055,""y"":759,""t"":551},{""x"":1058,""y"":750,""t"":578},{""x"":1069,""y"":737,""t"":614},{""x"":1076,""y"":751,""t"":664},{""x"":1068,""y"":749,""t"":682},{""x"":1072,""y"":753,""t"":724},{""x"":1051,""y"":751,""t"":751},{""x"":1017,""y"":774,""t"":788},{""x"":997,""y"":794,""t"":817},{""x"":1011,""y"":809,""t"":854},{""x"":990,""y"":823,""t"":900},{""x"":993,""y"":830,""t"":919},{""x"":974,""y"":832,""t"":966},{""x"":987,""y"":824,""t"":987},{""x"":989,""y"":827,""t"":1025},{""x"":982,""y"":838,""t"":1057},{""x"":986,""y"":815,""t"":1104},{""x"":1016,""y"":811,""t"":1123},{""x"":1056,""y"":810,""t"":1168},{""x"":1093,""y"":806,""t"":1191},{""x"":1123,""y"":806,""t"":1229},{""x"":1149,""y"":821,""t"":1261},{""x"":1160,""y"":840,""t"":1307},{""x"":1181,""y"":832,""t"":1327},{""x"":1197,""y"":824,""t"":1373},{""x"":1209,""y"":823,""t"":1395},{""x"":1212,""y"":840,""t"":1434},{""x"":1236,""y"":830,""t"":1465},{""x"":1236,""y"":792,""t"":1513},{""x"":1234,""y"":759,""t"":1531},{""x"":1213,""y"":744,""t"":1575},{""x"":1194,""y"":731,""t"":1599},{""x"":1186,""y"":714,""t"":1639},{""x"":1179,""y"":700,""t"":1667},{""x"":1168,""y"":697,""t"":1715},{""x"":1158,""y"":701,""t"":1735},{""x"":1138,""y"":709,""t"":1777},{""x"":1131,""y"":710,""t"":1806},{""x"":1111,""y"":712,""t"":1840},{""x"":1060,""y"":731,""t"":1871},{""x"":1017,""y"":752,""t"":1920},{""x"":982,""y"":769,""t"":1940},{""x"":968,""y"":810,""t"":1981}]","[{""x"":250,""y"":425,""width"":80,""height"":80,""top"":385,""right"":290,""bottom"":465,""left"":210},{""x"":400,""y"":165.1923788646684,""width"":80,""height"":80,""top"":125.1923788646684,""right"":440,""bottom"":205.1923788646684,""left"":360},{""x"":700,""y"":165.1923788646684,""width"":80,""height"":80,""top"":125.1923788646684,""right"":740,""bottom"":205.1923788646684,""left"":660},{""x"":850,""y"":425,""width"":80,""height"":80,""top"":385,""right"":890,""bottom"":465,""left"":810},{""x"":700,""y"":684.8076211353316,""width"":80,""height"":80,""top"":644.8076211353316,""right"":740,""bottom"":724.8076211353316,""left"":660},{""x"":400,""y"":684.8076211353316,""width"":80,""height"":80,""top"":644.8076211353316,""right"":440,""bottom"":724.8076211353316,""left"":360}]","{""#container"":{""x"":410,""y"":129.390625,""width"":1100,""height"":850,""top"":129.390625,""right"":1510,""bottom"":979.390625,""left"":410}}","[{'green': 0}, {'red': 0}, {'cyan': 0}, {'blue': 0}, {'purple': 59}, {'yellow': 0}]",,purple
162,,,,667.0,4.0,4.0,"[""green"",""yellow"",""blue"",""purple"",""cyan"",""red""]",green,True,"[{""x"":976,""y"":812,""t"":1},{""x"":984,""y"":796,""t"":37},{""x"":987,""y"":770,""t"":69},{""x"":990,""y"":763,""t"":102},{""x"":996,""y"":782,""t"":137},{""x"":1009,""y"":805,""t"":173},{""x"":1020,""y"":824,""t"":205},{""x"":1045,""y"":831,""t"":240},{""x"":1066,""y"":839,""t"":274},{""x"":1074,""y"":841,""t"":322},{""x"":1087,""y"":838,""t"":341},{""x"":1127,""y"":824,""t"":383},{""x"":1171,""y"":799,""t"":411},{""x"":1196,""y"":758,""t"":445},{""x"":1218,""y"":753,""t"":478},{""x"":1236,""y"":726,""t"":525},{""x"":1269,""y"":745,""t"":545},{""x"":1287,""y"":756,""t"":586},{""x"":1306,""y"":760,""t"":614},{""x"":1273,""y"":740,""t"":651},{""x"":1281,""y"":753,""t"":682},{""x"":1253,""y"":726,""t"":726},{""x"":1212,""y"":742,""t"":751},{""x"":1217,""y"":758,""t"":789},{""x"":1153,""y"":773,""t"":817},{""x"":1117,""y"":796,""t"":868},{""x"":1066,""y"":786,""t"":887},{""x"":1022,""y"":806,""t"":929},{""x"":979,""y"":801,""t"":955},{""x"":960,""y"":817,""t"":991},{""x"":962,""y"":809,""t"":1022},{""x"":955,""y"":791,""t"":1070},{""x"":959,""y"":783,""t"":1089},{""x"":955,""y"":810,""t"":1132},{""x"":974,""y"":797,""t"":1159},{""x"":975,""y"":793,""t"":1195},{""x"":976,""y"":775,""t"":1225},{""x"":1011,""y"":726,""t"":1275},{""x"":1041,""y"":684,""t"":1293},{""x"":1105,""y"":658,""t"":1336},{""x"":1144,""y"":648,""t"":1361},{""x"":1180,""y"":642,""t"":1401},{""x"":1209,""y"":639,""t"":1429},{""x"":1217,""y"":665,""t"":1476},{""x"":1217,""y"":667,""t"":1500},{""x"":1219,""y"":675,""t"":1540},{""x"":1216,""y"":686,""t"":1566},{""x"":1215,""y"":697,""t"":1605},{""x"":1212,""y"":706,""t"":1634},{""x"":1253,""y"":709,""t"":1683},{""x"":1288,""y"":712,""t"":1701},{""x"":1310,""y"":712,""t"":1749},{""x"":1333,""y"":707,""t"":1769},{""x"":1351,""y"":703,""t"":1809},{""x"":1359,""y"":702,""t"":1837},{""x"":1371,""y"":711,""t"":1876},{""x"":1378,""y"":714,""t"":1905},{""x"":1396,""y"":715,""t"":1954},{""x"":1341,""y"":668,""t"":1974}]","[{""x"":250,""y"":425,""width"":80,""height"":80,""top"":385,""right"":290,""bottom"":465,""left"":210},{""x"":400,""y"":165.1923788646684,""width"":80,""height"":80,""top"":125.1923788646684,""right"":440,""bottom"":205.1923788646684,""left"":360},{""x"":700,""y"":165.1923788646684,""width"":80,""height"":80,""top"":125.1923788646684,""right"":740,""bottom"":205.1923788646684,""left"":660},{""x"":850,""y"":425,""width"":80,""height"":80,""top"":385,""right"":890,""bottom"":465,""left"":810},{""x"":700,""y"":684.8076211353316,""width"":80,""height"":80,""top"":644.8076211353316,""right"":740,""bottom"":724.8076211353316,""left"":660},{""x"":400,""y"":684.8076211353316,""width"":80,""height"":80,""top"":644.8076211353316,""right"":440,""bottom"":724.8076211353316,""left"":360}]","{""#container"":{""x"":410,""y"":129.390625,""width"":1100,""height"":850,""top"":129.390625,""right"":1510,""bottom"":979.390625,""left"":410}}","[{'green': 0}, {'yellow': 0}, {'blue': 0}, {'purple': 9}, {'cyan': 29}, {'red': 2}]",,cyan
163,,,,880.0,3.0,9.0,"[""yellow"",""cyan"",""purple"",""blue"",""red"",""green""]",purple,False,"[{""x"":1275,""y"":712,""t"":1},{""x"":1236,""y"":746,""t"":35},{""x"":1186,""y"":787,""t"":71},{""x"":1192,""y"":815,""t"":104},{""x"":1205,""y"":839,""t"":138},{""x"":1199,""y"":871,""t"":174},{""x"":1255,""y"":890,""t"":205},{""x"":1292,""y"":901,""t"":239},{""x"":1318,""y"":928,""t"":273},{""x"":1329,""y"":936,""t"":312},{""x"":1333,""y"":935,""t"":346},{""x"":1278,""y"":933,""t"":376},{""x"":1305,""y"":933,""t"":424},{""x"":1263,""y"":921,""t"":448},{""x"":1220,""y"":904,""t"":478},{""x"":1221,""y"":898,""t"":520},{""x"":1256,""y"":908,""t"":548},{""x"":1233,""y"":886,""t"":584},{""x"":1237,""y"":890,""t"":613},{""x"":1265,""y"":891,""t"":647},{""x"":1238,""y"":886,""t"":698},{""x"":1193,""y"":852,""t"":723},{""x"":1131,""y"":821,""t"":750},{""x"":1087,""y"":791,""t"":793},{""x"":1052,""y"":759,""t"":818},{""x"":1037,""y"":769,""t"":854},{""x"":1026,""y"":769,""t"":887},{""x"":1012,""y"":780,""t"":933},{""x"":985,""y"":769,""t"":954},{""x"":931,""y"":771,""t"":998},{""x"":957,""y"":764,""t"":1021},{""x"":1024,""y"":786,""t"":1058},{""x"":1034,""y"":787,""t"":1092},{""x"":1093,""y"":805,""t"":1135},{""x"":1088,""y"":798,""t"":1157},{""x"":1090,""y"":809,""t"":1199},{""x"":1071,""y"":801,""t"":1226},{""x"":1110,""y"":805,""t"":1259},{""x"":1164,""y"":813,""t"":1309},{""x"":1156,""y"":789,""t"":1327},{""x"":1152,""y"":764,""t"":1371},{""x"":1147,""y"":743,""t"":1395},{""x"":1142,""y"":734,""t"":1436},{""x"":1106,""y"":731,""t"":1464},{""x"":1115,""y"":733,""t"":1498},{""x"":1102,""y"":734,""t"":1547},{""x"":1121,""y"":730,""t"":1565},{""x"":1113,""y"":733,""t"":1607},{""x"":1046,""y"":748,""t"":1636},{""x"":1010,""y"":747,""t"":1670},{""x"":984,""y"":748,""t"":1701},{""x"":962,""y"":759,""t"":1749},{""x"":961,""y"":756,""t"":1769},{""x"":973,""y"":772,""t"":1809},{""x"":996,""y"":756,""t"":1837},{""x"":1004,""y"":747,""t"":1888},{""x"":1012,""y"":735,""t"":1905},{""x"":1027,""y"":734,""t"":1948},{""x"":1059,""y"":716,""t"":1973}]","[{""x"":250,""y"":425,""width"":80,""height"":80,""top"":385,""right"":290,""bottom"":465,""left"":210},{""x"":400,""y"":165.1923788646684,""width"":80,""height"":80,""top"":125.1923788646684,""right"":440,""bottom"":205.1923788646684,""left"":360},{""x"":700,""y"":165.1923788646684,""width"":80,""height"":80,""top"":125.1923788646684,""right"":740,""bottom"":205.1923788646684,""left"":660},{""x"":850,""y"":425,""width"":80,""height"":80,""top"":385,""right"":890,""bottom"":465,""left"":810},{""x"":700,""y"":684.8076211353316,""width"":80,""height"":80,""top"":644.8076211353316,""right"":740,""bottom"":724.8076211353316,""left"":660},{""x"":400,""y"":684.8076211353316,""width"":80,""height"":80,""top"":644.8076211353316,""right"":440,""bottom"":724.8076211353316,""left"":360}]","{""#container"":{""x"":410,""y"":129.390625,""width"":1100,""height"":850,""top"":129.390625,""right"":1510,""bottom"":979.390625,""left"":410}}","[{'yellow': 0}, {'cyan': 0}, {'purple': 0}, {'blue': 0}, {'red': 44}, {'green': 1}]",,red
164,,,,579.0,9.0,9.0,"[""green"",""red"",""blue"",""yellow"",""purple"",""cyan""]",blue,True,"[{""x"":1004,""y"":683,""t"":1},{""x"":1025,""y"":649,""t"":37},{""x"":1026,""y"":633,""t"":69},{""x"":1093,""y"":615,""t"":103},{""x"":1124,""y"":625,""t"":139},{""x"":1151,""y"":631,""t"":170},{""x"":1176,""y"":634,""t"":205},{""x"":1179,""y"":653,""t"":239},{""x"":1179,""y"":669,""t"":273},{""x"":1198,""y"":663,""t"":318},{""x"":1160,""y"":641,""t"":341},{""x"":1113,""y"":609,""t"":379},{""x"":1028,""y"":582,""t"":411},{""x"":958,""y"":547,""t"":458},{""x"":903,""y"":544,""t"":477},{""x"":847,""y"":523,""t"":523},{""x"":794,""y"":505,""t"":546},{""x"":746,""y"":477,""t"":586},{""x"":713,""y"":467,""t"":615},{""x"":721,""y"":463,""t"":650},{""x"":759,""y"":466,""t"":682},{""x"":863,""y"":478,""t"":730},{""x"":951,""y"":497,""t"":749},{""x"":1055,""y"":477,""t"":791},{""x"":1114,""y"":504,""t"":818},{""x"":1188,""y"":507,""t"":856},{""x"":1243,""y"":521,""t"":886},{""x"":1282,""y"":507,""t"":933},{""x"":1312,""y"":494,""t"":952},{""x"":1255,""y"":499,""t"":997},{""x"":1223,""y"":479,""t"":1022},{""x"":1195,""y"":467,""t"":1058},{""x"":1172,""y"":458,""t"":1089},{""x"":1144,""y"":447,""t"":1137},{""x"":1110,""y"":449,""t"":1157},{""x"":1083,""y"":476,""t"":1198},{""x"":1045,""y"":516,""t"":1225},{""x"":983,""y"":537,""t"":1262},{""x"":902,""y"":576,""t"":1307},{""x"":867,""y"":596,""t"":1327},{""x"":803,""y"":619,""t"":1370},{""x"":797,""y"":614,""t"":1397},{""x"":830,""y"":615,""t"":1434},{""x"":861,""y"":615,""t"":1463},{""x"":890,""y"":598,""t"":1512},{""x"":925,""y"":586,""t"":1533},{""x"":964,""y"":578,""t"":1574},{""x"":1011,""y"":559,""t"":1599},{""x"":1063,""y"":549,""t"":1635},{""x"":1138,""y"":507,""t"":1670},{""x"":1165,""y"":506,""t"":1713},{""x"":1186,""y"":504,""t"":1736},{""x"":1224,""y"":529,""t"":1777},{""x"":1236,""y"":554,""t"":1803},{""x"":1240,""y"":568,""t"":1853},{""x"":1201,""y"":567,""t"":1871},{""x"":1166,""y"":508,""t"":1916},{""x"":1147,""y"":524,""t"":1939},{""x"":1119,""y"":493,""t"":1977}]","[{""x"":250,""y"":425,""width"":80,""height"":80,""top"":385,""right"":290,""bottom"":465,""left"":210},{""x"":400,""y"":165.1923788646684,""width"":80,""height"":80,""top"":125.1923788646684,""right"":440,""bottom"":205.1923788646684,""left"":360},{""x"":700,""y"":165.1923788646684,""width"":80,""height"":80,""top"":125.1923788646684,""right"":740,""bottom"":205.1923788646684,""left"":660},{""x"":850,""y"":425,""width"":80,""height"":80,""top"":385,""right"":890,""bottom"":465,""left"":810},{""x"":700,""y"":684.8076211353316,""width"":80,""height"":80,""top"":644.8076211353316,""right"":740,""bottom"":724.8076211353316,""left"":660},{""x"":400,""y"":684.8076211353316,""width"":80,""height"":80,""top"":644.8076211353316,""right"":440,""bottom"":724.8076211353316,""left"":360}]","{""#container"":{""x"":410,""y"":129.390625,""width"":1100,""height"":850,""top"":129.390625,""right"":1510,""bottom"":979.390625,""left"":410}}","[{'green': 6}, {'red': 0}, {'blue': 0}, {'yellow': 23}, {'purple': 0}, {'cyan': 0}]",,yellow
165,,,,756.0,4.0,4.0,"[""purple"",""yellow"",""cyan"",""green"",""blue"",""red""]",purple_1,True,"[{""x"":1125,""y"":524,""t"":2},{""x"":1142,""y"":545,""t"":35},{""x"":1121,""y"":543,""t"":69},{""x"":1116,""y"":547,""t"":105},{""x"":1119,""y"":543,""t"":137},{""x"":1125,""y"":561,""t"":171},{""x"":1151,""y"":576,""t"":205},{""x"":1127,""y"":568,""t"":241},{""x"":1111,""y"":564,""t"":273},{""x"":1118,""y"":576,""t"":312},{""x"":1128,""y"":587,""t"":341},{""x"":1143,""y"":564,""t"":377},{""x"":1133,""y"":548,""t"":423},{""x"":1127,""y"":524,""t"":442},{""x"":1136,""y"":536,""t"":486},{""x"":1141,""y"":544,""t"":513},{""x"":1112,""y"":548,""t"":549},{""x"":1083,""y"":579,""t"":579},{""x"":1067,""y"":561,""t"":627},{""x"":1050,""y"":571,""t"":649},{""x"":1022,""y"":588,""t"":690},{""x"":988,""y"":600,""t"":716},{""x"":961,""y"":610,""t"":751},{""x"":961,""y"":610,""t"":785},{""x"":945,""y"":603,""t"":831},{""x"":953,""y"":612,""t"":851},{""x"":998,""y"":611,""t"":893},{""x"":1011,""y"":589,""t"":921},{""x"":1046,""y"":604,""t"":956},{""x"":993,""y"":616,""t"":987},{""x"":960,""y"":633,""t"":1034},{""x"":927,""y"":649,""t"":1056},{""x"":929,""y"":679,""t"":1097},{""x"":921,""y"":691,""t"":1125},{""x"":946,""y"":709,""t"":1159},{""x"":925,""y"":650,""t"":1206},{""x"":948,""y"":633,""t"":1225},{""x"":973,""y"":608,""t"":1271},{""x"":988,""y"":619,""t"":1294},{""x"":1041,""y"":600,""t"":1333},{""x"":1080,""y"":595,""t"":1363},{""x"":1134,""y"":588,""t"":1396},{""x"":1166,""y"":577,""t"":1444},{""x"":1218,""y"":570,""t"":1466},{""x"":1242,""y"":568,""t"":1508},{""x"":1253,""y"":541,""t"":1532},{""x"":1266,""y"":539,""t"":1573},{""x"":1291,""y"":541,""t"":1600},{""x"":1285,""y"":518,""t"":1635},{""x"":1292,""y"":518,""t"":1684},{""x"":1290,""y"":513,""t"":1702},{""x"":1286,""y"":510,""t"":1745},{""x"":1274,""y"":546,""t"":1770},{""x"":1254,""y"":537,""t"":1812},{""x"":1262,""y"":515,""t"":1839},{""x"":1229,""y"":527,""t"":1873},{""x"":1233,""y"":536,""t"":1907},{""x"":1242,""y"":550,""t"":1952},{""x"":1215,""y"":574,""t"":1973}]","[{""x"":250,""y"":425,""width"":80,""height"":80,""top"":385,""right"":290,""bottom"":465,""left"":210},{""x"":400,""y"":165.1923788646684,""width"":80,""height"":80,""top"":125.1923788646684,""right"":440,""bottom"":205.1923788646684,""left"":360},{""x"":700,""y"":165.1923788646684,""width"":80,""height"":80,""top"":125.1923788646684,""right"":740,""bottom"":205.1923788646684,""left"":660},{""x"":850,""y"":425,""width"":80,""height"":80,""top"":385,""right"":890,""bottom"":465,""left"":810},{""x"":700,""y"":684.8076211353316,""width"":80,""height"":80,""top"":644.8076211353316,""right"":740,""bottom"":724.8076211353316,""left"":660},{""x"":400,""y"":684.8076211353316,""width"":80,""height"":80,""top"":644.8076211353316,""right"":440,""bottom"":724.8076211353316,""left"":360}]","{""#container"":{""x"":410,""y"":129.390625,""width"":1100,""height"":850,""top"":129.390625,""right"":1510,""bottom"":979.390625,""left"":410}}","[{'purple': 0}, {'yellow': 0}, {'cyan': 0}, {'green': 35}, {'blue': 0}, {'red': 0}]",,green
166,,,,710.0,6.0,6.0,"[""green"",""yellow"",""purple"",""cyan"",""blue"",""red""]",cyan,True,"[{""x"":1185,""y"":614,""t"":2},{""x"":1175,""y"":642,""t"":35},{""x"":1177,""y"":684,""t"":69},{""x"":1163,""y"":699,""t"":105},{""x"":1146,""y"":695,""t"":137},{""x"":1140,""y"":695,""t"":171},{""x"":1149,""y"":676,""t"":207},{""x"":1143,""y"":675,""t"":239},{""x"":1125,""y"":685,""t"":273},{""x"":1118,""y"":681,""t"":317},{""x"":1128,""y"":684,""t"":342},{""x"":1138,""y"":676,""t"":378},{""x"":1133,""y"":682,""t"":410},{""x"":1144,""y"":647,""t"":458},{""x"":1153,""y"":627,""t"":478},{""x"":1129,""y"":592,""t"":519},{""x"":1115,""y"":574,""t"":545},{""x"":1127,""y"":541,""t"":581},{""x"":1121,""y"":538,""t"":630},{""x"":1087,""y"":541,""t"":649},{""x"":1041,""y"":520,""t"":690},{""x"":1019,""y"":522,""t"":717},{""x"":988,""y"":515,""t"":752},{""x"":963,""y"":502,""t"":784},{""x"":967,""y"":489,""t"":831},{""x"":939,""y"":476,""t"":851},{""x"":948,""y"":487,""t"":891},{""x"":934,""y"":485,""t"":919},{""x"":935,""y"":504,""t"":955},{""x"":944,""y"":519,""t"":1001},{""x"":956,""y"":531,""t"":1022},{""x"":970,""y"":523,""t"":1067},{""x"":1003,""y"":566,""t"":1089},{""x"":1036,""y"":615,""t"":1127},{""x"":1011,""y"":663,""t"":1159},{""x"":1000,""y"":676,""t"":1206},{""x"":987,""y"":706,""t"":1225},{""x"":991,""y"":738,""t"":1270},{""x"":980,""y"":762,""t"":1293},{""x"":980,""y"":771,""t"":1331},{""x"":982,""y"":752,""t"":1363},{""x"":1015,""y"":748,""t"":1410},{""x"":1027,""y"":756,""t"":1429},{""x"":1040,""y"":741,""t"":1475},{""x"":1041,""y"":730,""t"":1498},{""x"":1038,""y"":698,""t"":1537},{""x"":1043,""y"":675,""t"":1567},{""x"":1049,""y"":666,""t"":1600},{""x"":1039,""y"":638,""t"":1647},{""x"":1040,""y"":614,""t"":1669},{""x"":1040,""y"":583,""t"":1709},{""x"":1028,""y"":551,""t"":1734},{""x"":1000,""y"":537,""t"":1771},{""x"":970,""y"":536,""t"":1806},{""x"":942,""y"":535,""t"":1849},{""x"":945,""y"":522,""t"":1871},{""x"":951,""y"":520,""t"":1911},{""x"":935,""y"":530,""t"":1941},{""x"":907,""y"":526,""t"":1989}]","[{""x"":250,""y"":425,""width"":80,""height"":80,""top"":385,""right"":290,""bottom"":465,""left"":210},{""x"":400,""y"":165.1923788646684,""width"":80,""height"":80,""top"":125.1923788646684,""right"":440,""bottom"":205.1923788646684,""left"":360},{""x"":700,""y"":165.1923788646684,""width"":80,""height"":80,""top"":125.1923788646684,""right"":740,""bottom"":205.1923788646684,""left"":660},{""x"":850,""y"":425,""width"":80,""height"":80,""top"":385,""right"":890,""bottom"":465,""left"":810},{""x"":700,""y"":684.8076211353316,""width"":80,""height"":80,""top"":644.8076211353316,""right"":740,""bottom"":724.8076211353316,""left"":660},{""x"":400,""y"":684.8076211353316,""width"":80,""height"":80,""top"":644.8076211353316,""right"":440,""bottom"":724.8076211353316,""left"":360}]","{""#container"":{""x"":410,""y"":129.390625,""width"":1100,""height"":850,""top"":129.390625,""right"":1510,""bottom"":979.390625,""left"":410}}","[{'green': 0}, {'yellow': 0}, {'purple': 0}, {'cyan': 8}, {'blue': 20}, {'red': 0}]",{'cyan': 8},blue
167,,,,907.0,4.0,3.0,"[""green"",""red"",""purple"",""yellow"",""cyan"",""blue""]",cyan_1,False,"[{""x"":897,""y"":567,""t"":1},{""x"":853,""y"":612,""t"":37},{""x"":832,""y"":623,""t"":69},{""x"":820,""y"":628,""t"":104},{""x"":797,""y"":619,""t"":139},{""x"":785,""y"":614,""t"":171},{""x"":778,""y"":603,""t"":205},{""x"":774,""y"":582,""t"":241},{""x"":752,""y"":583,""t"":274},{""x"":733,""y"":583,""t"":309},{""x"":726,""y"":579,""t"":358},{""x"":722,""y"":575,""t"":375},{""x"":728,""y"":594,""t"":418},{""x"":741,""y"":624,""t"":442},{""x"":736,""y"":654,""t"":480},{""x"":728,""y"":662,""t"":514},{""x"":729,""y"":699,""t"":559},{""x"":730,""y"":730,""t"":579},{""x"":764,""y"":757,""t"":621},{""x"":819,""y"":761,""t"":650},{""x"":835,""y"":741,""t"":683},{""x"":812,""y"":704,""t"":715},{""x"":828,""y"":669,""t"":763},{""x"":841,""y"":640,""t"":783},{""x"":836,""y"":608,""t"":825},{""x"":820,""y"":593,""t"":852},{""x"":844,""y"":593,""t"":889},{""x"":885,""y"":593,""t"":921},{""x"":892,""y"":595,""t"":969},{""x"":897,""y"":598,""t"":987},{""x"":878,""y"":609,""t"":1033},{""x"":846,""y"":625,""t"":1057},{""x"":818,""y"":640,""t"":1097},{""x"":823,""y"":646,""t"":1123},{""x"":795,""y"":642,""t"":1163},{""x"":781,""y"":654,""t"":1190},{""x"":817,""y"":670,""t"":1225},{""x"":843,""y"":679,""t"":1273},{""x"":882,""y"":696,""t"":1292},{""x"":906,""y"":702,""t"":1337},{""x"":922,""y"":700,""t"":1361},{""x"":947,""y"":698,""t"":1400},{""x"":955,""y"":694,""t"":1430},{""x"":973,""y"":690,""t"":1464},{""x"":970,""y"":702,""t"":1511},{""x"":980,""y"":724,""t"":1532},{""x"":984,""y"":730,""t"":1575},{""x"":960,""y"":730,""t"":1599},{""x"":955,""y"":747,""t"":1639},{""x"":931,""y"":763,""t"":1668},{""x"":935,""y"":787,""t"":1716},{""x"":945,""y"":785,""t"":1734},{""x"":932,""y"":772,""t"":1779},{""x"":919,""y"":772,""t"":1803},{""x"":906,""y"":781,""t"":1840},{""x"":898,""y"":790,""t"":1874},{""x"":881,""y"":774,""t"":1917},{""x"":877,""y"":757,""t"":1940},{""x"":870,""y"":749,""t"":1982}]","[{""x"":250,""y"":425,""width"":80,""height"":80,""top"":385,""right"":290,""bottom"":465,""left"":210},{""x"":400,""y"":165.1923788646684,""width"":80,""height"":80,""top"":125.1923788646684,""right"":440,""bottom"":205.1923788646684,""left"":360},{""x"":700,""y"":165.1923788646684,""width"":80,""height"":80,""top"":125.1923788646684,""right"":740,""bottom"":205.1923788646684,""left"":660},{""x"":850,""y"":425,""width"":80,""height"":80,""top"":385,""right"":890,""bottom"":465,""left"":810},{""x"":700,""y"":684.8076211353316,""width"":80,""height"":80,""top"":644.8076211353316,""right"":740,""bottom"":724.8076211353316,""left"":660},{""x"":400,""y"":684.8076211353316,""width"":80,""height"":80,""top"":644.8076211353316,""right"":440,""bottom"":724.8076211353316,""left"":360}]","{""#container"":{""x"":410,""y"":129.390625,""width"":1100,""height"":850,""top"":129.390625,""right"":1510,""bottom"":979.390625,""left"":410}}","[{'green': 11}, {'red': 0}, {'purple': 0}, {'yellow': 0}, {'cyan': 0}, {'blue': 21}]",,blue
168,,,,1005.0,3.0,6.0,"[""green"",""blue"",""yellow"",""purple"",""cyan"",""red""]",purple_1,False,"[{""x"":775,""y"":687,""t"":1},{""x"":641,""y"":589,""t"":35},{""x"":558,""y"":557,""t"":71},{""x"":510,""y"":522,""t"":103},{""x"":463,""y"":519,""t"":137},{""x"":433,""y"":481,""t"":173},{""x"":369,""y"":480,""t"":205},{""x"":382,""y"":441,""t"":240},{""x"":382,""y"":462,""t"":275},{""x"":363,""y"":425,""t"":307},{""x"":348,""y"":467,""t"":354},{""x"":344,""y"":457,""t"":377},{""x"":334,""y"":490,""t"":417},{""x"":301,""y"":477,""t"":443},{""x"":303,""y"":473,""t"":482},{""x"":322,""y"":463,""t"":512},{""x"":325,""y"":466,""t"":558},{""x"":331,""y"":468,""t"":578},{""x"":321,""y"":478,""t"":622},{""x"":335,""y"":486,""t"":647},{""x"":364,""y"":487,""t"":681},{""x"":389,""y"":477,""t"":730},{""x"":367,""y"":504,""t"":748},{""x"":385,""y"":523,""t"":791},{""x"":396,""y"":557,""t"":817},{""x"":418,""y"":560,""t"":855},{""x"":415,""y"":601,""t"":887},{""x"":437,""y"":594,""t"":934},{""x"":491,""y"":616,""t"":953},{""x"":508,""y"":609,""t"":999},{""x"":505,""y"":614,""t"":1021},{""x"":504,""y"":592,""t"":1064},{""x"":547,""y"":608,""t"":1089},{""x"":551,""y"":597,""t"":1126},{""x"":530,""y"":600,""t"":1157},{""x"":506,""y"":568,""t"":1208},{""x"":479,""y"":557,""t"":1225},{""x"":414,""y"":503,""t"":1269},{""x"":447,""y"":494,""t"":1295},{""x"":476,""y"":469,""t"":1333},{""x"":508,""y"":458,""t"":1361},{""x"":522,""y"":433,""t"":1399},{""x"":527,""y"":421,""t"":1429},{""x"":540,""y"":427,""t"":1477},{""x"":547,""y"":430,""t"":1499},{""x"":552,""y"":419,""t"":1541},{""x"":545,""y"":455,""t"":1565},{""x"":498,""y"":443,""t"":1607},{""x"":499,""y"":449,""t"":1633},{""x"":512,""y"":470,""t"":1668},{""x"":518,""y"":477,""t"":1717},{""x"":522,""y"":482,""t"":1735},{""x"":528,""y"":485,""t"":1778},{""x"":516,""y"":485,""t"":1806},{""x"":479,""y"":495,""t"":1841},{""x"":464,""y"":498,""t"":1871},{""x"":433,""y"":516,""t"":1920},{""x"":405,""y"":483,""t"":1939},{""x"":384,""y"":478,""t"":1982}]","[{""x"":250,""y"":425,""width"":80,""height"":80,""top"":385,""right"":290,""bottom"":465,""left"":210},{""x"":400,""y"":165.1923788646684,""width"":80,""height"":80,""top"":125.1923788646684,""right"":440,""bottom"":205.1923788646684,""left"":360},{""x"":700,""y"":165.1923788646684,""width"":80,""height"":80,""top"":125.1923788646684,""right"":740,""bottom"":205.1923788646684,""left"":660},{""x"":850,""y"":425,""width"":80,""height"":80,""top"":385,""right"":890,""bottom"":465,""left"":810},{""x"":700,""y"":684.8076211353316,""width"":80,""height"":80,""top"":644.8076211353316,""right"":740,""bottom"":724.8076211353316,""left"":660},{""x"":400,""y"":684.8076211353316,""width"":80,""height"":80,""top"":644.8076211353316,""right"":440,""bottom"":724.8076211353316,""left"":360}]","{""#container"":{""x"":410,""y"":129.390625,""width"":1100,""height"":850,""top"":129.390625,""right"":1510,""bottom"":979.390625,""left"":410}}","[{'green': 6}, {'blue': 0}, {'yellow': 0}, {'purple': 0}, {'cyan': 0}, {'red': 1}]",,green
169,,,,728.0,7.0,7.0,"[""green"",""red"",""yellow"",""blue"",""cyan"",""purple""]",red_1,True,"[{""x"":494,""y"":589,""t"":3},{""x"":556,""y"":616,""t"":35},{""x"":654,""y"":643,""t"":69},{""x"":701,""y"":711,""t"":105},{""x"":636,""y"":664,""t"":137},{""x"":605,""y"":667,""t"":171},{""x"":581,""y"":642,""t"":207},{""x"":549,""y"":608,""t"":239},{""x"":534,""y"":576,""t"":274},{""x"":541,""y"":555,""t"":315},{""x"":563,""y"":557,""t"":342},{""x"":597,""y"":567,""t"":377},{""x"":595,""y"":569,""t"":425},{""x"":574,""y"":554,""t"":444},{""x"":556,""y"":542,""t"":485},{""x"":631,""y"":554,""t"":511},{""x"":627,""y"":547,""t"":551},{""x"":577,""y"":541,""t"":579},{""x"":561,""y"":541,""t"":628},{""x"":521,""y"":562,""t"":648},{""x"":481,""y"":530,""t"":691},{""x"":444,""y"":541,""t"":717},{""x"":417,""y"":502,""t"":754},{""x"":387,""y"":529,""t"":784},{""x"":412,""y"":548,""t"":819},{""x"":392,""y"":563,""t"":865},{""x"":396,""y"":527,""t"":885},{""x"":429,""y"":525,""t"":929},{""x"":465,""y"":510,""t"":955},{""x"":492,""y"":508,""t"":992},{""x"":515,""y"":483,""t"":1022},{""x"":543,""y"":493,""t"":1057},{""x"":541,""y"":504,""t"":1104},{""x"":562,""y"":506,""t"":1124},{""x"":582,""y"":522,""t"":1169},{""x"":599,""y"":532,""t"":1192},{""x"":602,""y"":546,""t"":1232},{""x"":614,""y"":548,""t"":1261},{""x"":624,""y"":546,""t"":1295},{""x"":649,""y"":571,""t"":1341},{""x"":669,""y"":593,""t"":1361},{""x"":695,""y"":604,""t"":1406},{""x"":711,""y"":613,""t"":1430},{""x"":649,""y"":594,""t"":1468},{""x"":648,""y"":588,""t"":1499},{""x"":652,""y"":598,""t"":1547},{""x"":658,""y"":577,""t"":1565},{""x"":627,""y"":579,""t"":1610},{""x"":625,""y"":570,""t"":1634},{""x"":591,""y"":571,""t"":1674},{""x"":573,""y"":548,""t"":1701},{""x"":555,""y"":568,""t"":1750},{""x"":539,""y"":558,""t"":1769},{""x"":496,""y"":572,""t"":1814},{""x"":485,""y"":566,""t"":1838},{""x"":515,""y"":591,""t"":1874},{""x"":542,""y"":571,""t"":1907},{""x"":546,""y"":574,""t"":1952},{""x"":568,""y"":568,""t"":1973}]","[{""x"":250,""y"":425,""width"":80,""height"":80,""top"":385,""right"":290,""bottom"":465,""left"":210},{""x"":400,""y"":165.1923788646684,""width"":80,""height"":80,""top"":125.1923788646684,""right"":440,""bottom"":205.1923788646684,""left"":360},{""x"":700,""y"":165.1923788646684,""width"":80,""height"":80,""top"":125.1923788646684,""right"":740,""bottom"":205.1923788646684,""left"":660},{""x"":850,""y"":425,""width"":80,""height"":80,""top"":385,""right"":890,""bottom"":465,""left"":810},{""x"":700,""y"":684.8076211353316,""width"":80,""height"":80,""top"":644.8076211353316,""right"":740,""bottom"":724.8076211353316,""left"":660},{""x"":400,""y"":684.8076211353316,""width"":80,""height"":80,""top"":644.8076211353316,""right"":440,""bottom"":724.8076211353316,""left"":360}]","{""#container"":{""x"":410,""y"":129.390625,""width"":1100,""height"":850,""top"":129.390625,""right"":1510,""bottom"":979.390625,""left"":410}}","[{'green': 44}, {'red': 0}, {'yellow': 0}, {'blue': 0}, {'cyan': 0}, {'purple': 0}]",,green
170,,,,951.0,4.0,4.0,"[""purple"",""red"",""yellow"",""blue"",""green"",""cyan""]",purple,True,"[{""x"":604,""y"":583,""t"":1},{""x"":606,""y"":599,""t"":37},{""x"":610,""y"":593,""t"":69},{""x"":626,""y"":607,""t"":104},{""x"":619,""y"":603,""t"":139},{""x"":641,""y"":597,""t"":171},{""x"":629,""y"":591,""t"":206},{""x"":641,""y"":583,""t"":242},{""x"":640,""y"":613,""t"":273},{""x"":636,""y"":606,""t"":311},{""x"":637,""y"":642,""t"":343},{""x"":607,""y"":627,""t"":388},{""x"":578,""y"":604,""t"":409},{""x"":561,""y"":585,""t"":451},{""x"":547,""y"":569,""t"":476},{""x"":544,""y"":569,""t"":514},{""x"":546,""y"":559,""t"":560},{""x"":552,""y"":563,""t"":579},{""x"":552,""y"":577,""t"":622},{""x"":520,""y"":568,""t"":648},{""x"":532,""y"":571,""t"":685},{""x"":545,""y"":565,""t"":716},{""x"":547,""y"":589,""t"":765},{""x"":556,""y"":579,""t"":783},{""x"":551,""y"":599,""t"":825},{""x"":555,""y"":578,""t"":853},{""x"":552,""y"":598,""t"":887},{""x"":541,""y"":583,""t"":920},{""x"":519,""y"":622,""t"":966},{""x"":523,""y"":599,""t"":987},{""x"":500,""y"":627,""t"":1030},{""x"":498,""y"":601,""t"":1056},{""x"":517,""y"":613,""t"":1091},{""x"":528,""y"":575,""t"":1140},{""x"":502,""y"":611,""t"":1157},{""x"":514,""y"":578,""t"":1202},{""x"":532,""y"":571,""t"":1227},{""x"":571,""y"":548,""t"":1264},{""x"":551,""y"":597,""t"":1293},{""x"":573,""y"":573,""t"":1343},{""x"":574,""y"":584,""t"":1363},{""x"":575,""y"":573,""t"":1405},{""x"":574,""y"":591,""t"":1429},{""x"":570,""y"":581,""t"":1469},{""x"":564,""y"":574,""t"":1498},{""x"":535,""y"":551,""t"":1531},{""x"":501,""y"":536,""t"":1580},{""x"":491,""y"":502,""t"":1599},{""x"":447,""y"":518,""t"":1640},{""x"":441,""y"":496,""t"":1669},{""x"":431,""y"":490,""t"":1703},{""x"":426,""y"":469,""t"":1749},{""x"":421,""y"":496,""t"":1768},{""x"":411,""y"":467,""t"":1813},{""x"":411,""y"":470,""t"":1838},{""x"":457,""y"":460,""t"":1874},{""x"":461,""y"":464,""t"":1908},{""x"":479,""y"":434,""t"":1953},{""x"":471,""y"":438,""t"":1972}]","[{""x"":250,""y"":425,""width"":80,""height"":80,""top"":385,""right"":290,""bottom"":465,""left"":210},{""x"":400,""y"":165.1923788646684,""width"":80,""height"":80,""top"":125.1923788646684,""right"":440,""bottom"":205.1923788646684,""left"":360},{""x"":700,""y"":165.1923788646684,""width"":80,""height"":80,""top"":125.1923788646684,""right"":740,""bottom"":205.1923788646684,""left"":660},{""x"":850,""y"":425,""width"":80,""height"":80,""top"":385,""right"":890,""bottom"":465,""left"":810},{""x"":700,""y"":684.8076211353316,""width"":80,""height"":80,""top"":644.8076211353316,""right"":740,""bottom"":724.8076211353316,""left"":660},{""x"":400,""y"":684.8076211353316,""width"":80,""height"":80,""top"":644.8076211353316,""right"":440,""bottom"":724.8076211353316,""left"":360}]","{""#container"":{""x"":410,""y"":129.390625,""width"":1100,""height"":850,""top"":129.390625,""right"":1510,""bottom"":979.390625,""left"":410}}","[{'purple': 41}, {'red': 0}, {'yellow': 0}, {'blue': 0}, {'green': 0}, {'cyan': 0}]",{'purple': 41},purple
171,,,,872.0,1.0,1.0,"[""green"",""cyan"",""yellow"",""red"",""blue"",""purple""]",purple_1,True,"[{""x"":562,""y"":514,""t"":1},{""x"":578,""y"":567,""t"":37},{""x"":589,""y"":588,""t"":69},{""x"":593,""y"":600,""t"":103},{""x"":565,""y"":616,""t"":139},{""x"":575,""y"":623,""t"":171},{""x"":621,""y"":686,""t"":205},{""x"":630,""y"":689,""t"":241},{""x"":663,""y"":735,""t"":272},{""x"":679,""y"":728,""t"":314},{""x"":701,""y"":758,""t"":341},{""x"":692,""y"":750,""t"":378},{""x"":692,""y"":758,""t"":411},{""x"":641,""y"":712,""t"":458},{""x"":587,""y"":687,""t"":476},{""x"":569,""y"":639,""t"":522},{""x"":551,""y"":637,""t"":547},{""x"":574,""y"":619,""t"":585},{""x"":566,""y"":580,""t"":613},{""x"":535,""y"":572,""t"":651},{""x"":576,""y"":540,""t"":680},{""x"":555,""y"":509,""t"":728},{""x"":591,""y"":515,""t"":750},{""x"":596,""y"":509,""t"":792},{""x"":604,""y"":508,""t"":819},{""x"":635,""y"":510,""t"":854},{""x"":652,""y"":507,""t"":888},{""x"":665,""y"":535,""t"":933},{""x"":639,""y"":517,""t"":953},{""x"":626,""y"":510,""t"":997},{""x"":635,""y"":504,""t"":1021},{""x"":603,""y"":503,""t"":1059},{""x"":530,""y"":455,""t"":1091},{""x"":490,""y"":432,""t"":1137},{""x"":472,""y"":437,""t"":1157},{""x"":482,""y"":442,""t"":1200},{""x"":470,""y"":461,""t"":1226},{""x"":511,""y"":488,""t"":1262},{""x"":544,""y"":501,""t"":1293},{""x"":547,""y"":492,""t"":1341},{""x"":557,""y"":504,""t"":1362},{""x"":542,""y"":494,""t"":1403},{""x"":549,""y"":503,""t"":1431},{""x"":556,""y"":497,""t"":1466},{""x"":578,""y"":491,""t"":1498},{""x"":563,""y"":480,""t"":1546},{""x"":579,""y"":521,""t"":1564},{""x"":586,""y"":508,""t"":1606},{""x"":606,""y"":502,""t"":1633},{""x"":623,""y"":510,""t"":1670},{""x"":627,""y"":524,""t"":1716},{""x"":638,""y"":527,""t"":1734},{""x"":632,""y"":529,""t"":1779},{""x"":632,""y"":556,""t"":1803},{""x"":613,""y"":550,""t"":1843},{""x"":597,""y"":545,""t"":1871},{""x"":575,""y"":556,""t"":1920},{""x"":572,""y"":565,""t"":1939},{""x"":557,""y"":556,""t"":1980}]","[{""x"":250,""y"":425,""width"":80,""height"":80,""top"":385,""right"":290,""bottom"":465,""left"":210},{""x"":400,""y"":165.1923788646684,""width"":80,""height"":80,""top"":125.1923788646684,""right"":440,""bottom"":205.1923788646684,""left"":360},{""x"":700,""y"":165.1923788646684,""width"":80,""height"":80,""top"":125.1923788646684,""right"":740,""bottom"":205.1923788646684,""left"":660},{""x"":850,""y"":425,""width"":80,""height"":80,""top"":385,""right"":890,""bottom"":465,""left"":810},{""x"":700,""y"":684.8076211353316,""width"":80,""height"":80,""top"":644.8076211353316,""right"":740,""bottom"":724.8076211353316,""left"":660},{""x"":400,""y"":684.8076211353316,""width"":80,""height"":80,""top"":644.8076211353316,""right"":440,""bottom"":724.8076211353316,""left"":360}]","{""#container"":{""x"":410,""y"":129.390625,""width"":1100,""height"":850,""top"":129.390625,""right"":1510,""bottom"":979.390625,""left"":410}}","[{'green': 46}, {'cyan': 0}, {'yellow': 0}, {'red': 0}, {'blue': 0}, {'purple': 3}]",{'purple_1': 3},green
172,,,,695.0,4.0,4.0,"[""blue"",""yellow"",""purple"",""cyan"",""red"",""green""]",blue,True,"[{""x"":570,""y"":565,""t"":2},{""x"":565,""y"":574,""t"":35},{""x"":546,""y"":574,""t"":70},{""x"":541,""y"":572,""t"":106},{""x"":527,""y"":564,""t"":137},{""x"":522,""y"":575,""t"":171},{""x"":509,""y"":560,""t"":207},{""x"":513,""y"":583,""t"":239},{""x"":464,""y"":558,""t"":274},{""x"":482,""y"":591,""t"":314},{""x"":472,""y"":575,""t"":341},{""x"":471,""y"":593,""t"":376},{""x"":429,""y"":567,""t"":424},{""x"":466,""y"":596,""t"":443},{""x"":449,""y"":578,""t"":485},{""x"":475,""y"":588,""t"":512},{""x"":473,""y"":571,""t"":546},{""x"":493,""y"":619,""t"":595},{""x"":469,""y"":596,""t"":613},{""x"":459,""y"":630,""t"":656},{""x"":454,""y"":603,""t"":681},{""x"":460,""y"":644,""t"":720},{""x"":448,""y"":609,""t"":750},{""x"":468,""y"":635,""t"":796},{""x"":449,""y"":610,""t"":819},{""x"":478,""y"":632,""t"":858},{""x"":457,""y"":592,""t"":886},{""x"":455,""y"":636,""t"":921},{""x"":470,""y"":628,""t"":953},{""x"":502,""y"":620,""t"":1001},{""x"":525,""y"":622,""t"":1022},{""x"":556,""y"":635,""t"":1060},{""x"":582,""y"":641,""t"":1092},{""x"":614,""y"":643,""t"":1138},{""x"":647,""y"":642,""t"":1157},{""x"":686,""y"":619,""t"":1203},{""x"":712,""y"":627,""t"":1226},{""x"":737,""y"":634,""t"":1263},{""x"":740,""y"":633,""t"":1294},{""x"":747,""y"":633,""t"":1329},{""x"":722,""y"":646,""t"":1376},{""x"":708,""y"":614,""t"":1395},{""x"":678,""y"":597,""t"":1441},{""x"":673,""y"":616,""t"":1464},{""x"":654,""y"":602,""t"":1503},{""x"":630,""y"":611,""t"":1533},{""x"":603,""y"":593,""t"":1567},{""x"":605,""y"":585,""t"":1614},{""x"":626,""y"":569,""t"":1635},{""x"":603,""y"":587,""t"":1678},{""x"":589,""y"":595,""t"":1702},{""x"":545,""y"":580,""t"":1743},{""x"":543,""y"":577,""t"":1770},{""x"":511,""y"":564,""t"":1806},{""x"":526,""y"":584,""t"":1840},{""x"":510,""y"":566,""t"":1886},{""x"":524,""y"":574,""t"":1906},{""x"":522,""y"":587,""t"":1951},{""x"":510,""y"":578,""t"":1974}]","[{""x"":250,""y"":425,""width"":80,""height"":80,""top"":385,""right"":290,""bottom"":465,""left"":210},{""x"":400,""y"":165.1923788646684,""width"":80,""height"":80,""top"":125.1923788646684,""right"":440,""bottom"":205.1923788646684,""left"":360},{""x"":700,""y"":165.1923788646684,""width"":80,""height"":80,""top"":125.1923788646684,""right"":740,""bottom"":205.1923788646684,""left"":660},{""x"":850,""y"":425,""width"":80,""height"":80,""top"":385,""right"":890,""bottom"":465,""left"":810},{""x"":700,""y"":684.8076211353316,""width"":80,""height"":80,""top"":644.8076211353316,""right"":740,""bottom"":724.8076211353316,""left"":660},{""x"":400,""y"":684.8076211353316,""width"":80,""height"":80,""top"":644.8076211353316,""right"":440,""bottom"":724.8076211353316,""left"":360}]","{""#container"":{""x"":410,""y"":129.390625,""width"":1100,""height"":850,""top"":129.390625,""right"":1510,""bottom"":979.390625,""left"":410}}","[{'blue': 33}, {'yellow': 0}, {'purple': 0}, {'cyan': 0}, {'red': 0}, {'green': 0}]",{'blue': 33},blue
173,,,,760.0,6.0,7.0,"[""yellow"",""cyan"",""purple"",""green"",""blue"",""red""]",cyan,False,"[{""x"":560,""y"":618,""t"":1},{""x"":598,""y"":623,""t"":37},{""x"":616,""y"":655,""t"":70},{""x"":629,""y"":667,""t"":104},{""x"":636,""y"":695,""t"":139},{""x"":637,""y"":704,""t"":172},{""x"":629,""y"":739,""t"":206},{""x"":623,""y"":729,""t"":241},{""x"":664,""y"":758,""t"":274},{""x"":654,""y"":736,""t"":314},{""x"":611,""y"":744,""t"":342},{""x"":593,""y"":701,""t"":379},{""x"":615,""y"":722,""t"":411},{""x"":511,""y"":628,""t"":458},{""x"":523,""y"":636,""t"":477},{""x"":452,""y"":567,""t"":522},{""x"":458,""y"":592,""t"":546},{""x"":412,""y"":563,""t"":583},{""x"":463,""y"":616,""t"":613},{""x"":419,""y"":578,""t"":662},{""x"":490,""y"":620,""t"":683},{""x"":429,""y"":585,""t"":724},{""x"":441,""y"":630,""t"":748},{""x"":409,""y"":597,""t"":788},{""x"":531,""y"":626,""t"":817},{""x"":595,""y"":653,""t"":865},{""x"":641,""y"":680,""t"":887},{""x"":619,""y"":650,""t"":926},{""x"":671,""y"":685,""t"":953},{""x"":662,""y"":677,""t"":991},{""x"":682,""y"":717,""t"":1021},{""x"":671,""y"":699,""t"":1066},{""x"":645,""y"":693,""t"":1090},{""x"":636,""y"":701,""t"":1130},{""x"":619,""y"":703,""t"":1158},{""x"":610,""y"":701,""t"":1206},{""x"":582,""y"":667,""t"":1227},{""x"":585,""y"":703,""t"":1268},{""x"":568,""y"":670,""t"":1294},{""x"":563,""y"":700,""t"":1332},{""x"":541,""y"":658,""t"":1363},{""x"":531,""y"":639,""t"":1409},{""x"":518,""y"":600,""t"":1431},{""x"":497,""y"":585,""t"":1470},{""x"":484,""y"":563,""t"":1498},{""x"":509,""y"":578,""t"":1533},{""x"":479,""y"":533,""t"":1578},{""x"":510,""y"":566,""t"":1600},{""x"":514,""y"":542,""t"":1642},{""x"":506,""y"":543,""t"":1667},{""x"":534,""y"":556,""t"":1703},{""x"":519,""y"":571,""t"":1736},{""x"":577,""y"":590,""t"":1782},{""x"":575,""y"":608,""t"":1802},{""x"":593,""y"":623,""t"":1844},{""x"":589,""y"":629,""t"":1873},{""x"":616,""y"":638,""t"":1905},{""x"":584,""y"":614,""t"":1952},{""x"":583,""y"":631,""t"":1974}]","[{""x"":250,""y"":425,""width"":80,""height"":80,""top"":385,""right"":290,""bottom"":465,""left"":210},{""x"":400,""y"":165.1923788646684,""width"":80,""height"":80,""top"":125.1923788646684,""right"":440,""bottom"":205.1923788646684,""left"":360},{""x"":700,""y"":165.1923788646684,""width"":80,""height"":80,""top"":125.1923788646684,""right"":740,""bottom"":205.1923788646684,""left"":660},{""x"":850,""y"":425,""width"":80,""height"":80,""top"":385,""right"":890,""bottom"":465,""left"":810},{""x"":700,""y"":684.8076211353316,""width"":80,""height"":80,""top"":644.8076211353316,""right"":740,""bottom"":724.8076211353316,""left"":660},{""x"":400,""y"":684.8076211353316,""width"":80,""height"":80,""top"":644.8076211353316,""right"":440,""bottom"":724.8076211353316,""left"":360}]","{""#container"":{""x"":410,""y"":129.390625,""width"":1100,""height"":850,""top"":129.390625,""right"":1510,""bottom"":979.390625,""left"":410}}","[{'yellow': 27}, {'cyan': 0}, {'purple': 0}, {'green': 0}, {'blue': 0}, {'red': 0}]",,yellow
174,,,,849.0,3.0,3.0,"[""yellow"",""red"",""green"",""cyan"",""blue"",""purple""]",blue,True,"[{""x"":650,""y"":670,""t"":1},{""x"":637,""y"":674,""t"":38},{""x"":614,""y"":663,""t"":69},{""x"":576,""y"":652,""t"":103},{""x"":567,""y"":652,""t"":139},{""x"":566,""y"":666,""t"":172},{""x"":622,""y"":672,""t"":206},{""x"":618,""y"":662,""t"":241},{""x"":621,""y"":645,""t"":274},{""x"":611,""y"":676,""t"":314},{""x"":626,""y"":670,""t"":343},{""x"":596,""y"":666,""t"":378},{""x"":576,""y"":658,""t"":410},{""x"":550,""y"":665,""t"":458},{""x"":531,""y"":623,""t"":477},{""x"":524,""y"":647,""t"":519},{""x"":527,""y"":643,""t"":546},{""x"":568,""y"":677,""t"":583},{""x"":581,""y"":671,""t"":613},{""x"":580,""y"":669,""t"":660},{""x"":574,""y"":677,""t"":681},{""x"":573,""y"":676,""t"":724},{""x"":566,""y"":681,""t"":749},{""x"":567,""y"":683,""t"":785},{""x"":576,""y"":671,""t"":818},{""x"":546,""y"":694,""t"":864},{""x"":521,""y"":712,""t"":884},{""x"":513,""y"":695,""t"":924},{""x"":500,""y"":680,""t"":953},{""x"":498,""y"":645,""t"":990},{""x"":496,""y"":611,""t"":1035},{""x"":516,""y"":593,""t"":1054},{""x"":522,""y"":584,""t"":1097},{""x"":507,""y"":593,""t"":1125},{""x"":488,""y"":579,""t"":1160},{""x"":494,""y"":617,""t"":1192},{""x"":485,""y"":620,""t"":1239},{""x"":484,""y"":639,""t"":1261},{""x"":497,""y"":619,""t"":1301},{""x"":511,""y"":634,""t"":1328},{""x"":489,""y"":613,""t"":1366},{""x"":464,""y"":615,""t"":1395},{""x"":455,""y"":600,""t"":1441},{""x"":438,""y"":601,""t"":1465},{""x"":421,""y"":606,""t"":1504},{""x"":409,""y"":599,""t"":1531},{""x"":406,""y"":593,""t"":1568},{""x"":402,""y"":568,""t"":1613},{""x"":393,""y"":554,""t"":1633},{""x"":428,""y"":582,""t"":1676},{""x"":455,""y"":570,""t"":1702},{""x"":515,""y"":597,""t"":1737},{""x"":514,""y"":591,""t"":1784},{""x"":515,""y"":576,""t"":1803},{""x"":531,""y"":575,""t"":1846},{""x"":534,""y"":578,""t"":1874},{""x"":530,""y"":597,""t"":1909},{""x"":539,""y"":583,""t"":1940},{""x"":541,""y"":588,""t"":1987}]","[{""x"":250,""y"":425,""width"":80,""height"":80,""top"":385,""right"":290,""bottom"":465,""left"":210},{""x"":400,""y"":165.1923788646684,""width"":80,""height"":80,""top"":125.1923788646684,""right"":440,""bottom"":205.1923788646684,""left"":360},{""x"":700,""y"":165.1923788646684,""width"":80,""height"":80,""top"":125.1923788646684,""right"":740,""bottom"":205.1923788646684,""left"":660},{""x"":850,""y"":425,""width"":80,""height"":80,""top"":385,""right"":890,""bottom"":465,""left"":810},{""x"":700,""y"":684.8076211353316,""width"":80,""height"":80,""top"":644.8076211353316,""right"":740,""bottom"":724.8076211353316,""left"":660},{""x"":400,""y"":684.8076211353316,""width"":80,""height"":80,""top"":644.8076211353316,""right"":440,""bottom"":724.8076211353316,""left"":360}]","{""#container"":{""x"":410,""y"":129.390625,""width"":1100,""height"":850,""top"":129.390625,""right"":1510,""bottom"":979.390625,""left"":410}}","[{'yellow': 27}, {'red': 0}, {'green': 0}, {'cyan': 0}, {'blue': 0}, {'purple': 0}]",,yellow
175,,,,857.0,6.0,6.0,"[""blue"",""green"",""yellow"",""purple"",""red"",""cyan""]",purple,True,"[{""x"":632,""y"":639,""t"":1},{""x"":645,""y"":650,""t"":35},{""x"":662,""y"":658,""t"":72},{""x"":607,""y"":647,""t"":103},{""x"":575,""y"":648,""t"":137},{""x"":565,""y"":647,""t"":173},{""x"":587,""y"":658,""t"":205},{""x"":560,""y"":643,""t"":239},{""x"":539,""y"":641,""t"":275},{""x"":551,""y"":644,""t"":323},{""x"":616,""y"":675,""t"":341},{""x"":636,""y"":676,""t"":388},{""x"":663,""y"":711,""t"":408},{""x"":638,""y"":677,""t"":449},{""x"":595,""y"":665,""t"":478},{""x"":580,""y"":641,""t"":513},{""x"":547,""y"":646,""t"":558},{""x"":536,""y"":624,""t"":579},{""x"":518,""y"":601,""t"":623},{""x"":508,""y"":599,""t"":648},{""x"":542,""y"":608,""t"":682},{""x"":574,""y"":656,""t"":732},{""x"":569,""y"":644,""t"":750},{""x"":546,""y"":629,""t"":792},{""x"":551,""y"":640,""t"":819},{""x"":512,""y"":604,""t"":854},{""x"":442,""y"":565,""t"":885},{""x"":498,""y"":535,""t"":935},{""x"":455,""y"":536,""t"":953},{""x"":502,""y"":517,""t"":997},{""x"":502,""y"":524,""t"":1023},{""x"":552,""y"":506,""t"":1061},{""x"":529,""y"":516,""t"":1089},{""x"":571,""y"":502,""t"":1127},{""x"":569,""y"":514,""t"":1157},{""x"":573,""y"":505,""t"":1204},{""x"":600,""y"":501,""t"":1227},{""x"":607,""y"":517,""t"":1268},{""x"":585,""y"":541,""t"":1293},{""x"":602,""y"":535,""t"":1334},{""x"":581,""y"":590,""t"":1361},{""x"":545,""y"":574,""t"":1395},{""x"":514,""y"":592,""t"":1444},{""x"":486,""y"":577,""t"":1463},{""x"":499,""y"":604,""t"":1506},{""x"":537,""y"":597,""t"":1531},{""x"":563,""y"":606,""t"":1572},{""x"":573,""y"":611,""t"":1599},{""x"":562,""y"":634,""t"":1633},{""x"":538,""y"":652,""t"":1680},{""x"":517,""y"":687,""t"":1701},{""x"":476,""y"":631,""t"":1744},{""x"":471,""y"":626,""t"":1769},{""x"":505,""y"":617,""t"":1804},{""x"":560,""y"":673,""t"":1851},{""x"":562,""y"":664,""t"":1873},{""x"":574,""y"":683,""t"":1912},{""x"":580,""y"":624,""t"":1939},{""x"":628,""y"":650,""t"":1975}]","[{""x"":250,""y"":425,""width"":80,""height"":80,""top"":385,""right"":290,""bottom"":465,""left"":210},{""x"":400,""y"":165.1923788646684,""width"":80,""height"":80,""top"":125.1923788646684,""right"":440,""bottom"":205.1923788646684,""left"":360},{""x"":700,""y"":165.1923788646684,""width"":80,""height"":80,""top"":125.1923788646684,""right"":740,""bottom"":205.1923788646684,""left"":660},{""x"":850,""y"":425,""width"":80,""height"":80,""top"":385,""right"":890,""bottom"":465,""left"":810},{""x"":700,""y"":684.8076211353316,""width"":80,""height"":80,""top"":644.8076211353316,""right"":740,""bottom"":724.8076211353316,""left"":660},{""x"":400,""y"":684.8076211353316,""width"":80,""height"":80,""top"":644.8076211353316,""right"":440,""bottom"":724.8076211353316,""left"":360}]","{""#container"":{""x"":410,""y"":129.390625,""width"":1100,""height"":850,""top"":129.390625,""right"":1510,""bottom"":979.390625,""left"":410}}","[{'blue': 41}, {'green': 0}, {'yellow': 0}, {'purple': 0}, {'red': 0}, {'cyan': 0}]",,blue
176,,,,695.0,3.0,3.0,"[""cyan"",""green"",""yellow"",""purple"",""red"",""blue""]",red,True,"[{""x"":635,""y"":645,""t"":3},{""x"":553,""y"":559,""t"":35},{""x"":512,""y"":563,""t"":69},{""x"":446,""y"":507,""t"":105},{""x"":379,""y"":493,""t"":137},{""x"":374,""y"":502,""t"":172},{""x"":350,""y"":515,""t"":207},{""x"":392,""y"":545,""t"":239},{""x"":430,""y"":568,""t"":273},{""x"":464,""y"":580,""t"":311},{""x"":450,""y"":559,""t"":342},{""x"":453,""y"":559,""t"":388},{""x"":400,""y"":525,""t"":411},{""x"":346,""y"":496,""t"":452},{""x"":304,""y"":488,""t"":478},{""x"":291,""y"":470,""t"":515},{""x"":274,""y"":483,""t"":546},{""x"":259,""y"":482,""t"":592},{""x"":268,""y"":505,""t"":612},{""x"":280,""y"":510,""t"":656},{""x"":288,""y"":537,""t"":682},{""x"":287,""y"":554,""t"":716},{""x"":276,""y"":556,""t"":764},{""x"":266,""y"":557,""t"":783},{""x"":282,""y"":578,""t"":828},{""x"":325,""y"":583,""t"":851},{""x"":363,""y"":583,""t"":889},{""x"":379,""y"":585,""t"":920},{""x"":422,""y"":586,""t"":969},{""x"":446,""y"":590,""t"":987},{""x"":482,""y"":583,""t"":1030},{""x"":505,""y"":593,""t"":1057},{""x"":523,""y"":634,""t"":1092},{""x"":586,""y"":672,""t"":1123},{""x"":562,""y"":668,""t"":1169},{""x"":558,""y"":679,""t"":1193},{""x"":544,""y"":641,""t"":1232},{""x"":509,""y"":631,""t"":1260},{""x"":479,""y"":636,""t"":1297},{""x"":494,""y"":648,""t"":1327},{""x"":510,""y"":652,""t"":1372},{""x"":510,""y"":648,""t"":1397},{""x"":503,""y"":637,""t"":1435},{""x"":491,""y"":621,""t"":1464},{""x"":484,""y"":606,""t"":1500},{""x"":504,""y"":577,""t"":1545},{""x"":538,""y"":579,""t"":1565},{""x"":512,""y"":528,""t"":1610},{""x"":502,""y"":564,""t"":1634},{""x"":502,""y"":558,""t"":1672},{""x"":553,""y"":610,""t"":1703},{""x"":537,""y"":584,""t"":1750},{""x"":533,""y"":619,""t"":1768},{""x"":521,""y"":611,""t"":1813},{""x"":509,""y"":658,""t"":1839},{""x"":473,""y"":612,""t"":1875},{""x"":477,""y"":654,""t"":1906},{""x"":464,""y"":606,""t"":1953},{""x"":491,""y"":661,""t"":1973}]","[{""x"":250,""y"":425,""width"":80,""height"":80,""top"":385,""right"":290,""bottom"":465,""left"":210},{""x"":400,""y"":165.1923788646684,""width"":80,""height"":80,""top"":125.1923788646684,""right"":440,""bottom"":205.1923788646684,""left"":360},{""x"":700,""y"":165.1923788646684,""width"":80,""height"":80,""top"":125.1923788646684,""right"":740,""bottom"":205.1923788646684,""left"":660},{""x"":850,""y"":425,""width"":80,""height"":80,""top"":385,""right"":890,""bottom"":465,""left"":810},{""x"":700,""y"":684.8076211353316,""width"":80,""height"":80,""top"":644.8076211353316,""right"":740,""bottom"":724.8076211353316,""left"":660},{""x"":400,""y"":684.8076211353316,""width"":80,""height"":80,""top"":644.8076211353316,""right"":440,""bottom"":724.8076211353316,""left"":360}]","{""#container"":{""x"":410,""y"":129.390625,""width"":1100,""height"":850,""top"":129.390625,""right"":1510,""bottom"":979.390625,""left"":410}}","[{'cyan': 9}, {'green': 0}, {'yellow': 0}, {'purple': 0}, {'red': 0}, {'blue': 0}]",,cyan
177,,,,830.0,6.0,6.0,"[""purple"",""green"",""cyan"",""yellow"",""blue"",""red""]",yellow,True,"[{""x"":484,""y"":634,""t"":1},{""x"":492,""y"":623,""t"":37},{""x"":537,""y"":647,""t"":69},{""x"":543,""y"":629,""t"":103},{""x"":536,""y"":685,""t"":139},{""x"":451,""y"":635,""t"":171},{""x"":478,""y"":656,""t"":205},{""x"":428,""y"":579,""t"":241},{""x"":458,""y"":611,""t"":273},{""x"":474,""y"":583,""t"":321},{""x"":467,""y"":626,""t"":343},{""x"":492,""y"":607,""t"":383},{""x"":520,""y"":668,""t"":409},{""x"":519,""y"":649,""t"":447},{""x"":561,""y"":711,""t"":479},{""x"":556,""y"":688,""t"":511},{""x"":571,""y"":697,""t"":559},{""x"":588,""y"":696,""t"":581},{""x"":624,""y"":753,""t"":623},{""x"":663,""y"":796,""t"":647},{""x"":680,""y"":837,""t"":686},{""x"":710,""y"":842,""t"":717},{""x"":722,""y"":842,""t"":750},{""x"":722,""y"":847,""t"":798},{""x"":714,""y"":847,""t"":819},{""x"":667,""y"":787,""t"":862},{""x"":642,""y"":778,""t"":885},{""x"":634,""y"":736,""t"":928},{""x"":617,""y"":742,""t"":953},{""x"":553,""y"":707,""t"":990},{""x"":530,""y"":700,""t"":1023},{""x"":470,""y"":640,""t"":1070},{""x"":475,""y"":664,""t"":1089},{""x"":415,""y"":597,""t"":1135},{""x"":420,""y"":605,""t"":1158},{""x"":380,""y"":560,""t"":1197},{""x"":332,""y"":567,""t"":1227},{""x"":336,""y"":542,""t"":1260},{""x"":379,""y"":545,""t"":1307},{""x"":382,""y"":533,""t"":1329},{""x"":387,""y"":545,""t"":1369},{""x"":408,""y"":538,""t"":1395},{""x"":391,""y"":569,""t"":1433},{""x"":425,""y"":556,""t"":1463},{""x"":468,""y"":593,""t"":1509},{""x"":504,""y"":594,""t"":1530},{""x"":522,""y"":621,""t"":1574},{""x"":554,""y"":635,""t"":1599},{""x"":531,""y"":643,""t"":1635},{""x"":541,""y"":630,""t"":1669},{""x"":490,""y"":642,""t"":1714},{""x"":498,""y"":628,""t"":1735},{""x"":513,""y"":640,""t"":1778},{""x"":524,""y"":650,""t"":1803},{""x"":528,""y"":628,""t"":1843},{""x"":531,""y"":608,""t"":1870},{""x"":543,""y"":624,""t"":1920},{""x"":574,""y"":651,""t"":1939},{""x"":601,""y"":671,""t"":1982}]","[{""x"":250,""y"":425,""width"":80,""height"":80,""top"":385,""right"":290,""bottom"":465,""left"":210},{""x"":400,""y"":165.1923788646684,""width"":80,""height"":80,""top"":125.1923788646684,""right"":440,""bottom"":205.1923788646684,""left"":360},{""x"":700,""y"":165.1923788646684,""width"":80,""height"":80,""top"":125.1923788646684,""right"":740,""bottom"":205.1923788646684,""left"":660},{""x"":850,""y"":425,""width"":80,""height"":80,""top"":385,""right"":890,""bottom"":465,""left"":810},{""x"":700,""y"":684.8076211353316,""width"":80,""height"":80,""top"":644.8076211353316,""right"":740,""bottom"":724.8076211353316,""left"":660},{""x"":400,""y"":684.8076211353316,""width"":80,""height"":80,""top"":644.8076211353316,""right"":440,""bottom"":724.8076211353316,""left"":360}]","{""#container"":{""x"":410,""y"":129.390625,""width"":1100,""height"":850,""top"":129.390625,""right"":1510,""bottom"":979.390625,""left"":410}}","[{'purple': 7}, {'green': 0}, {'cyan': 0}, {'yellow': 0}, {'blue': 0}, {'red': 7}]",,purple
178,,,,870.0,4.0,4.0,"[""yellow"",""blue"",""green"",""red"",""purple"",""cyan""]",yellow,True,"[{""x"":580,""y"":660,""t"":3},{""x"":554,""y"":642,""t"":36},{""x"":571,""y"":636,""t"":70},{""x"":581,""y"":649,""t"":106},{""x"":614,""y"":664,""t"":137},{""x"":622,""y"":640,""t"":171},{""x"":659,""y"":673,""t"":204},{""x"":600,""y"":640,""t"":241},{""x"":586,""y"":666,""t"":274},{""x"":550,""y"":610,""t"":308},{""x"":500,""y"":612,""t"":356},{""x"":547,""y"":582,""t"":375},{""x"":563,""y"":582,""t"":420},{""x"":521,""y"":555,""t"":443},{""x"":432,""y"":573,""t"":482},{""x"":393,""y"":538,""t"":513},{""x"":416,""y"":575,""t"":559},{""x"":386,""y"":541,""t"":580},{""x"":419,""y"":576,""t"":624},{""x"":391,""y"":522,""t"":647},{""x"":376,""y"":553,""t"":686},{""x"":407,""y"":561,""t"":717},{""x"":499,""y"":608,""t"":762},{""x"":608,""y"":659,""t"":783},{""x"":635,""y"":664,""t"":825},{""x"":720,""y"":697,""t"":852},{""x"":731,""y"":676,""t"":888},{""x"":717,""y"":659,""t"":920},{""x"":705,""y"":661,""t"":965},{""x"":709,""y"":653,""t"":988},{""x"":720,""y"":686,""t"":1029},{""x"":675,""y"":673,""t"":1056},{""x"":637,""y"":665,""t"":1090},{""x"":631,""y"":644,""t"":1139},{""x"":685,""y"":682,""t"":1157},{""x"":667,""y"":633,""t"":1201},{""x"":615,""y"":647,""t"":1227},{""x"":604,""y"":649,""t"":1263},{""x"":672,""y"":700,""t"":1293},{""x"":666,""y"":677,""t"":1343},{""x"":676,""y"":694,""t"":1360},{""x"":627,""y"":655,""t"":1403},{""x"":648,""y"":707,""t"":1429},{""x"":657,""y"":687,""t"":1467},{""x"":622,""y"":682,""t"":1497},{""x"":590,""y"":675,""t"":1544},{""x"":586,""y"":670,""t"":1567},{""x"":609,""y"":723,""t"":1608},{""x"":549,""y"":666,""t"":1633},{""x"":511,""y"":672,""t"":1673},{""x"":490,""y"":651,""t"":1701},{""x"":497,""y"":666,""t"":1735},{""x"":433,""y"":617,""t"":1785},{""x"":403,""y"":627,""t"":1803},{""x"":356,""y"":548,""t"":1847},{""x"":344,""y"":560,""t"":1871},{""x"":351,""y"":563,""t"":1911},{""x"":406,""y"":588,""t"":1941},{""x"":430,""y"":562,""t"":1975}]","[{""x"":250,""y"":425,""width"":80,""height"":80,""top"":385,""right"":290,""bottom"":465,""left"":210},{""x"":400,""y"":165.1923788646684,""width"":80,""height"":80,""top"":125.1923788646684,""right"":440,""bottom"":205.1923788646684,""left"":360},{""x"":700,""y"":165.1923788646684,""width"":80,""height"":80,""top"":125.1923788646684,""right"":740,""bottom"":205.1923788646684,""left"":660},{""x"":850,""y"":425,""width"":80,""height"":80,""top"":385,""right"":890,""bottom"":465,""left"":810},{""x"":700,""y"":684.8076211353316,""width"":80,""height"":80,""top"":644.8076211353316,""right"":740,""bottom"":724.8076211353316,""left"":660},{""x"":400,""y"":684.8076211353316,""width"":80,""height"":80,""top"":644.8076211353316,""right"":440,""bottom"":724.8076211353316,""left"":360}]","{""#container"":{""x"":410,""y"":129.390625,""width"":1100,""height"":850,""top"":129.390625,""right"":1510,""bottom"":979.390625,""left"":410}}","[{'yellow': 35}, {'blue': 0}, {'green': 0}, {'red': 0}, {'purple': 0}, {'cyan': 1}]",{'yellow': 35},yellow
179,,,,750.0,9.0,9.0,"[""purple"",""green"",""cyan"",""blue"",""yellow"",""red""]",cyan_1,True,"[{""x"":505,""y"":599,""t"":1},{""x"":534,""y"":624,""t"":37},{""x"":591,""y"":650,""t"":70},{""x"":660,""y"":668,""t"":103},{""x"":692,""y"":684,""t"":139},{""x"":727,""y"":693,""t"":172},{""x"":758,""y"":712,""t"":206},{""x"":775,""y"":729,""t"":241},{""x"":791,""y"":739,""t"":274},{""x"":796,""y"":747,""t"":314},{""x"":800,""y"":740,""t"":343},{""x"":795,""y"":745,""t"":377},{""x"":795,""y"":751,""t"":424},{""x"":777,""y"":755,""t"":443},{""x"":734,""y"":754,""t"":488},{""x"":692,""y"":747,""t"":510},{""x"":716,""y"":753,""t"":550},{""x"":744,""y"":742,""t"":580},{""x"":770,""y"":733,""t"":629},{""x"":791,""y"":726,""t"":647},{""x"":792,""y"":732,""t"":691},{""x"":789,""y"":728,""t"":715},{""x"":783,""y"":759,""t"":754},{""x"":797,""y"":771,""t"":786},{""x"":784,""y"":770,""t"":833},{""x"":790,""y"":793,""t"":851},{""x"":740,""y"":805,""t"":898},{""x"":721,""y"":790,""t"":919},{""x"":695,""y"":782,""t"":959},{""x"":683,""y"":754,""t"":987},{""x"":670,""y"":747,""t"":1023},{""x"":653,""y"":738,""t"":1069},{""x"":635,""y"":732,""t"":1090},{""x"":623,""y"":722,""t"":1132},{""x"":612,""y"":718,""t"":1158},{""x"":551,""y"":690,""t"":1192},{""x"":548,""y"":689,""t"":1240},{""x"":528,""y"":673,""t"":1259},{""x"":517,""y"":663,""t"":1302},{""x"":508,""y"":661,""t"":1329},{""x"":497,""y"":651,""t"":1366},{""x"":492,""y"":640,""t"":1395},{""x"":499,""y"":636,""t"":1445},{""x"":504,""y"":631,""t"":1464},{""x"":488,""y"":630,""t"":1507},{""x"":491,""y"":628,""t"":1532},{""x"":488,""y"":622,""t"":1569},{""x"":492,""y"":619,""t"":1600},{""x"":487,""y"":607,""t"":1649},{""x"":484,""y"":597,""t"":1666},{""x"":524,""y"":617,""t"":1711},{""x"":561,""y"":630,""t"":1736},{""x"":614,""y"":660,""t"":1774},{""x"":649,""y"":665,""t"":1804},{""x"":679,""y"":681,""t"":1851},{""x"":704,""y"":688,""t"":1873},{""x"":735,""y"":698,""t"":1912},{""x"":756,""y"":710,""t"":1939},{""x"":764,""y"":716,""t"":1976}]","[{""x"":250,""y"":425,""width"":80,""height"":80,""top"":385,""right"":290,""bottom"":465,""left"":210},{""x"":400,""y"":165.1923788646684,""width"":80,""height"":80,""top"":125.1923788646684,""right"":440,""bottom"":205.1923788646684,""left"":360},{""x"":700,""y"":165.1923788646684,""width"":80,""height"":80,""top"":125.1923788646684,""right"":740,""bottom"":205.1923788646684,""left"":660},{""x"":850,""y"":425,""width"":80,""height"":80,""top"":385,""right"":890,""bottom"":465,""left"":810},{""x"":700,""y"":684.8076211353316,""width"":80,""height"":80,""top"":644.8076211353316,""right"":740,""bottom"":724.8076211353316,""left"":660},{""x"":400,""y"":684.8076211353316,""width"":80,""height"":80,""top"":644.8076211353316,""right"":440,""bottom"":724.8076211353316,""left"":360}]","{""#container"":{""x"":410,""y"":129.390625,""width"":1100,""height"":850,""top"":129.390625,""right"":1510,""bottom"":979.390625,""left"":410}}","[{'purple': 10}, {'green': 0}, {'cyan': 0}, {'blue': 0}, {'yellow': 0}, {'red': 28}]",,red
180,,,,678.0,7.0,7.0,"[""cyan"",""blue"",""purple"",""yellow"",""green"",""red""]",blue,True,"[{""x"":767,""y"":724,""t"":1},{""x"":763,""y"":728,""t"":35},{""x"":765,""y"":744,""t"":71},{""x"":751,""y"":748,""t"":103},{""x"":767,""y"":757,""t"":137},{""x"":765,""y"":769,""t"":173},{""x"":762,""y"":778,""t"":205},{""x"":771,""y"":782,""t"":239},{""x"":775,""y"":790,""t"":273},{""x"":777,""y"":784,""t"":310},{""x"":735,""y"":772,""t"":355},{""x"":705,""y"":736,""t"":375},{""x"":672,""y"":708,""t"":420},{""x"":630,""y"":667,""t"":443},{""x"":600,""y"":665,""t"":479},{""x"":587,""y"":652,""t"":511},{""x"":562,""y"":654,""t"":559},{""x"":536,""y"":663,""t"":579},{""x"":528,""y"":666,""t"":620},{""x"":524,""y"":673,""t"":649},{""x"":556,""y"":705,""t"":684},{""x"":570,""y"":741,""t"":715},{""x"":579,""y"":762,""t"":764},{""x"":603,""y"":784,""t"":783},{""x"":601,""y"":810,""t"":826},{""x"":620,""y"":812,""t"":854},{""x"":634,""y"":800,""t"":890},{""x"":608,""y"":760,""t"":919},{""x"":587,""y"":729,""t"":955},{""x"":580,""y"":686,""t"":1001},{""x"":586,""y"":642,""t"":1022},{""x"":623,""y"":620,""t"":1066},{""x"":661,""y"":614,""t"":1089},{""x"":654,""y"":612,""t"":1127},{""x"":734,""y"":601,""t"":1159},{""x"":777,""y"":583,""t"":1206},{""x"":826,""y"":584,""t"":1227},{""x"":867,""y"":585,""t"":1271},{""x"":869,""y"":587,""t"":1295},{""x"":901,""y"":592,""t"":1334},{""x"":940,""y"":588,""t"":1364},{""x"":958,""y"":601,""t"":1396},{""x"":948,""y"":611,""t"":1444},{""x"":931,""y"":622,""t"":1465},{""x"":919,""y"":627,""t"":1508},{""x"":890,""y"":641,""t"":1531},{""x"":875,""y"":652,""t"":1574},{""x"":842,""y"":666,""t"":1599},{""x"":832,""y"":662,""t"":1634},{""x"":785,""y"":654,""t"":1683},{""x"":727,""y"":651,""t"":1701},{""x"":692,""y"":642,""t"":1743},{""x"":654,""y"":645,""t"":1769},{""x"":633,""y"":652,""t"":1806},{""x"":584,""y"":655,""t"":1840},{""x"":560,""y"":651,""t"":1885},{""x"":542,""y"":647,""t"":1904},{""x"":548,""y"":657,""t"":1947},{""x"":605,""y"":660,""t"":1973}]","[{""x"":250,""y"":425,""width"":80,""height"":80,""top"":385,""right"":290,""bottom"":465,""left"":210},{""x"":400,""y"":165.1923788646684,""width"":80,""height"":80,""top"":125.1923788646684,""right"":440,""bottom"":205.1923788646684,""left"":360},{""x"":700,""y"":165.1923788646684,""width"":80,""height"":80,""top"":125.1923788646684,""right"":740,""bottom"":205.1923788646684,""left"":660},{""x"":850,""y"":425,""width"":80,""height"":80,""top"":385,""right"":890,""bottom"":465,""left"":810},{""x"":700,""y"":684.8076211353316,""width"":80,""height"":80,""top"":644.8076211353316,""right"":740,""bottom"":724.8076211353316,""left"":660},{""x"":400,""y"":684.8076211353316,""width"":80,""height"":80,""top"":644.8076211353316,""right"":440,""bottom"":724.8076211353316,""left"":360}]","{""#container"":{""x"":410,""y"":129.390625,""width"":1100,""height"":850,""top"":129.390625,""right"":1510,""bottom"":979.390625,""left"":410}}","[{'cyan': 17}, {'blue': 0}, {'purple': 0}, {'yellow': 0}, {'green': 0}, {'red': 12}]",,cyan
181,,,,731.0,7.0,7.0,"[""red"",""green"",""purple"",""blue"",""yellow"",""cyan""]",green_1,True,"[{""x"":654,""y"":678,""t"":3},{""x"":699,""y"":712,""t"":36},{""x"":744,""y"":743,""t"":69},{""x"":782,""y"":767,""t"":105},{""x"":819,""y"":781,""t"":137},{""x"":849,""y"":792,""t"":171},{""x"":846,""y"":792,""t"":205},{""x"":858,""y"":804,""t"":241},{""x"":849,""y"":819,""t"":273},{""x"":832,""y"":827,""t"":309},{""x"":846,""y"":829,""t"":342},{""x"":844,""y"":834,""t"":390},{""x"":879,""y"":820,""t"":409},{""x"":904,""y"":800,""t"":450},{""x"":919,""y"":776,""t"":479},{""x"":926,""y"":752,""t"":511},{""x"":914,""y"":765,""t"":558},{""x"":928,""y"":745,""t"":582},{""x"":938,""y"":732,""t"":620},{""x"":921,""y"":721,""t"":647},{""x"":850,""y"":735,""t"":684},{""x"":836,""y"":741,""t"":730},{""x"":794,""y"":737,""t"":750},{""x"":785,""y"":740,""t"":795},{""x"":764,""y"":746,""t"":817},{""x"":750,""y"":753,""t"":856},{""x"":765,""y"":764,""t"":887},{""x"":793,""y"":759,""t"":919},{""x"":811,""y"":763,""t"":966},{""x"":825,""y"":768,""t"":989},{""x"":862,""y"":754,""t"":1029},{""x"":883,""y"":748,""t"":1055},{""x"":920,""y"":745,""t"":1091},{""x"":945,""y"":736,""t"":1125},{""x"":956,""y"":739,""t"":1170},{""x"":978,""y"":727,""t"":1190},{""x"":1005,""y"":723,""t"":1231},{""x"":1045,""y"":736,""t"":1261},{""x"":1012,""y"":761,""t"":1294},{""x"":954,""y"":789,""t"":1340},{""x"":914,""y"":797,""t"":1361},{""x"":887,""y"":788,""t"":1403},{""x"":870,""y"":811,""t"":1430},{""x"":859,""y"":815,""t"":1463},{""x"":835,""y"":806,""t"":1511},{""x"":815,""y"":798,""t"":1531},{""x"":824,""y"":803,""t"":1575},{""x"":834,""y"":807,""t"":1599},{""x"":831,""y"":785,""t"":1635},{""x"":800,""y"":747,""t"":1668},{""x"":784,""y"":724,""t"":1715},{""x"":798,""y"":715,""t"":1736},{""x"":794,""y"":694,""t"":1774},{""x"":750,""y"":697,""t"":1803},{""x"":726,""y"":688,""t"":1839},{""x"":765,""y"":688,""t"":1885},{""x"":804,""y"":692,""t"":1906},{""x"":828,""y"":703,""t"":1949},{""x"":849,""y"":699,""t"":1973}]","[{""x"":250,""y"":425,""width"":80,""height"":80,""top"":385,""right"":290,""bottom"":465,""left"":210},{""x"":400,""y"":165.1923788646684,""width"":80,""height"":80,""top"":125.1923788646684,""right"":440,""bottom"":205.1923788646684,""left"":360},{""x"":700,""y"":165.1923788646684,""width"":80,""height"":80,""top"":125.1923788646684,""right"":740,""bottom"":205.1923788646684,""left"":660},{""x"":850,""y"":425,""width"":80,""height"":80,""top"":385,""right"":890,""bottom"":465,""left"":810},{""x"":700,""y"":684.8076211353316,""width"":80,""height"":80,""top"":644.8076211353316,""right"":740,""bottom"":724.8076211353316,""left"":660},{""x"":400,""y"":684.8076211353316,""width"":80,""height"":80,""top"":644.8076211353316,""right"":440,""bottom"":724.8076211353316,""left"":360}]","{""#container"":{""x"":410,""y"":129.390625,""width"":1100,""height"":850,""top"":129.390625,""right"":1510,""bottom"":979.390625,""left"":410}}","[{'red': 2}, {'green': 0}, {'purple': 0}, {'blue': 0}, {'yellow': 3}, {'cyan': 49}]",,cyan
182,,,,568.0,9.0,9.0,"[""purple"",""cyan"",""blue"",""red"",""yellow"",""green""]",blue_1,True,"[{""x"":868,""y"":696,""t"":1},{""x"":864,""y"":713,""t"":37},{""x"":871,""y"":720,""t"":69},{""x"":873,""y"":722,""t"":103},{""x"":857,""y"":738,""t"":139},{""x"":851,""y"":755,""t"":172},{""x"":839,""y"":762,""t"":205},{""x"":830,""y"":766,""t"":241},{""x"":842,""y"":764,""t"":273},{""x"":835,""y"":771,""t"":312},{""x"":794,""y"":776,""t"":342},{""x"":736,""y"":768,""t"":376},{""x"":706,""y"":768,""t"":423},{""x"":681,""y"":768,""t"":442},{""x"":647,""y"":773,""t"":489},{""x"":617,""y"":770,""t"":510},{""x"":692,""y"":749,""t"":551},{""x"":747,""y"":732,""t"":578},{""x"":793,""y"":721,""t"":615},{""x"":838,""y"":711,""t"":649},{""x"":889,""y"":724,""t"":695},{""x"":915,""y"":723,""t"":714},{""x"":902,""y"":724,""t"":759},{""x"":895,""y"":740,""t"":782},{""x"":870,""y"":742,""t"":825},{""x"":847,""y"":743,""t"":850},{""x"":814,""y"":750,""t"":887},{""x"":792,""y"":752,""t"":919},{""x"":788,""y"":758,""t"":967},{""x"":785,""y"":764,""t"":987},{""x"":796,""y"":769,""t"":1030},{""x"":809,""y"":771,""t"":1056},{""x"":800,""y"":774,""t"":1095},{""x"":814,""y"":775,""t"":1123},{""x"":825,""y"":773,""t"":1171},{""x"":817,""y"":775,""t"":1191},{""x"":819,""y"":769,""t"":1234},{""x"":832,""y"":769,""t"":1259},{""x"":872,""y"":746,""t"":1295},{""x"":897,""y"":736,""t"":1343},{""x"":916,""y"":744,""t"":1362},{""x"":911,""y"":721,""t"":1404},{""x"":926,""y"":724,""t"":1431},{""x"":934,""y"":717,""t"":1466},{""x"":943,""y"":717,""t"":1497},{""x"":938,""y"":693,""t"":1546},{""x"":923,""y"":709,""t"":1565},{""x"":858,""y"":723,""t"":1607},{""x"":784,""y"":732,""t"":1635},{""x"":734,""y"":749,""t"":1668},{""x"":694,""y"":724,""t"":1715},{""x"":653,""y"":715,""t"":1737},{""x"":665,""y"":709,""t"":1777},{""x"":677,""y"":702,""t"":1803},{""x"":686,""y"":701,""t"":1840},{""x"":719,""y"":693,""t"":1885},{""x"":696,""y"":704,""t"":1906},{""x"":666,""y"":716,""t"":1950},{""x"":649,""y"":721,""t"":1973}]","[{""x"":250,""y"":425,""width"":80,""height"":80,""top"":385,""right"":290,""bottom"":465,""left"":210},{""x"":400,""y"":165.1923788646684,""width"":80,""height"":80,""top"":125.1923788646684,""right"":440,""bottom"":205.1923788646684,""left"":360},{""x"":700,""y"":165.1923788646684,""width"":80,""height"":80,""top"":125.1923788646684,""right"":740,""bottom"":205.1923788646684,""left"":660},{""x"":850,""y"":425,""width"":80,""height"":80,""top"":385,""right"":890,""bottom"":465,""left"":810},{""x"":700,""y"":684.8076211353316,""width"":80,""height"":80,""top"":644.8076211353316,""right"":740,""bottom"":724.8076211353316,""left"":660},{""x"":400,""y"":684.8076211353316,""width"":80,""height"":80,""top"":644.8076211353316,""right"":440,""bottom"":724.8076211353316,""left"":360}]","{""#container"":{""x"":410,""y"":129.390625,""width"":1100,""height"":850,""top"":129.390625,""right"":1510,""bottom"":979.390625,""left"":410}}","[{'purple': 2}, {'cyan': 0}, {'blue': 0}, {'red': 0}, {'yellow': 0}, {'green': 45}]",,green
183,,,,700.0,3.0,3.0,"[""purple"",""yellow"",""cyan"",""green"",""red"",""blue""]",red_1,True,"[{""x"":702,""y"":757,""t"":1},{""x"":755,""y"":764,""t"":37},{""x"":797,""y"":775,""t"":70},{""x"":812,""y"":784,""t"":103},{""x"":839,""y"":785,""t"":139},{""x"":855,""y"":786,""t"":173},{""x"":853,""y"":776,""t"":205},{""x"":860,""y"":785,""t"":241},{""x"":877,""y"":776,""t"":273},{""x"":876,""y"":778,""t"":313},{""x"":886,""y"":776,""t"":343},{""x"":883,""y"":774,""t"":376},{""x"":872,""y"":776,""t"":423},{""x"":903,""y"":784,""t"":443},{""x"":914,""y"":793,""t"":488},{""x"":949,""y"":791,""t"":512},{""x"":968,""y"":788,""t"":550},{""x"":975,""y"":784,""t"":581},{""x"":991,""y"":781,""t"":627},{""x"":988,""y"":775,""t"":648},{""x"":997,""y"":772,""t"":690},{""x"":1008,""y"":793,""t"":716},{""x"":1037,""y"":814,""t"":751},{""x"":1042,""y"":826,""t"":785},{""x"":1019,""y"":845,""t"":828},{""x"":995,""y"":829,""t"":850},{""x"":965,""y"":833,""t"":892},{""x"":947,""y"":822,""t"":922},{""x"":930,""y"":828,""t"":954},{""x"":913,""y"":829,""t"":1001},{""x"":903,""y"":815,""t"":1021},{""x"":905,""y"":830,""t"":1066},{""x"":909,""y"":843,""t"":1089},{""x"":871,""y"":826,""t"":1126},{""x"":839,""y"":811,""t"":1157},{""x"":828,""y"":784,""t"":1203},{""x"":817,""y"":762,""t"":1228},{""x"":812,""y"":745,""t"":1263},{""x"":809,""y"":733,""t"":1294},{""x"":807,""y"":731,""t"":1341},{""x"":798,""y"":738,""t"":1360},{""x"":805,""y"":731,""t"":1405},{""x"":799,""y"":728,""t"":1429},{""x"":807,""y"":730,""t"":1466},{""x"":821,""y"":737,""t"":1499},{""x"":790,""y"":735,""t"":1545},{""x"":775,""y"":747,""t"":1565},{""x"":788,""y"":751,""t"":1607},{""x"":773,""y"":745,""t"":1635},{""x"":746,""y"":734,""t"":1668},{""x"":753,""y"":734,""t"":1715},{""x"":758,""y"":736,""t"":1735},{""x"":776,""y"":752,""t"":1780},{""x"":782,""y"":771,""t"":1803},{""x"":773,""y"":787,""t"":1841},{""x"":778,""y"":799,""t"":1873},{""x"":799,""y"":807,""t"":1921},{""x"":823,""y"":803,""t"":1939},{""x"":852,""y"":806,""t"":1986}]","[{""x"":250,""y"":425,""width"":80,""height"":80,""top"":385,""right"":290,""bottom"":465,""left"":210},{""x"":400,""y"":165.1923788646684,""width"":80,""height"":80,""top"":125.1923788646684,""right"":440,""bottom"":205.1923788646684,""left"":360},{""x"":700,""y"":165.1923788646684,""width"":80,""height"":80,""top"":125.1923788646684,""right"":740,""bottom"":205.1923788646684,""left"":660},{""x"":850,""y"":425,""width"":80,""height"":80,""top"":385,""right"":890,""bottom"":465,""left"":810},{""x"":700,""y"":684.8076211353316,""width"":80,""height"":80,""top"":644.8076211353316,""right"":740,""bottom"":724.8076211353316,""left"":660},{""x"":400,""y"":684.8076211353316,""width"":80,""height"":80,""top"":644.8076211353316,""right"":440,""bottom"":724.8076211353316,""left"":360}]","{""#container"":{""x"":410,""y"":129.390625,""width"":1100,""height"":850,""top"":129.390625,""right"":1510,""bottom"":979.390625,""left"":410}}","[{'purple': 0}, {'yellow': 0}, {'cyan': 0}, {'green': 0}, {'red': 11}, {'blue': 48}]",{'red_1': 11},blue
184,,,,703.0,6.0,7.0,"[""green"",""purple"",""blue"",""cyan"",""red"",""yellow""]",purple_1,False,"[{""x"":814,""y"":800,""t"":1},{""x"":785,""y"":792,""t"":35},{""x"":806,""y"":779,""t"":69},{""x"":795,""y"":762,""t"":105},{""x"":805,""y"":749,""t"":137},{""x"":782,""y"":752,""t"":171},{""x"":785,""y"":750,""t"":207},{""x"":771,""y"":742,""t"":239},{""x"":748,""y"":737,""t"":273},{""x"":745,""y"":744,""t"":316},{""x"":733,""y"":748,""t"":341},{""x"":729,""y"":745,""t"":378},{""x"":732,""y"":746,""t"":411},{""x"":738,""y"":742,""t"":457},{""x"":743,""y"":731,""t"":477},{""x"":737,""y"":736,""t"":521},{""x"":760,""y"":731,""t"":547},{""x"":774,""y"":722,""t"":584},{""x"":754,""y"":720,""t"":613},{""x"":773,""y"":701,""t"":664},{""x"":766,""y"":697,""t"":682},{""x"":763,""y"":701,""t"":725},{""x"":767,""y"":711,""t"":749},{""x"":774,""y"":716,""t"":789},{""x"":800,""y"":715,""t"":818},{""x"":769,""y"":725,""t"":866},{""x"":751,""y"":726,""t"":887},{""x"":735,""y"":727,""t"":927},{""x"":730,""y"":742,""t"":953},{""x"":783,""y"":735,""t"":992},{""x"":771,""y"":749,""t"":1023},{""x"":721,""y"":760,""t"":1070},{""x"":678,""y"":769,""t"":1089},{""x"":715,""y"":766,""t"":1133},{""x"":721,""y"":763,""t"":1158},{""x"":774,""y"":742,""t"":1196},{""x"":820,""y"":724,""t"":1225},{""x"":858,""y"":714,""t"":1274},{""x"":889,""y"":705,""t"":1295},{""x"":917,""y"":694,""t"":1337},{""x"":938,""y"":685,""t"":1361},{""x"":907,""y"":694,""t"":1399},{""x"":865,""y"":711,""t"":1432},{""x"":853,""y"":725,""t"":1476},{""x"":878,""y"":721,""t"":1498},{""x"":887,""y"":731,""t"":1538},{""x"":908,""y"":712,""t"":1567},{""x"":906,""y"":723,""t"":1602},{""x"":889,""y"":720,""t"":1632},{""x"":908,""y"":707,""t"":1681},{""x"":929,""y"":711,""t"":1703},{""x"":945,""y"":722,""t"":1743},{""x"":943,""y"":711,""t"":1770},{""x"":944,""y"":736,""t"":1807},{""x"":969,""y"":726,""t"":1838},{""x"":980,""y"":708,""t"":1885},{""x"":979,""y"":686,""t"":1907},{""x"":945,""y"":687,""t"":1947},{""x"":920,""y"":693,""t"":1974}]","[{""x"":250,""y"":425,""width"":80,""height"":80,""top"":385,""right"":290,""bottom"":465,""left"":210},{""x"":400,""y"":165.1923788646684,""width"":80,""height"":80,""top"":125.1923788646684,""right"":440,""bottom"":205.1923788646684,""left"":360},{""x"":700,""y"":165.1923788646684,""width"":80,""height"":80,""top"":125.1923788646684,""right"":740,""bottom"":205.1923788646684,""left"":660},{""x"":850,""y"":425,""width"":80,""height"":80,""top"":385,""right"":890,""bottom"":465,""left"":810},{""x"":700,""y"":684.8076211353316,""width"":80,""height"":80,""top"":644.8076211353316,""right"":740,""bottom"":724.8076211353316,""left"":660},{""x"":400,""y"":684.8076211353316,""width"":80,""height"":80,""top"":644.8076211353316,""right"":440,""bottom"":724.8076211353316,""left"":360}]","{""#container"":{""x"":410,""y"":129.390625,""width"":1100,""height"":850,""top"":129.390625,""right"":1510,""bottom"":979.390625,""left"":410}}","[{'green': 0}, {'purple': 0}, {'blue': 0}, {'cyan': 0}, {'red': 0}, {'yellow': 47}]",,yellow
185,,,,814.0,3.0,3.0,"[""purple"",""blue"",""yellow"",""cyan"",""green"",""red""]",green,True,"[{""x"":837,""y"":689,""t"":3},{""x"":786,""y"":651,""t"":35},{""x"":721,""y"":653,""t"":69},{""x"":613,""y"":620,""t"":105},{""x"":545,""y"":576,""t"":137},{""x"":521,""y"":602,""t"":171},{""x"":458,""y"":600,""t"":207},{""x"":459,""y"":613,""t"":239},{""x"":411,""y"":558,""t"":273},{""x"":414,""y"":586,""t"":311},{""x"":446,""y"":598,""t"":340},{""x"":400,""y"":615,""t"":389},{""x"":377,""y"":576,""t"":408},{""x"":371,""y"":582,""t"":452},{""x"":381,""y"":545,""t"":476},{""x"":377,""y"":556,""t"":518},{""x"":391,""y"":526,""t"":544},{""x"":381,""y"":527,""t"":580},{""x"":461,""y"":541,""t"":628},{""x"":508,""y"":567,""t"":646},{""x"":549,""y"":590,""t"":694},{""x"":532,""y"":588,""t"":715},{""x"":515,""y"":590,""t"":755},{""x"":511,""y"":640,""t"":782},{""x"":494,""y"":638,""t"":821},{""x"":518,""y"":666,""t"":851},{""x"":499,""y"":658,""t"":899},{""x"":530,""y"":650,""t"":921},{""x"":545,""y"":622,""t"":963},{""x"":519,""y"":600,""t"":987},{""x"":533,""y"":635,""t"":1029},{""x"":505,""y"":606,""t"":1055},{""x"":532,""y"":628,""t"":1091},{""x"":555,""y"":621,""t"":1123},{""x"":494,""y"":604,""t"":1170},{""x"":540,""y"":622,""t"":1191},{""x"":485,""y"":589,""t"":1231},{""x"":531,""y"":615,""t"":1262},{""x"":476,""y"":595,""t"":1294},{""x"":517,""y"":626,""t"":1341},{""x"":486,""y"":602,""t"":1363},{""x"":511,""y"":628,""t"":1404},{""x"":526,""y"":626,""t"":1429},{""x"":558,""y"":643,""t"":1468},{""x"":555,""y"":630,""t"":1498},{""x"":586,""y"":639,""t"":1545},{""x"":594,""y"":637,""t"":1567},{""x"":591,""y"":645,""t"":1608},{""x"":594,""y"":641,""t"":1633},{""x"":585,""y"":632,""t"":1672},{""x"":576,""y"":630,""t"":1702},{""x"":560,""y"":630,""t"":1750},{""x"":541,""y"":626,""t"":1769},{""x"":546,""y"":619,""t"":1814},{""x"":546,""y"":613,""t"":1837},{""x"":548,""y"":608,""t"":1876},{""x"":547,""y"":599,""t"":1906},{""x"":555,""y"":621,""t"":1955},{""x"":547,""y"":620,""t"":1973}]","[{""x"":250,""y"":425,""width"":80,""height"":80,""top"":385,""right"":290,""bottom"":465,""left"":210},{""x"":400,""y"":165.1923788646684,""width"":80,""height"":80,""top"":125.1923788646684,""right"":440,""bottom"":205.1923788646684,""left"":360},{""x"":700,""y"":165.1923788646684,""width"":80,""height"":80,""top"":125.1923788646684,""right"":740,""bottom"":205.1923788646684,""left"":660},{""x"":850,""y"":425,""width"":80,""height"":80,""top"":385,""right"":890,""bottom"":465,""left"":810},{""x"":700,""y"":684.8076211353316,""width"":80,""height"":80,""top"":644.8076211353316,""right"":740,""bottom"":724.8076211353316,""left"":660},{""x"":400,""y"":684.8076211353316,""width"":80,""height"":80,""top"":644.8076211353316,""right"":440,""bottom"":724.8076211353316,""left"":360}]","{""#container"":{""x"":410,""y"":129.390625,""width"":1100,""height"":850,""top"":129.390625,""right"":1510,""bottom"":979.390625,""left"":410}}","[{'purple': 29}, {'blue': 0}, {'yellow': 0}, {'cyan': 0}, {'green': 0}, {'red': 1}]",,purple
186,,,,660.0,3.0,3.0,"[""green"",""cyan"",""yellow"",""red"",""blue"",""purple""]",blue_1,True,"[{""x"":506,""y"":603,""t"":1},{""x"":546,""y"":647,""t"":35},{""x"":562,""y"":652,""t"":71},{""x"":572,""y"":653,""t"":103},{""x"":539,""y"":629,""t"":137},{""x"":542,""y"":663,""t"":173},{""x"":540,""y"":664,""t"":205},{""x"":557,""y"":681,""t"":239},{""x"":508,""y"":660,""t"":273},{""x"":527,""y"":677,""t"":313},{""x"":477,""y"":655,""t"":341},{""x"":488,""y"":659,""t"":388},{""x"":448,""y"":629,""t"":409},{""x"":477,""y"":658,""t"":453},{""x"":438,""y"":627,""t"":477},{""x"":461,""y"":662,""t"":514},{""x"":523,""y"":685,""t"":547},{""x"":585,""y"":709,""t"":595},{""x"":634,""y"":732,""t"":615},{""x"":682,""y"":758,""t"":657},{""x"":661,""y"":753,""t"":680},{""x"":704,""y"":762,""t"":720},{""x"":726,""y"":775,""t"":749},{""x"":736,""y"":787,""t"":795},{""x"":700,""y"":771,""t"":819},{""x"":641,""y"":749,""t"":858},{""x"":675,""y"":788,""t"":886},{""x"":695,""y"":806,""t"":922},{""x"":648,""y"":760,""t"":968},{""x"":595,""y"":725,""t"":987},{""x"":565,""y"":702,""t"":1030},{""x"":543,""y"":688,""t"":1057},{""x"":526,""y"":686,""t"":1093},{""x"":537,""y"":647,""t"":1124},{""x"":515,""y"":628,""t"":1172},{""x"":512,""y"":624,""t"":1192},{""x"":499,""y"":635,""t"":1232},{""x"":504,""y"":631,""t"":1261},{""x"":487,""y"":647,""t"":1294},{""x"":490,""y"":671,""t"":1341},{""x"":490,""y"":665,""t"":1363},{""x"":503,""y"":676,""t"":1403},{""x"":514,""y"":653,""t"":1429},{""x"":530,""y"":631,""t"":1468},{""x"":541,""y"":618,""t"":1498},{""x"":564,""y"":604,""t"":1546},{""x"":573,""y"":587,""t"":1567},{""x"":601,""y"":589,""t"":1611},{""x"":602,""y"":580,""t"":1633},{""x"":624,""y"":584,""t"":1676},{""x"":609,""y"":597,""t"":1701},{""x"":617,""y"":597,""t"":1739},{""x"":605,""y"":612,""t"":1771},{""x"":613,""y"":613,""t"":1817},{""x"":611,""y"":623,""t"":1837},{""x"":618,""y"":631,""t"":1880},{""x"":615,""y"":647,""t"":1907},{""x"":606,""y"":651,""t"":1945},{""x"":597,""y"":666,""t"":1974}]","[{""x"":250,""y"":425,""width"":80,""height"":80,""top"":385,""right"":290,""bottom"":465,""left"":210},{""x"":400,""y"":165.1923788646684,""width"":80,""height"":80,""top"":125.1923788646684,""right"":440,""bottom"":205.1923788646684,""left"":360},{""x"":700,""y"":165.1923788646684,""width"":80,""height"":80,""top"":125.1923788646684,""right"":740,""bottom"":205.1923788646684,""left"":660},{""x"":850,""y"":425,""width"":80,""height"":80,""top"":385,""right"":890,""bottom"":465,""left"":810},{""x"":700,""y"":684.8076211353316,""width"":80,""height"":80,""top"":644.8076211353316,""right"":740,""bottom"":724.8076211353316,""left"":660},{""x"":400,""y"":684.8076211353316,""width"":80,""height"":80,""top"":644.8076211353316,""right"":440,""bottom"":724.8076211353316,""left"":360}]","{""#container"":{""x"":410,""y"":129.390625,""width"":1100,""height"":850,""top"":129.390625,""right"":1510,""bottom"":979.390625,""left"":410}}","[{'green': 19}, {'cyan': 0}, {'yellow': 0}, {'red': 0}, {'blue': 0}, {'purple': 7}]",,green
187,,,,772.0,9.0,9.0,"[""blue"",""green"",""red"",""yellow"",""purple"",""cyan""]",red_1,True,"[{""x"":595,""y"":665,""t"":3},{""x"":594,""y"":697,""t"":36},{""x"":578,""y"":703,""t"":70},{""x"":588,""y"":729,""t"":105},{""x"":576,""y"":748,""t"":138},{""x"":625,""y"":767,""t"":172},{""x"":616,""y"":768,""t"":207},{""x"":662,""y"":788,""t"":240},{""x"":647,""y"":770,""t"":274},{""x"":620,""y"":753,""t"":316},{""x"":636,""y"":778,""t"":342},{""x"":617,""y"":762,""t"":378},{""x"":657,""y"":769,""t"":410},{""x"":660,""y"":727,""t"":460},{""x"":677,""y"":727,""t"":477},{""x"":698,""y"":715,""t"":523},{""x"":684,""y"":697,""t"":545},{""x"":721,""y"":678,""t"":586},{""x"":737,""y"":675,""t"":612},{""x"":729,""y"":648,""t"":650},{""x"":639,""y"":644,""t"":696},{""x"":661,""y"":646,""t"":715},{""x"":647,""y"":655,""t"":761},{""x"":648,""y"":641,""t"":783},{""x"":662,""y"":670,""t"":821},{""x"":690,""y"":654,""t"":851},{""x"":687,""y"":679,""t"":902},{""x"":734,""y"":671,""t"":919},{""x"":706,""y"":668,""t"":963},{""x"":742,""y"":668,""t"":989},{""x"":704,""y"":670,""t"":1025},{""x"":728,""y"":671,""t"":1056},{""x"":660,""y"":685,""t"":1105},{""x"":627,""y"":659,""t"":1124},{""x"":607,""y"":687,""t"":1166},{""x"":600,""y"":689,""t"":1193},{""x"":558,""y"":694,""t"":1228},{""x"":548,""y"":671,""t"":1260},{""x"":515,""y"":670,""t"":1308},{""x"":517,""y"":665,""t"":1329},{""x"":517,""y"":685,""t"":1369},{""x"":515,""y"":663,""t"":1397},{""x"":529,""y"":661,""t"":1433},{""x"":547,""y"":667,""t"":1464},{""x"":552,""y"":688,""t"":1513},{""x"":573,""y"":699,""t"":1531},{""x"":578,""y"":714,""t"":1575},{""x"":573,""y"":697,""t"":1599},{""x"":565,""y"":720,""t"":1638},{""x"":560,""y"":701,""t"":1668},{""x"":556,""y"":716,""t"":1714},{""x"":560,""y"":727,""t"":1737},{""x"":539,""y"":720,""t"":1776},{""x"":576,""y"":717,""t"":1803},{""x"":600,""y"":706,""t"":1840},{""x"":626,""y"":683,""t"":1886},{""x"":682,""y"":710,""t"":1906},{""x"":728,""y"":703,""t"":1951},{""x"":759,""y"":698,""t"":1972}]","[{""x"":250,""y"":425,""width"":80,""height"":80,""top"":385,""right"":290,""bottom"":465,""left"":210},{""x"":400,""y"":165.1923788646684,""width"":80,""height"":80,""top"":125.1923788646684,""right"":440,""bottom"":205.1923788646684,""left"":360},{""x"":700,""y"":165.1923788646684,""width"":80,""height"":80,""top"":125.1923788646684,""right"":740,""bottom"":205.1923788646684,""left"":660},{""x"":850,""y"":425,""width"":80,""height"":80,""top"":385,""right"":890,""bottom"":465,""left"":810},{""x"":700,""y"":684.8076211353316,""width"":80,""height"":80,""top"":644.8076211353316,""right"":740,""bottom"":724.8076211353316,""left"":660},{""x"":400,""y"":684.8076211353316,""width"":80,""height"":80,""top"":644.8076211353316,""right"":440,""bottom"":724.8076211353316,""left"":360}]","{""#container"":{""x"":410,""y"":129.390625,""width"":1100,""height"":850,""top"":129.390625,""right"":1510,""bottom"":979.390625,""left"":410}}","[{'blue': 22}, {'green': 0}, {'red': 0}, {'yellow': 0}, {'purple': 0}, {'cyan': 3}]",,blue
188,,,,745.0,1.0,1.0,"[""red"",""green"",""cyan"",""purple"",""blue"",""yellow""]",yellow_1,True,"[{""x"":764,""y"":676,""t"":1},{""x"":765,""y"":666,""t"":35},{""x"":768,""y"":656,""t"":71},{""x"":755,""y"":653,""t"":104},{""x"":702,""y"":629,""t"":137},{""x"":692,""y"":616,""t"":173},{""x"":645,""y"":597,""t"":205},{""x"":626,""y"":577,""t"":239},{""x"":632,""y"":584,""t"":273},{""x"":655,""y"":592,""t"":310},{""x"":602,""y"":601,""t"":355},{""x"":551,""y"":567,""t"":375},{""x"":495,""y"":535,""t"":417},{""x"":480,""y"":540,""t"":445},{""x"":442,""y"":530,""t"":479},{""x"":463,""y"":569,""t"":526},{""x"":436,""y"":578,""t"":547},{""x"":448,""y"":625,""t"":588},{""x"":427,""y"":605,""t"":614},{""x"":452,""y"":651,""t"":653},{""x"":503,""y"":677,""t"":682},{""x"":497,""y"":678,""t"":730},{""x"":475,""y"":648,""t"":749},{""x"":517,""y"":672,""t"":795},{""x"":528,""y"":645,""t"":817},{""x"":571,""y"":700,""t"":856},{""x"":535,""y"":663,""t"":887},{""x"":561,""y"":681,""t"":934},{""x"":534,""y"":657,""t"":954},{""x"":544,""y"":635,""t"":998},{""x"":535,""y"":624,""t"":1022},{""x"":549,""y"":617,""t"":1061},{""x"":579,""y"":638,""t"":1092},{""x"":623,""y"":657,""t"":1125},{""x"":568,""y"":618,""t"":1173},{""x"":637,""y"":646,""t"":1194},{""x"":665,""y"":660,""t"":1237},{""x"":691,""y"":673,""t"":1261},{""x"":631,""y"":633,""t"":1294},{""x"":633,""y"":658,""t"":1332},{""x"":659,""y"":676,""t"":1361},{""x"":602,""y"":642,""t"":1397},{""x"":664,""y"":647,""t"":1443},{""x"":639,""y"":635,""t"":1462},{""x"":598,""y"":617,""t"":1507},{""x"":614,""y"":608,""t"":1532},{""x"":604,""y"":597,""t"":1570},{""x"":604,""y"":601,""t"":1600},{""x"":644,""y"":644,""t"":1634},{""x"":596,""y"":623,""t"":1683},{""x"":590,""y"":661,""t"":1700},{""x"":606,""y"":699,""t"":1746},{""x"":554,""y"":651,""t"":1769},{""x"":574,""y"":665,""t"":1810},{""x"":596,""y"":680,""t"":1837},{""x"":551,""y"":638,""t"":1870},{""x"":588,""y"":657,""t"":1918},{""x"":548,""y"":627,""t"":1941},{""x"":526,""y"":605,""t"":1980}]","[{""x"":250,""y"":425,""width"":80,""height"":80,""top"":385,""right"":290,""bottom"":465,""left"":210},{""x"":400,""y"":165.1923788646684,""width"":80,""height"":80,""top"":125.1923788646684,""right"":440,""bottom"":205.1923788646684,""left"":360},{""x"":700,""y"":165.1923788646684,""width"":80,""height"":80,""top"":125.1923788646684,""right"":740,""bottom"":205.1923788646684,""left"":660},{""x"":850,""y"":425,""width"":80,""height"":80,""top"":385,""right"":890,""bottom"":465,""left"":810},{""x"":700,""y"":684.8076211353316,""width"":80,""height"":80,""top"":644.8076211353316,""right"":740,""bottom"":724.8076211353316,""left"":660},{""x"":400,""y"":684.8076211353316,""width"":80,""height"":80,""top"":644.8076211353316,""right"":440,""bottom"":724.8076211353316,""left"":360}]","{""#container"":{""x"":410,""y"":129.390625,""width"":1100,""height"":850,""top"":129.390625,""right"":1510,""bottom"":979.390625,""left"":410}}","[{'red': 39}, {'green': 0}, {'cyan': 0}, {'purple': 0}, {'blue': 0}, {'yellow': 1}]",{'yellow_1': 1},red
189,,,,1173.0,7.0,7.0,"[""blue"",""cyan"",""yellow"",""red"",""purple"",""green""]",cyan_1,True,"[{""x"":581,""y"":638,""t"":1},{""x"":557,""y"":630,""t"":37},{""x"":573,""y"":642,""t"":69},{""x"":647,""y"":662,""t"":103},{""x"":685,""y"":696,""t"":140},{""x"":716,""y"":717,""t"":171},{""x"":718,""y"":741,""t"":205},{""x"":738,""y"":762,""t"":241},{""x"":666,""y"":724,""t"":274},{""x"":683,""y"":744,""t"":308},{""x"":698,""y"":740,""t"":358},{""x"":699,""y"":757,""t"":375},{""x"":720,""y"":759,""t"":418},{""x"":741,""y"":788,""t"":443},{""x"":755,""y"":792,""t"":482},{""x"":702,""y"":758,""t"":513},{""x"":709,""y"":753,""t"":557},{""x"":715,""y"":749,""t"":580},{""x"":729,""y"":750,""t"":620},{""x"":720,""y"":752,""t"":648},{""x"":709,""y"":748,""t"":695},{""x"":715,""y"":749,""t"":717},{""x"":631,""y"":708,""t"":757},{""x"":647,""y"":721,""t"":783},{""x"":594,""y"":673,""t"":820},{""x"":595,""y"":699,""t"":854},{""x"":567,""y"":685,""t"":898},{""x"":603,""y"":707,""t"":919},{""x"":660,""y"":715,""t"":960},{""x"":688,""y"":727,""t"":986},{""x"":593,""y"":666,""t"":1023},{""x"":543,""y"":656,""t"":1070},{""x"":548,""y"":626,""t"":1088},{""x"":519,""y"":613,""t"":1130},{""x"":480,""y"":567,""t"":1160},{""x"":508,""y"":585,""t"":1194},{""x"":464,""y"":545,""t"":1226},{""x"":466,""y"":567,""t"":1273},{""x"":424,""y"":528,""t"":1295},{""x"":415,""y"":532,""t"":1335},{""x"":468,""y"":559,""t"":1362},{""x"":471,""y"":552,""t"":1399},{""x"":537,""y"":593,""t"":1429},{""x"":592,""y"":637,""t"":1475},{""x"":643,""y"":655,""t"":1496},{""x"":691,""y"":693,""t"":1539},{""x"":687,""y"":677,""t"":1565},{""x"":677,""y"":680,""t"":1601},{""x"":669,""y"":673,""t"":1635},{""x"":726,""y"":706,""t"":1681},{""x"":707,""y"":693,""t"":1702},{""x"":728,""y"":738,""t"":1746},{""x"":783,""y"":759,""t"":1769},{""x"":804,""y"":760,""t"":1807},{""x"":782,""y"":743,""t"":1839},{""x"":746,""y"":728,""t"":1885},{""x"":666,""y"":681,""t"":1905},{""x"":672,""y"":700,""t"":1948},{""x"":619,""y"":658,""t"":1974}]","[{""x"":250,""y"":425,""width"":80,""height"":80,""top"":385,""right"":290,""bottom"":465,""left"":210},{""x"":400,""y"":165.1923788646684,""width"":80,""height"":80,""top"":125.1923788646684,""right"":440,""bottom"":205.1923788646684,""left"":360},{""x"":700,""y"":165.1923788646684,""width"":80,""height"":80,""top"":125.1923788646684,""right"":740,""bottom"":205.1923788646684,""left"":660},{""x"":850,""y"":425,""width"":80,""height"":80,""top"":385,""right"":890,""bottom"":465,""left"":810},{""x"":700,""y"":684.8076211353316,""width"":80,""height"":80,""top"":644.8076211353316,""right"":740,""bottom"":724.8076211353316,""left"":660},{""x"":400,""y"":684.8076211353316,""width"":80,""height"":80,""top"":644.8076211353316,""right"":440,""bottom"":724.8076211353316,""left"":360}]","{""#container"":{""x"":410,""y"":129.390625,""width"":1100,""height"":850,""top"":129.390625,""right"":1510,""bottom"":979.390625,""left"":410}}","[{'blue': 19}, {'cyan': 0}, {'yellow': 0}, {'red': 0}, {'purple': 0}, {'green': 23}]",,green
190,,,,633.0,3.0,3.0,"[""blue"",""cyan"",""green"",""yellow"",""purple"",""red""]",purple_1,True,"[{""x"":689,""y"":695,""t"":1},{""x"":741,""y"":716,""t"":36},{""x"":745,""y"":731,""t"":69},{""x"":781,""y"":735,""t"":103},{""x"":758,""y"":741,""t"":139},{""x"":777,""y"":750,""t"":172},{""x"":732,""y"":735,""t"":205},{""x"":721,""y"":758,""t"":241},{""x"":764,""y"":749,""t"":273},{""x"":732,""y"":733,""t"":315},{""x"":752,""y"":731,""t"":343},{""x"":757,""y"":724,""t"":378},{""x"":769,""y"":719,""t"":409},{""x"":758,""y"":712,""t"":443},{""x"":755,""y"":700,""t"":493},{""x"":717,""y"":696,""t"":510},{""x"":705,""y"":706,""t"":555},{""x"":676,""y"":709,""t"":578},{""x"":676,""y"":745,""t"":617},{""x"":733,""y"":763,""t"":649},{""x"":739,""y"":784,""t"":681},{""x"":793,""y"":797,""t"":729},{""x"":816,""y"":812,""t"":751},{""x"":867,""y"":819,""t"":792},{""x"":909,""y"":824,""t"":816},{""x"":949,""y"":823,""t"":855},{""x"":940,""y"":802,""t"":888},{""x"":922,""y"":783,""t"":933},{""x"":912,""y"":761,""t"":953},{""x"":898,""y"":729,""t"":996},{""x"":882,""y"":716,""t"":1021},{""x"":857,""y"":701,""t"":1056},{""x"":804,""y"":699,""t"":1104},{""x"":800,""y"":697,""t"":1124},{""x"":800,""y"":672,""t"":1166},{""x"":798,""y"":664,""t"":1193},{""x"":783,""y"":652,""t"":1228},{""x"":780,""y"":644,""t"":1260},{""x"":802,""y"":615,""t"":1308},{""x"":846,""y"":651,""t"":1327},{""x"":883,""y"":661,""t"":1367},{""x"":913,""y"":689,""t"":1397},{""x"":918,""y"":707,""t"":1430},{""x"":896,""y"":735,""t"":1477},{""x"":870,""y"":720,""t"":1496},{""x"":843,""y"":733,""t"":1541},{""x"":875,""y"":730,""t"":1565},{""x"":887,""y"":731,""t"":1604},{""x"":876,""y"":702,""t"":1633},{""x"":867,""y"":709,""t"":1683},{""x"":865,""y"":694,""t"":1701},{""x"":868,""y"":688,""t"":1742},{""x"":855,""y"":678,""t"":1771},{""x"":851,""y"":676,""t"":1805},{""x"":837,""y"":664,""t"":1838},{""x"":864,""y"":649,""t"":1884},{""x"":883,""y"":641,""t"":1905},{""x"":882,""y"":650,""t"":1945},{""x"":880,""y"":658,""t"":1973}]","[{""x"":250,""y"":425,""width"":80,""height"":80,""top"":385,""right"":290,""bottom"":465,""left"":210},{""x"":400,""y"":165.1923788646684,""width"":80,""height"":80,""top"":125.1923788646684,""right"":440,""bottom"":205.1923788646684,""left"":360},{""x"":700,""y"":165.1923788646684,""width"":80,""height"":80,""top"":125.1923788646684,""right"":740,""bottom"":205.1923788646684,""left"":660},{""x"":850,""y"":425,""width"":80,""height"":80,""top"":385,""right"":890,""bottom"":465,""left"":810},{""x"":700,""y"":684.8076211353316,""width"":80,""height"":80,""top"":644.8076211353316,""right"":740,""bottom"":724.8076211353316,""left"":660},{""x"":400,""y"":684.8076211353316,""width"":80,""height"":80,""top"":644.8076211353316,""right"":440,""bottom"":724.8076211353316,""left"":360}]","{""#container"":{""x"":410,""y"":129.390625,""width"":1100,""height"":850,""top"":129.390625,""right"":1510,""bottom"":979.390625,""left"":410}}","[{'blue': 2}, {'cyan': 0}, {'green': 0}, {'yellow': 0}, {'purple': 0}, {'red': 41}]",,red
191,,,,816.0,6.0,6.0,"[""yellow"",""blue"",""purple"",""cyan"",""red"",""green""]",cyan_1,True,"[{""x"":907,""y"":695,""t"":2},{""x"":919,""y"":708,""t"":36},{""x"":918,""y"":731,""t"":70},{""x"":904,""y"":736,""t"":104},{""x"":902,""y"":735,""t"":137},{""x"":901,""y"":759,""t"":171},{""x"":879,""y"":764,""t"":207},{""x"":891,""y"":771,""t"":239},{""x"":896,""y"":774,""t"":273},{""x"":895,""y"":780,""t"":310},{""x"":901,""y"":769,""t"":342},{""x"":866,""y"":771,""t"":388},{""x"":835,""y"":777,""t"":412},{""x"":789,""y"":772,""t"":452},{""x"":768,""y"":773,""t"":477},{""x"":779,""y"":772,""t"":516},{""x"":768,""y"":769,""t"":545},{""x"":753,""y"":769,""t"":593},{""x"":782,""y"":757,""t"":614},{""x"":763,""y"":755,""t"":655},{""x"":766,""y"":748,""t"":681},{""x"":777,""y"":745,""t"":718},{""x"":787,""y"":749,""t"":763},{""x"":799,""y"":767,""t"":783},{""x"":784,""y"":783,""t"":826},{""x"":770,""y"":796,""t"":851},{""x"":766,""y"":800,""t"":890},{""x"":790,""y"":795,""t"":920},{""x"":772,""y"":773,""t"":969},{""x"":793,""y"":756,""t"":986},{""x"":810,""y"":743,""t"":1032},{""x"":818,""y"":737,""t"":1055},{""x"":833,""y"":724,""t"":1092},{""x"":818,""y"":712,""t"":1123},{""x"":798,""y"":715,""t"":1172},{""x"":798,""y"":699,""t"":1191},{""x"":778,""y"":700,""t"":1233},{""x"":769,""y"":705,""t"":1260},{""x"":774,""y"":718,""t"":1293},{""x"":821,""y"":743,""t"":1342},{""x"":855,""y"":768,""t"":1361},{""x"":881,""y"":812,""t"":1406},{""x"":938,""y"":828,""t"":1428},{""x"":953,""y"":826,""t"":1468},{""x"":966,""y"":826,""t"":1496},{""x"":961,""y"":823,""t"":1532},{""x"":954,""y"":812,""t"":1582},{""x"":941,""y"":809,""t"":1600},{""x"":923,""y"":806,""t"":1644},{""x"":924,""y"":789,""t"":1669},{""x"":907,""y"":788,""t"":1702},{""x"":887,""y"":788,""t"":1740},{""x"":852,""y"":784,""t"":1771},{""x"":844,""y"":777,""t"":1804},{""x"":835,""y"":787,""t"":1852},{""x"":824,""y"":790,""t"":1873},{""x"":817,""y"":790,""t"":1916},{""x"":808,""y"":797,""t"":1939},{""x"":818,""y"":794,""t"":1982}]","[{""x"":250,""y"":425,""width"":80,""height"":80,""top"":385,""right"":290,""bottom"":465,""left"":210},{""x"":400,""y"":165.1923788646684,""width"":80,""height"":80,""top"":125.1923788646684,""right"":440,""bottom"":205.1923788646684,""left"":360},{""x"":700,""y"":165.1923788646684,""width"":80,""height"":80,""top"":125.1923788646684,""right"":740,""bottom"":205.1923788646684,""left"":660},{""x"":850,""y"":425,""width"":80,""height"":80,""top"":385,""right"":890,""bottom"":465,""left"":810},{""x"":700,""y"":684.8076211353316,""width"":80,""height"":80,""top"":644.8076211353316,""right"":740,""bottom"":724.8076211353316,""left"":660},{""x"":400,""y"":684.8076211353316,""width"":80,""height"":80,""top"":644.8076211353316,""right"":440,""bottom"":724.8076211353316,""left"":360}]","{""#container"":{""x"":410,""y"":129.390625,""width"":1100,""height"":850,""top"":129.390625,""right"":1510,""bottom"":979.390625,""left"":410}}","[{'yellow': 0}, {'blue': 0}, {'purple': 0}, {'cyan': 0}, {'red': 2}, {'green': 55}]",,green
192,,,,686.0,3.0,3.0,"[""blue"",""cyan"",""purple"",""red"",""green"",""yellow""]",green_1,True,"[{""x"":789,""y"":768,""t"":1},{""x"":740,""y"":748,""t"":35},{""x"":761,""y"":744,""t"":71},{""x"":762,""y"":748,""t"":104},{""x"":726,""y"":739,""t"":138},{""x"":697,""y"":732,""t"":173},{""x"":665,""y"":723,""t"":206},{""x"":672,""y"":723,""t"":240},{""x"":719,""y"":724,""t"":284},{""x"":735,""y"":724,""t"":308},{""x"":741,""y"":729,""t"":347},{""x"":775,""y"":732,""t"":377},{""x"":791,""y"":734,""t"":410},{""x"":789,""y"":737,""t"":458},{""x"":765,""y"":744,""t"":479},{""x"":814,""y"":760,""t"":521},{""x"":873,""y"":764,""t"":544},{""x"":886,""y"":793,""t"":582},{""x"":937,""y"":799,""t"":615},{""x"":924,""y"":809,""t"":661},{""x"":875,""y"":811,""t"":681},{""x"":804,""y"":799,""t"":725},{""x"":742,""y"":787,""t"":748},{""x"":681,""y"":772,""t"":785},{""x"":693,""y"":784,""t"":817},{""x"":705,""y"":794,""t"":862},{""x"":695,""y"":798,""t"":887},{""x"":661,""y"":789,""t"":926},{""x"":634,""y"":781,""t"":953},{""x"":660,""y"":772,""t"":1002},{""x"":705,""y"":767,""t"":1021},{""x"":745,""y"":763,""t"":1067},{""x"":777,""y"":754,""t"":1089},{""x"":814,""y"":740,""t"":1128},{""x"":783,""y"":731,""t"":1159},{""x"":762,""y"":718,""t"":1206},{""x"":739,""y"":719,""t"":1225},{""x"":751,""y"":721,""t"":1270},{""x"":768,""y"":719,""t"":1294},{""x"":786,""y"":725,""t"":1332},{""x"":790,""y"":716,""t"":1363},{""x"":753,""y"":707,""t"":1408},{""x"":719,""y"":679,""t"":1429},{""x"":700,""y"":708,""t"":1472},{""x"":654,""y"":701,""t"":1498},{""x"":663,""y"":726,""t"":1532},{""x"":689,""y"":754,""t"":1581},{""x"":722,""y"":767,""t"":1599},{""x"":737,""y"":788,""t"":1642},{""x"":763,""y"":797,""t"":1669},{""x"":781,""y"":816,""t"":1705},{""x"":814,""y"":825,""t"":1735},{""x"":846,""y"":825,""t"":1784},{""x"":874,""y"":819,""t"":1803},{""x"":886,""y"":812,""t"":1845},{""x"":894,""y"":806,""t"":1871},{""x"":893,""y"":804,""t"":1910},{""x"":907,""y"":799,""t"":1940},{""x"":909,""y"":796,""t"":1988}]","[{""x"":250,""y"":425,""width"":80,""height"":80,""top"":385,""right"":290,""bottom"":465,""left"":210},{""x"":400,""y"":165.1923788646684,""width"":80,""height"":80,""top"":125.1923788646684,""right"":440,""bottom"":205.1923788646684,""left"":360},{""x"":700,""y"":165.1923788646684,""width"":80,""height"":80,""top"":125.1923788646684,""right"":740,""bottom"":205.1923788646684,""left"":660},{""x"":850,""y"":425,""width"":80,""height"":80,""top"":385,""right"":890,""bottom"":465,""left"":810},{""x"":700,""y"":684.8076211353316,""width"":80,""height"":80,""top"":644.8076211353316,""right"":740,""bottom"":724.8076211353316,""left"":660},{""x"":400,""y"":684.8076211353316,""width"":80,""height"":80,""top"":644.8076211353316,""right"":440,""bottom"":724.8076211353316,""left"":360}]","{""#container"":{""x"":410,""y"":129.390625,""width"":1100,""height"":850,""top"":129.390625,""right"":1510,""bottom"":979.390625,""left"":410}}","[{'blue': 2}, {'cyan': 0}, {'purple': 0}, {'red': 0}, {'green': 0}, {'yellow': 50}]",,yellow
193,,,,639.0,6.0,6.0,"[""yellow"",""cyan"",""green"",""red"",""blue"",""purple""]",red_1,True,"[{""x"":927,""y"":770,""t"":3},{""x"":936,""y"":748,""t"":36},{""x"":943,""y"":728,""t"":69},{""x"":953,""y"":713,""t"":105},{""x"":961,""y"":701,""t"":136},{""x"":962,""y"":688,""t"":171},{""x"":986,""y"":687,""t"":205},{""x"":969,""y"":682,""t"":241},{""x"":960,""y"":674,""t"":273},{""x"":945,""y"":670,""t"":312},{""x"":939,""y"":688,""t"":343},{""x"":921,""y"":700,""t"":375},{""x"":962,""y"":718,""t"":422},{""x"":942,""y"":705,""t"":445},{""x"":923,""y"":679,""t"":485},{""x"":916,""y"":677,""t"":511},{""x"":888,""y"":682,""t"":550},{""x"":913,""y"":689,""t"":579},{""x"":932,""y"":693,""t"":626},{""x"":919,""y"":693,""t"":649},{""x"":946,""y"":692,""t"":689},{""x"":923,""y"":695,""t"":716},{""x"":914,""y"":693,""t"":752},{""x"":908,""y"":706,""t"":798},{""x"":897,""y"":722,""t"":816},{""x"":901,""y"":727,""t"":861},{""x"":863,""y"":761,""t"":884},{""x"":863,""y"":732,""t"":926},{""x"":814,""y"":734,""t"":953},{""x"":807,""y"":726,""t"":988},{""x"":754,""y"":720,""t"":1038},{""x"":756,""y"":708,""t"":1054},{""x"":746,""y"":704,""t"":1100},{""x"":733,""y"":702,""t"":1122},{""x"":729,""y"":718,""t"":1163},{""x"":732,""y"":725,""t"":1190},{""x"":725,""y"":728,""t"":1229},{""x"":764,""y"":709,""t"":1259},{""x"":724,""y"":716,""t"":1306},{""x"":690,""y"":721,""t"":1326},{""x"":723,""y"":724,""t"":1371},{""x"":765,""y"":735,""t"":1395},{""x"":801,""y"":743,""t"":1432},{""x"":816,""y"":733,""t"":1463},{""x"":824,""y"":730,""t"":1499},{""x"":786,""y"":739,""t"":1545},{""x"":740,""y"":740,""t"":1565},{""x"":717,""y"":743,""t"":1611},{""x"":771,""y"":725,""t"":1633},{""x"":795,""y"":720,""t"":1672},{""x"":826,""y"":726,""t"":1703},{""x"":856,""y"":719,""t"":1735},{""x"":894,""y"":721,""t"":1782},{""x"":929,""y"":727,""t"":1803},{""x"":953,""y"":748,""t"":1847},{""x"":968,""y"":754,""t"":1872},{""x"":974,""y"":752,""t"":1907},{""x"":987,""y"":754,""t"":1954},{""x"":992,""y"":756,""t"":1973}]","[{""x"":250,""y"":425,""width"":80,""height"":80,""top"":385,""right"":290,""bottom"":465,""left"":210},{""x"":400,""y"":165.1923788646684,""width"":80,""height"":80,""top"":125.1923788646684,""right"":440,""bottom"":205.1923788646684,""left"":360},{""x"":700,""y"":165.1923788646684,""width"":80,""height"":80,""top"":125.1923788646684,""right"":740,""bottom"":205.1923788646684,""left"":660},{""x"":850,""y"":425,""width"":80,""height"":80,""top"":385,""right"":890,""bottom"":465,""left"":810},{""x"":700,""y"":684.8076211353316,""width"":80,""height"":80,""top"":644.8076211353316,""right"":740,""bottom"":724.8076211353316,""left"":660},{""x"":400,""y"":684.8076211353316,""width"":80,""height"":80,""top"":644.8076211353316,""right"":440,""bottom"":724.8076211353316,""left"":360}]","{""#container"":{""x"":410,""y"":129.390625,""width"":1100,""height"":850,""top"":129.390625,""right"":1510,""bottom"":979.390625,""left"":410}}","[{'yellow': 0}, {'cyan': 0}, {'green': 0}, {'red': 0}, {'blue': 3}, {'purple': 32}]",,purple
194,,,,738.0,4.0,4.0,"[""red"",""blue"",""cyan"",""green"",""yellow"",""purple""]",red_1,True,"[{""x"":984,""y"":743,""t"":1},{""x"":945,""y"":740,""t"":36},{""x"":953,""y"":725,""t"":69},{""x"":921,""y"":729,""t"":104},{""x"":934,""y"":730,""t"":139},{""x"":895,""y"":731,""t"":171},{""x"":889,""y"":723,""t"":205},{""x"":854,""y"":726,""t"":238},{""x"":848,""y"":720,""t"":275},{""x"":861,""y"":714,""t"":312},{""x"":896,""y"":695,""t"":341},{""x"":903,""y"":706,""t"":390},{""x"":871,""y"":704,""t"":411},{""x"":830,""y"":703,""t"":452},{""x"":799,""y"":702,""t"":477},{""x"":768,""y"":715,""t"":517},{""x"":760,""y"":724,""t"":545},{""x"":783,""y"":732,""t"":594},{""x"":833,""y"":728,""t"":615},{""x"":856,""y"":718,""t"":656},{""x"":893,""y"":706,""t"":681},{""x"":919,""y"":713,""t"":720},{""x"":944,""y"":710,""t"":749},{""x"":923,""y"":720,""t"":797},{""x"":898,""y"":718,""t"":819},{""x"":836,""y"":714,""t"":859},{""x"":795,""y"":717,""t"":885},{""x"":776,""y"":708,""t"":923},{""x"":768,""y"":719,""t"":953},{""x"":721,""y"":730,""t"":999},{""x"":726,""y"":739,""t"":1023},{""x"":740,""y"":734,""t"":1062},{""x"":745,""y"":747,""t"":1089},{""x"":764,""y"":753,""t"":1126},{""x"":758,""y"":739,""t"":1158},{""x"":764,""y"":749,""t"":1203},{""x"":793,""y"":768,""t"":1227},{""x"":792,""y"":774,""t"":1266},{""x"":803,""y"":769,""t"":1293},{""x"":814,""y"":767,""t"":1330},{""x"":852,""y"":748,""t"":1375},{""x"":889,""y"":730,""t"":1394},{""x"":904,""y"":728,""t"":1438},{""x"":888,""y"":736,""t"":1465},{""x"":902,""y"":744,""t"":1500},{""x"":880,""y"":742,""t"":1530},{""x"":878,""y"":745,""t"":1579},{""x"":875,""y"":752,""t"":1599},{""x"":866,""y"":762,""t"":1642},{""x"":860,""y"":762,""t"":1666},{""x"":875,""y"":758,""t"":1703},{""x"":894,""y"":755,""t"":1734},{""x"":893,""y"":740,""t"":1784},{""x"":912,""y"":714,""t"":1806},{""x"":927,""y"":692,""t"":1845},{""x"":956,""y"":687,""t"":1871},{""x"":963,""y"":693,""t"":1909},{""x"":973,""y"":691,""t"":1939},{""x"":977,""y"":692,""t"":1989}]","[{""x"":250,""y"":425,""width"":80,""height"":80,""top"":385,""right"":290,""bottom"":465,""left"":210},{""x"":400,""y"":165.1923788646684,""width"":80,""height"":80,""top"":125.1923788646684,""right"":440,""bottom"":205.1923788646684,""left"":360},{""x"":700,""y"":165.1923788646684,""width"":80,""height"":80,""top"":125.1923788646684,""right"":740,""bottom"":205.1923788646684,""left"":660},{""x"":850,""y"":425,""width"":80,""height"":80,""top"":385,""right"":890,""bottom"":465,""left"":810},{""x"":700,""y"":684.8076211353316,""width"":80,""height"":80,""top"":644.8076211353316,""right"":740,""bottom"":724.8076211353316,""left"":660},{""x"":400,""y"":684.8076211353316,""width"":80,""height"":80,""top"":644.8076211353316,""right"":440,""bottom"":724.8076211353316,""left"":360}]","{""#container"":{""x"":410,""y"":129.390625,""width"":1100,""height"":850,""top"":129.390625,""right"":1510,""bottom"":979.390625,""left"":410}}","[{'red': 0}, {'blue': 0}, {'cyan': 0}, {'green': 0}, {'yellow': 1}, {'purple': 50}]",,purple
195,,,,811.0,9.0,9.0,"[""red"",""blue"",""green"",""cyan"",""yellow"",""purple""]",green,True,"[{""x"":1005,""y"":677,""t"":1},{""x"":1037,""y"":687,""t"":35},{""x"":1048,""y"":678,""t"":71},{""x"":1072,""y"":689,""t"":103},{""x"":1101,""y"":736,""t"":137},{""x"":1095,""y"":719,""t"":173},{""x"":1086,""y"":711,""t"":205},{""x"":1066,""y"":695,""t"":239},{""x"":1057,""y"":691,""t"":275},{""x"":1041,""y"":693,""t"":310},{""x"":1027,""y"":696,""t"":341},{""x"":989,""y"":691,""t"":388},{""x"":946,""y"":689,""t"":409},{""x"":919,""y"":685,""t"":453},{""x"":897,""y"":682,""t"":477},{""x"":880,""y"":674,""t"":515},{""x"":873,""y"":666,""t"":545},{""x"":843,""y"":659,""t"":579},{""x"":828,""y"":666,""t"":628},{""x"":835,""y"":683,""t"":648},{""x"":926,""y"":693,""t"":690},{""x"":990,""y"":716,""t"":716},{""x"":1045,""y"":734,""t"":753},{""x"":1091,""y"":757,""t"":785},{""x"":1134,""y"":792,""t"":817},{""x"":1156,""y"":791,""t"":865},{""x"":1117,""y"":782,""t"":888},{""x"":1136,""y"":773,""t"":930},{""x"":1149,""y"":772,""t"":953},{""x"":1159,""y"":768,""t"":995},{""x"":1159,""y"":772,""t"":1021},{""x"":1161,""y"":785,""t"":1055},{""x"":1127,""y"":785,""t"":1104},{""x"":1094,""y"":763,""t"":1125},{""x"":1062,""y"":747,""t"":1166},{""x"":1035,""y"":734,""t"":1191},{""x"":1002,""y"":716,""t"":1232},{""x"":977,""y"":707,""t"":1260},{""x"":924,""y"":692,""t"":1308},{""x"":929,""y"":698,""t"":1330},{""x"":916,""y"":697,""t"":1371},{""x"":920,""y"":693,""t"":1396},{""x"":933,""y"":692,""t"":1435},{""x"":971,""y"":700,""t"":1463},{""x"":1015,""y"":713,""t"":1512},{""x"":1001,""y"":702,""t"":1531},{""x"":1038,""y"":714,""t"":1577},{""x"":1065,""y"":719,""t"":1600},{""x"":1073,""y"":730,""t"":1637},{""x"":1116,""y"":741,""t"":1669},{""x"":1141,""y"":767,""t"":1715},{""x"":1158,""y"":778,""t"":1735},{""x"":1174,""y"":818,""t"":1778},{""x"":1175,""y"":824,""t"":1805},{""x"":1177,""y"":840,""t"":1839},{""x"":1189,""y"":837,""t"":1871},{""x"":1189,""y"":829,""t"":1918},{""x"":1195,""y"":818,""t"":1939},{""x"":1207,""y"":819,""t"":1980}]","[{""x"":250,""y"":425,""width"":80,""height"":80,""top"":385,""right"":290,""bottom"":465,""left"":210},{""x"":400,""y"":165.1923788646684,""width"":80,""height"":80,""top"":125.1923788646684,""right"":440,""bottom"":205.1923788646684,""left"":360},{""x"":700,""y"":165.1923788646684,""width"":80,""height"":80,""top"":125.1923788646684,""right"":740,""bottom"":205.1923788646684,""left"":660},{""x"":850,""y"":425,""width"":80,""height"":80,""top"":385,""right"":890,""bottom"":465,""left"":810},{""x"":700,""y"":684.8076211353316,""width"":80,""height"":80,""top"":644.8076211353316,""right"":740,""bottom"":724.8076211353316,""left"":660},{""x"":400,""y"":684.8076211353316,""width"":80,""height"":80,""top"":644.8076211353316,""right"":440,""bottom"":724.8076211353316,""left"":360}]","{""#container"":{""x"":410,""y"":129.390625,""width"":1100,""height"":850,""top"":129.390625,""right"":1510,""bottom"":979.390625,""left"":410}}","[{'red': 0}, {'blue': 0}, {'green': 0}, {'cyan': 0}, {'yellow': 39}, {'purple': 2}]",,yellow
196,,,,1370.0,4.0,4.0,"[""yellow"",""cyan"",""green"",""purple"",""blue"",""red""]",yellow_1,True,"[{""x"":1201,""y"":839,""t"":1},{""x"":1184,""y"":846,""t"":37},{""x"":1175,""y"":848,""t"":69},{""x"":1167,""y"":824,""t"":104},{""x"":1167,""y"":810,""t"":139},{""x"":1173,""y"":797,""t"":172},{""x"":1174,""y"":798,""t"":206},{""x"":1172,""y"":804,""t"":241},{""x"":1171,""y"":809,""t"":273},{""x"":1172,""y"":817,""t"":310},{""x"":1163,""y"":812,""t"":342},{""x"":1084,""y"":813,""t"":390},{""x"":1029,""y"":819,""t"":409},{""x"":977,""y"":803,""t"":451},{""x"":940,""y"":786,""t"":477},{""x"":915,""y"":798,""t"":514},{""x"":902,""y"":800,""t"":547},{""x"":895,""y"":810,""t"":593},{""x"":873,""y"":776,""t"":613},{""x"":895,""y"":751,""t"":656},{""x"":910,""y"":768,""t"":681},{""x"":940,""y"":778,""t"":717},{""x"":941,""y"":769,""t"":764},{""x"":969,""y"":790,""t"":785},{""x"":1022,""y"":814,""t"":827},{""x"":1024,""y"":801,""t"":852},{""x"":1030,""y"":786,""t"":890},{""x"":1059,""y"":770,""t"":920},{""x"":1065,""y"":773,""t"":968},{""x"":1071,""y"":770,""t"":987},{""x"":1060,""y"":796,""t"":1031},{""x"":1032,""y"":755,""t"":1055},{""x"":1000,""y"":771,""t"":1092},{""x"":965,""y"":746,""t"":1125},{""x"":937,""y"":729,""t"":1170},{""x"":921,""y"":709,""t"":1192},{""x"":902,""y"":696,""t"":1234},{""x"":910,""y"":706,""t"":1260},{""x"":942,""y"":710,""t"":1297},{""x"":978,""y"":730,""t"":1329},{""x"":997,""y"":731,""t"":1375},{""x"":1043,""y"":709,""t"":1395},{""x"":1059,""y"":724,""t"":1438},{""x"":1069,""y"":720,""t"":1463},{""x"":1090,""y"":719,""t"":1499},{""x"":1116,""y"":702,""t"":1547},{""x"":1131,""y"":715,""t"":1566},{""x"":1150,""y"":743,""t"":1608},{""x"":1149,""y"":761,""t"":1635},{""x"":1144,""y"":772,""t"":1672},{""x"":1119,""y"":777,""t"":1701},{""x"":1105,""y"":806,""t"":1738},{""x"":1103,""y"":783,""t"":1784},{""x"":1118,""y"":815,""t"":1803},{""x"":1118,""y"":793,""t"":1848},{""x"":1118,""y"":774,""t"":1871},{""x"":1102,""y"":773,""t"":1909},{""x"":1080,""y"":763,""t"":1939},{""x"":1072,""y"":765,""t"":1975}]","[{""x"":250,""y"":425,""width"":80,""height"":80,""top"":385,""right"":290,""bottom"":465,""left"":210},{""x"":400,""y"":165.1923788646684,""width"":80,""height"":80,""top"":125.1923788646684,""right"":440,""bottom"":205.1923788646684,""left"":360},{""x"":700,""y"":165.1923788646684,""width"":80,""height"":80,""top"":125.1923788646684,""right"":740,""bottom"":205.1923788646684,""left"":660},{""x"":850,""y"":425,""width"":80,""height"":80,""top"":385,""right"":890,""bottom"":465,""left"":810},{""x"":700,""y"":684.8076211353316,""width"":80,""height"":80,""top"":644.8076211353316,""right"":740,""bottom"":724.8076211353316,""left"":660},{""x"":400,""y"":684.8076211353316,""width"":80,""height"":80,""top"":644.8076211353316,""right"":440,""bottom"":724.8076211353316,""left"":360}]","{""#container"":{""x"":410,""y"":129.390625,""width"":1100,""height"":850,""top"":129.390625,""right"":1510,""bottom"":979.390625,""left"":410}}","[{'yellow': 0}, {'cyan': 0}, {'green': 0}, {'purple': 0}, {'blue': 43}, {'red': 11}]",,blue
197,,,,745.0,6.0,6.0,"[""red"",""purple"",""cyan"",""blue"",""green"",""yellow""]",blue_1,True,"[{""x"":1035,""y"":742,""t"":1},{""x"":1010,""y"":763,""t"":35},{""x"":989,""y"":781,""t"":69},{""x"":969,""y"":772,""t"":105},{""x"":960,""y"":770,""t"":137},{""x"":946,""y"":766,""t"":172},{""x"":954,""y"":757,""t"":207},{""x"":954,""y"":775,""t"":239},{""x"":956,""y"":780,""t"":273},{""x"":958,""y"":766,""t"":312},{""x"":967,""y"":768,""t"":341},{""x"":956,""y"":785,""t"":390},{""x"":954,""y"":799,""t"":411},{""x"":944,""y"":776,""t"":454},{""x"":945,""y"":788,""t"":477},{""x"":946,""y"":778,""t"":517},{""x"":969,""y"":810,""t"":545},{""x"":975,""y"":815,""t"":582},{""x"":992,""y"":796,""t"":626},{""x"":1003,""y"":795,""t"":647},{""x"":1008,""y"":792,""t"":691},{""x"":1011,""y"":793,""t"":715},{""x"":1014,""y"":788,""t"":753},{""x"":1021,""y"":800,""t"":782},{""x"":1017,""y"":786,""t"":833},{""x"":1021,""y"":771,""t"":851},{""x"":1025,""y"":741,""t"":895},{""x"":1039,""y"":731,""t"":921},{""x"":1046,""y"":727,""t"":957},{""x"":1077,""y"":749,""t"":988},{""x"":1120,""y"":768,""t"":1037},{""x"":1121,""y"":765,""t"":1055},{""x"":1166,""y"":789,""t"":1097},{""x"":1143,""y"":787,""t"":1125},{""x"":1148,""y"":812,""t"":1160},{""x"":1148,""y"":809,""t"":1192},{""x"":1156,""y"":826,""t"":1241},{""x"":1162,""y"":840,""t"":1258},{""x"":1160,""y"":836,""t"":1303},{""x"":1136,""y"":822,""t"":1328},{""x"":1141,""y"":804,""t"":1366},{""x"":1167,""y"":771,""t"":1395},{""x"":1158,""y"":779,""t"":1443},{""x"":1145,""y"":757,""t"":1463},{""x"":1154,""y"":778,""t"":1508},{""x"":1138,""y"":770,""t"":1531},{""x"":1139,""y"":773,""t"":1568},{""x"":1137,""y"":780,""t"":1601},{""x"":1163,""y"":788,""t"":1646},{""x"":1185,""y"":805,""t"":1667},{""x"":1189,""y"":821,""t"":1709},{""x"":1160,""y"":831,""t"":1737},{""x"":1158,""y"":839,""t"":1770},{""x"":1122,""y"":835,""t"":1817},{""x"":1119,""y"":840,""t"":1837},{""x"":1143,""y"":848,""t"":1882},{""x"":1146,""y"":838,""t"":1905},{""x"":1117,""y"":827,""t"":1941},{""x"":1112,""y"":826,""t"":1973}]","[{""x"":250,""y"":425,""width"":80,""height"":80,""top"":385,""right"":290,""bottom"":465,""left"":210},{""x"":400,""y"":165.1923788646684,""width"":80,""height"":80,""top"":125.1923788646684,""right"":440,""bottom"":205.1923788646684,""left"":360},{""x"":700,""y"":165.1923788646684,""width"":80,""height"":80,""top"":125.1923788646684,""right"":740,""bottom"":205.1923788646684,""left"":660},{""x"":850,""y"":425,""width"":80,""height"":80,""top"":385,""right"":890,""bottom"":465,""left"":810},{""x"":700,""y"":684.8076211353316,""width"":80,""height"":80,""top"":644.8076211353316,""right"":740,""bottom"":724.8076211353316,""left"":660},{""x"":400,""y"":684.8076211353316,""width"":80,""height"":80,""top"":644.8076211353316,""right"":440,""bottom"":724.8076211353316,""left"":360}]","{""#container"":{""x"":410,""y"":129.390625,""width"":1100,""height"":850,""top"":129.390625,""right"":1510,""bottom"":979.390625,""left"":410}}","[{'red': 0}, {'purple': 0}, {'cyan': 0}, {'blue': 0}, {'green': 47}, {'yellow': 8}]",,green
198,,,,702.0,6.0,6.0,"[""yellow"",""green"",""blue"",""red"",""cyan"",""purple""]",red,True,"[{""x"":1074,""y"":819,""t"":1},{""x"":1065,""y"":781,""t"":37},{""x"":1036,""y"":735,""t"":69},{""x"":1041,""y"":709,""t"":103},{""x"":1050,""y"":699,""t"":139},{""x"":1036,""y"":682,""t"":172},{""x"":1013,""y"":664,""t"":206},{""x"":1009,""y"":657,""t"":241},{""x"":1007,""y"":673,""t"":273},{""x"":999,""y"":664,""t"":310},{""x"":989,""y"":669,""t"":343},{""x"":1029,""y"":707,""t"":390},{""x"":1051,""y"":732,""t"":410},{""x"":1047,""y"":762,""t"":454},{""x"":1043,""y"":787,""t"":477},{""x"":1037,""y"":802,""t"":516},{""x"":1036,""y"":823,""t"":546},{""x"":1057,""y"":814,""t"":581},{""x"":1095,""y"":805,""t"":628},{""x"":1050,""y"":787,""t"":647},{""x"":1020,""y"":794,""t"":694},{""x"":1007,""y"":777,""t"":716},{""x"":966,""y"":771,""t"":756},{""x"":932,""y"":766,""t"":783},{""x"":957,""y"":782,""t"":820},{""x"":1004,""y"":793,""t"":867},{""x"":1021,""y"":794,""t"":885},{""x"":1013,""y"":784,""t"":932},{""x"":1014,""y"":769,""t"":954},{""x"":1022,""y"":755,""t"":994},{""x"":1035,""y"":755,""t"":1023},{""x"":1057,""y"":723,""t"":1058},{""x"":1096,""y"":736,""t"":1090},{""x"":1121,""y"":737,""t"":1139},{""x"":1128,""y"":732,""t"":1158},{""x"":1076,""y"":730,""t"":1202},{""x"":1027,""y"":732,""t"":1227},{""x"":1001,""y"":742,""t"":1266},{""x"":981,""y"":728,""t"":1294},{""x"":964,""y"":733,""t"":1331},{""x"":943,""y"":733,""t"":1361},{""x"":948,""y"":740,""t"":1408},{""x"":964,""y"":750,""t"":1431},{""x"":982,""y"":743,""t"":1470},{""x"":980,""y"":757,""t"":1498},{""x"":1005,""y"":764,""t"":1534},{""x"":1021,""y"":755,""t"":1580},{""x"":1037,""y"":766,""t"":1599},{""x"":1049,""y"":756,""t"":1644},{""x"":1059,""y"":748,""t"":1666},{""x"":1077,""y"":767,""t"":1706},{""x"":1069,""y"":745,""t"":1735},{""x"":1037,""y"":749,""t"":1785},{""x"":1032,""y"":761,""t"":1803},{""x"":1015,""y"":776,""t"":1847},{""x"":1001,""y"":788,""t"":1871},{""x"":989,""y"":797,""t"":1908},{""x"":982,""y"":802,""t"":1941},{""x"":972,""y"":785,""t"":1986}]","[{""x"":250,""y"":425,""width"":80,""height"":80,""top"":385,""right"":290,""bottom"":465,""left"":210},{""x"":400,""y"":165.1923788646684,""width"":80,""height"":80,""top"":125.1923788646684,""right"":440,""bottom"":205.1923788646684,""left"":360},{""x"":700,""y"":165.1923788646684,""width"":80,""height"":80,""top"":125.1923788646684,""right"":740,""bottom"":205.1923788646684,""left"":660},{""x"":850,""y"":425,""width"":80,""height"":80,""top"":385,""right"":890,""bottom"":465,""left"":810},{""x"":700,""y"":684.8076211353316,""width"":80,""height"":80,""top"":644.8076211353316,""right"":740,""bottom"":724.8076211353316,""left"":660},{""x"":400,""y"":684.8076211353316,""width"":80,""height"":80,""top"":644.8076211353316,""right"":440,""bottom"":724.8076211353316,""left"":360}]","{""#container"":{""x"":410,""y"":129.390625,""width"":1100,""height"":850,""top"":129.390625,""right"":1510,""bottom"":979.390625,""left"":410}}","[{'yellow': 0}, {'green': 0}, {'blue': 0}, {'red': 0}, {'cyan': 45}, {'purple': 1}]",,cyan
199,,,,774.0,3.0,3.0,"[""blue"",""red"",""green"",""yellow"",""cyan"",""purple""]",cyan,True,"[{""x"":992,""y"":777,""t"":1},{""x"":1000,""y"":781,""t"":36},{""x"":1014,""y"":767,""t"":71},{""x"":1025,""y"":754,""t"":103},{""x"":1029,""y"":742,""t"":137},{""x"":1036,""y"":733,""t"":173},{""x"":1048,""y"":730,""t"":205},{""x"":1043,""y"":738,""t"":238},{""x"":1044,""y"":738,""t"":273},{""x"":1051,""y"":735,""t"":312},{""x"":1045,""y"":737,""t"":341},{""x"":1002,""y"":740,""t"":389},{""x"":990,""y"":727,""t"":409},{""x"":979,""y"":709,""t"":454},{""x"":970,""y"":695,""t"":477},{""x"":930,""y"":698,""t"":516},{""x"":923,""y"":692,""t"":546},{""x"":937,""y"":708,""t"":595},{""x"":951,""y"":723,""t"":613},{""x"":949,""y"":735,""t"":655},{""x"":916,""y"":746,""t"":682},{""x"":879,""y"":749,""t"":720},{""x"":844,""y"":761,""t"":749},{""x"":815,""y"":776,""t"":797},{""x"":791,""y"":789,""t"":817},{""x"":787,""y"":805,""t"":861},{""x"":754,""y"":803,""t"":885},{""x"":728,""y"":801,""t"":922},{""x"":728,""y"":804,""t"":953},{""x"":769,""y"":804,""t"":1002},{""x"":806,""y"":804,""t"":1021},{""x"":889,""y"":811,""t"":1063},{""x"":958,""y"":815,""t"":1090},{""x"":1024,""y"":805,""t"":1127},{""x"":1096,""y"":813,""t"":1158},{""x"":1128,""y"":813,""t"":1205},{""x"":1165,""y"":832,""t"":1224},{""x"":1186,""y"":836,""t"":1269},{""x"":1158,""y"":816,""t"":1293},{""x"":1164,""y"":799,""t"":1330},{""x"":1181,""y"":799,""t"":1364},{""x"":1181,""y"":790,""t"":1408},{""x"":1180,""y"":776,""t"":1429},{""x"":1172,""y"":761,""t"":1472},{""x"":1160,""y"":769,""t"":1498},{""x"":1155,""y"":772,""t"":1533},{""x"":1139,""y"":755,""t"":1567},{""x"":1113,""y"":738,""t"":1612},{""x"":1052,""y"":719,""t"":1634},{""x"":1009,""y"":709,""t"":1676},{""x"":982,""y"":718,""t"":1702},{""x"":921,""y"":725,""t"":1737},{""x"":859,""y"":744,""t"":1786},{""x"":840,""y"":771,""t"":1804},{""x"":856,""y"":763,""t"":1848},{""x"":890,""y"":779,""t"":1873},{""x"":923,""y"":791,""t"":1912},{""x"":972,""y"":809,""t"":1939},{""x"":1004,""y"":805,""t"":1978}]","[{""x"":250,""y"":425,""width"":80,""height"":80,""top"":385,""right"":290,""bottom"":465,""left"":210},{""x"":400,""y"":165.1923788646684,""width"":80,""height"":80,""top"":125.1923788646684,""right"":440,""bottom"":205.1923788646684,""left"":360},{""x"":700,""y"":165.1923788646684,""width"":80,""height"":80,""top"":125.1923788646684,""right"":740,""bottom"":205.1923788646684,""left"":660},{""x"":850,""y"":425,""width"":80,""height"":80,""top"":385,""right"":890,""bottom"":465,""left"":810},{""x"":700,""y"":684.8076211353316,""width"":80,""height"":80,""top"":644.8076211353316,""right"":740,""bottom"":724.8076211353316,""left"":660},{""x"":400,""y"":684.8076211353316,""width"":80,""height"":80,""top"":644.8076211353316,""right"":440,""bottom"":724.8076211353316,""left"":360}]","{""#container"":{""x"":410,""y"":129.390625,""width"":1100,""height"":850,""top"":129.390625,""right"":1510,""bottom"":979.390625,""left"":410}}","[{'blue': 0}, {'red': 0}, {'green': 0}, {'yellow': 0}, {'cyan': 32}, {'purple': 19}]",{'cyan': 32},cyan
200,,,,730.0,9.0,9.0,"[""blue"",""red"",""purple"",""green"",""yellow"",""cyan""]",purple_1,True,"[{""x"":1012,""y"":803,""t"":1},{""x"":1034,""y"":791,""t"":35},{""x"":1026,""y"":780,""t"":71},{""x"":1026,""y"":773,""t"":103},{""x"":1012,""y"":771,""t"":137},{""x"":1000,""y"":752,""t"":173},{""x"":1000,""y"":737,""t"":205},{""x"":990,""y"":738,""t"":239},{""x"":982,""y"":734,""t"":275},{""x"":967,""y"":743,""t"":314},{""x"":954,""y"":750,""t"":340},{""x"":951,""y"":749,""t"":377},{""x"":952,""y"":752,""t"":411},{""x"":948,""y"":753,""t"":455},{""x"":933,""y"":749,""t"":477},{""x"":919,""y"":721,""t"":519},{""x"":898,""y"":683,""t"":547},{""x"":859,""y"":657,""t"":583},{""x"":852,""y"":631,""t"":613},{""x"":859,""y"":651,""t"":649},{""x"":861,""y"":683,""t"":695},{""x"":864,""y"":718,""t"":715},{""x"":855,""y"":733,""t"":761},{""x"":849,""y"":747,""t"":783},{""x"":845,""y"":757,""t"":823},{""x"":828,""y"":749,""t"":851},{""x"":824,""y"":750,""t"":901},{""x"":798,""y"":764,""t"":919},{""x"":771,""y"":753,""t"":962},{""x"":761,""y"":749,""t"":988},{""x"":756,""y"":737,""t"":1027},{""x"":781,""y"":737,""t"":1056},{""x"":828,""y"":751,""t"":1104},{""x"":883,""y"":752,""t"":1125},{""x"":937,""y"":761,""t"":1167},{""x"":970,""y"":766,""t"":1192},{""x"":1010,""y"":778,""t"":1231},{""x"":1056,""y"":798,""t"":1259},{""x"":1096,""y"":810,""t"":1307},{""x"":1130,""y"":815,""t"":1330},{""x"":1180,""y"":833,""t"":1370},{""x"":1175,""y"":828,""t"":1395},{""x"":1213,""y"":833,""t"":1434},{""x"":1216,""y"":844,""t"":1464},{""x"":1193,""y"":834,""t"":1510},{""x"":1158,""y"":825,""t"":1533},{""x"":1157,""y"":848,""t"":1572},{""x"":1152,""y"":839,""t"":1599},{""x"":1145,""y"":833,""t"":1636},{""x"":1159,""y"":830,""t"":1681},{""x"":1171,""y"":828,""t"":1701},{""x"":1143,""y"":816,""t"":1743},{""x"":1143,""y"":824,""t"":1771},{""x"":1154,""y"":821,""t"":1806},{""x"":1165,""y"":817,""t"":1837},{""x"":1168,""y"":808,""t"":1885},{""x"":1161,""y"":802,""t"":1904},{""x"":1123,""y"":770,""t"":1945},{""x"":1105,""y"":775,""t"":1974}]","[{""x"":250,""y"":425,""width"":80,""height"":80,""top"":385,""right"":290,""bottom"":465,""left"":210},{""x"":400,""y"":165.1923788646684,""width"":80,""height"":80,""top"":125.1923788646684,""right"":440,""bottom"":205.1923788646684,""left"":360},{""x"":700,""y"":165.1923788646684,""width"":80,""height"":80,""top"":125.1923788646684,""right"":740,""bottom"":205.1923788646684,""left"":660},{""x"":850,""y"":425,""width"":80,""height"":80,""top"":385,""right"":890,""bottom"":465,""left"":810},{""x"":700,""y"":684.8076211353316,""width"":80,""height"":80,""top"":644.8076211353316,""right"":740,""bottom"":724.8076211353316,""left"":660},{""x"":400,""y"":684.8076211353316,""width"":80,""height"":80,""top"":644.8076211353316,""right"":440,""bottom"":724.8076211353316,""left"":360}]","{""#container"":{""x"":410,""y"":129.390625,""width"":1100,""height"":850,""top"":129.390625,""right"":1510,""bottom"":979.390625,""left"":410}}","[{'blue': 0}, {'red': 0}, {'purple': 0}, {'green': 0}, {'yellow': 32}, {'cyan': 17}]",,yellow
201,,,,679.0,6.0,6.0,"[""purple"",""blue"",""yellow"",""green"",""cyan"",""red""]",green,True,"[{""x"":1063,""y"":763,""t"":2},{""x"":1052,""y"":773,""t"":35},{""x"":1021,""y"":777,""t"":69},{""x"":1031,""y"":788,""t"":103},{""x"":1020,""y"":797,""t"":139},{""x"":1007,""y"":801,""t"":171},{""x"":1017,""y"":799,""t"":205},{""x"":991,""y"":796,""t"":241},{""x"":987,""y"":789,""t"":274},{""x"":989,""y"":788,""t"":308},{""x"":985,""y"":778,""t"":356},{""x"":981,""y"":777,""t"":375},{""x"":976,""y"":780,""t"":416},{""x"":967,""y"":781,""t"":445},{""x"":975,""y"":793,""t"":478},{""x"":967,""y"":799,""t"":525},{""x"":966,""y"":807,""t"":547},{""x"":964,""y"":803,""t"":589},{""x"":958,""y"":809,""t"":613},{""x"":956,""y"":792,""t"":651},{""x"":970,""y"":772,""t"":683},{""x"":991,""y"":779,""t"":728},{""x"":1003,""y"":784,""t"":749},{""x"":1008,""y"":795,""t"":790},{""x"":1025,""y"":794,""t"":817},{""x"":1017,""y"":785,""t"":855},{""x"":997,""y"":776,""t"":886},{""x"":966,""y"":785,""t"":931},{""x"":958,""y"":782,""t"":954},{""x"":946,""y"":785,""t"":995},{""x"":969,""y"":782,""t"":1020},{""x"":992,""y"":775,""t"":1056},{""x"":1016,""y"":776,""t"":1102},{""x"":1058,""y"":787,""t"":1125},{""x"":1067,""y"":788,""t"":1166},{""x"":1069,""y"":801,""t"":1191},{""x"":1068,""y"":807,""t"":1228},{""x"":1053,""y"":810,""t"":1262},{""x"":1048,""y"":818,""t"":1308},{""x"":1025,""y"":809,""t"":1327},{""x"":1016,""y"":798,""t"":1372},{""x"":1005,""y"":797,""t"":1397},{""x"":1011,""y"":807,""t"":1436},{""x"":1009,""y"":814,""t"":1464},{""x"":990,""y"":815,""t"":1502},{""x"":983,""y"":813,""t"":1531},{""x"":977,""y"":816,""t"":1580},{""x"":980,""y"":810,""t"":1601},{""x"":984,""y"":809,""t"":1645},{""x"":987,""y"":804,""t"":1667},{""x"":979,""y"":801,""t"":1710},{""x"":981,""y"":795,""t"":1735},{""x"":1044,""y"":817,""t"":1772},{""x"":1048,""y"":803,""t"":1805},{""x"":1048,""y"":793,""t"":1852},{""x"":1053,""y"":798,""t"":1871},{""x"":1053,""y"":805,""t"":1918},{""x"":1080,""y"":812,""t"":1939},{""x"":1120,""y"":818,""t"":1980}]","[{""x"":250,""y"":425,""width"":80,""height"":80,""top"":385,""right"":290,""bottom"":465,""left"":210},{""x"":400,""y"":165.1923788646684,""width"":80,""height"":80,""top"":125.1923788646684,""right"":440,""bottom"":205.1923788646684,""left"":360},{""x"":700,""y"":165.1923788646684,""width"":80,""height"":80,""top"":125.1923788646684,""right"":740,""bottom"":205.1923788646684,""left"":660},{""x"":850,""y"":425,""width"":80,""height"":80,""top"":385,""right"":890,""bottom"":465,""left"":810},{""x"":700,""y"":684.8076211353316,""width"":80,""height"":80,""top"":644.8076211353316,""right"":740,""bottom"":724.8076211353316,""left"":660},{""x"":400,""y"":684.8076211353316,""width"":80,""height"":80,""top"":644.8076211353316,""right"":440,""bottom"":724.8076211353316,""left"":360}]","{""#container"":{""x"":410,""y"":129.390625,""width"":1100,""height"":850,""top"":129.390625,""right"":1510,""bottom"":979.390625,""left"":410}}","[{'purple': 0}, {'blue': 0}, {'yellow': 0}, {'green': 0}, {'cyan': 55}, {'red': 3}]",,cyan
202,,,,947.0,4.0,4.0,"[""blue"",""cyan"",""red"",""purple"",""green"",""yellow""]",blue_1,True,"[{""x"":1103,""y"":804,""t"":3},{""x"":1080,""y"":806,""t"":36},{""x"":1074,""y"":811,""t"":70},{""x"":1060,""y"":805,""t"":105},{""x"":1051,""y"":803,""t"":138},{""x"":1051,""y"":810,""t"":171},{""x"":1048,""y"":812,""t"":207},{""x"":1037,""y"":801,""t"":240},{""x"":1033,""y"":798,""t"":274},{""x"":1018,""y"":794,""t"":315},{""x"":1016,""y"":799,""t"":343},{""x"":996,""y"":799,""t"":378},{""x"":969,""y"":814,""t"":410},{""x"":915,""y"":814,""t"":457},{""x"":888,""y"":815,""t"":477},{""x"":851,""y"":802,""t"":519},{""x"":815,""y"":790,""t"":545},{""x"":872,""y"":835,""t"":583},{""x"":884,""y"":862,""t"":613},{""x"":915,""y"":860,""t"":660},{""x"":918,""y"":852,""t"":681},{""x"":927,""y"":843,""t"":725},{""x"":926,""y"":840,""t"":749},{""x"":948,""y"":829,""t"":785},{""x"":979,""y"":833,""t"":818},{""x"":981,""y"":817,""t"":865},{""x"":1032,""y"":802,""t"":885},{""x"":1064,""y"":782,""t"":926},{""x"":1128,""y"":804,""t"":953},{""x"":1191,""y"":827,""t"":990},{""x"":1214,""y"":840,""t"":1020},{""x"":1229,""y"":814,""t"":1066},{""x"":1245,""y"":814,""t"":1089},{""x"":1217,""y"":815,""t"":1129},{""x"":1216,""y"":811,""t"":1157},{""x"":1205,""y"":805,""t"":1206},{""x"":1155,""y"":790,""t"":1227},{""x"":1091,""y"":770,""t"":1269},{""x"":1028,""y"":781,""t"":1293},{""x"":1000,""y"":793,""t"":1335},{""x"":959,""y"":771,""t"":1361},{""x"":918,""y"":769,""t"":1411},{""x"":897,""y"":770,""t"":1431},{""x"":890,""y"":767,""t"":1473},{""x"":884,""y"":762,""t"":1497},{""x"":898,""y"":775,""t"":1537},{""x"":908,""y"":768,""t"":1565},{""x"":927,""y"":774,""t"":1614},{""x"":940,""y"":772,""t"":1635},{""x"":935,""y"":783,""t"":1675},{""x"":956,""y"":786,""t"":1701},{""x"":955,""y"":798,""t"":1739},{""x"":972,""y"":805,""t"":1769},{""x"":979,""y"":803,""t"":1816},{""x"":1006,""y"":790,""t"":1839},{""x"":1022,""y"":787,""t"":1878},{""x"":1032,""y"":758,""t"":1904},{""x"":1042,""y"":760,""t"":1941},{""x"":1055,""y"":742,""t"":1975}]","[{""x"":250,""y"":425,""width"":80,""height"":80,""top"":385,""right"":290,""bottom"":465,""left"":210},{""x"":400,""y"":165.1923788646684,""width"":80,""height"":80,""top"":125.1923788646684,""right"":440,""bottom"":205.1923788646684,""left"":360},{""x"":700,""y"":165.1923788646684,""width"":80,""height"":80,""top"":125.1923788646684,""right"":740,""bottom"":205.1923788646684,""left"":660},{""x"":850,""y"":425,""width"":80,""height"":80,""top"":385,""right"":890,""bottom"":465,""left"":810},{""x"":700,""y"":684.8076211353316,""width"":80,""height"":80,""top"":644.8076211353316,""right"":740,""bottom"":724.8076211353316,""left"":660},{""x"":400,""y"":684.8076211353316,""width"":80,""height"":80,""top"":644.8076211353316,""right"":440,""bottom"":724.8076211353316,""left"":360}]","{""#container"":{""x"":410,""y"":129.390625,""width"":1100,""height"":850,""top"":129.390625,""right"":1510,""bottom"":979.390625,""left"":410}}","[{'blue': 0}, {'cyan': 0}, {'red': 0}, {'purple': 0}, {'green': 36}, {'yellow': 22}]",,green
203,,,,687.0,4.0,4.0,"[""green"",""purple"",""blue"",""yellow"",""red"",""cyan""]",green_1,True,"[{""x"":1071,""y"":752,""t"":1},{""x"":1067,""y"":736,""t"":35},{""x"":1064,""y"":751,""t"":71},{""x"":1076,""y"":742,""t"":103},{""x"":1044,""y"":733,""t"":137},{""x"":1037,""y"":711,""t"":173},{""x"":1037,""y"":714,""t"":206},{""x"":1028,""y"":701,""t"":239},{""x"":1024,""y"":695,""t"":275},{""x"":991,""y"":698,""t"":322},{""x"":977,""y"":688,""t"":341},{""x"":978,""y"":715,""t"":386},{""x"":1007,""y"":730,""t"":408},{""x"":1041,""y"":722,""t"":449},{""x"":1042,""y"":706,""t"":477},{""x"":1049,""y"":702,""t"":525},{""x"":1053,""y"":701,""t"":545},{""x"":1057,""y"":711,""t"":590},{""x"":1058,""y"":719,""t"":613},{""x"":1063,""y"":718,""t"":651},{""x"":1100,""y"":734,""t"":683},{""x"":1139,""y"":751,""t"":716},{""x"":1170,""y"":775,""t"":763},{""x"":1182,""y"":801,""t"":785},{""x"":1205,""y"":825,""t"":825},{""x"":1215,""y"":851,""t"":852},{""x"":1212,""y"":858,""t"":889},{""x"":1226,""y"":848,""t"":919},{""x"":1213,""y"":852,""t"":970},{""x"":1192,""y"":835,""t"":987},{""x"":1115,""y"":823,""t"":1031},{""x"":1050,""y"":804,""t"":1055},{""x"":991,""y"":796,""t"":1096},{""x"":966,""y"":768,""t"":1123},{""x"":931,""y"":763,""t"":1158},{""x"":939,""y"":739,""t"":1207},{""x"":949,""y"":720,""t"":1225},{""x"":968,""y"":714,""t"":1270},{""x"":1005,""y"":732,""t"":1294},{""x"":1016,""y"":739,""t"":1335},{""x"":1041,""y"":718,""t"":1362},{""x"":1045,""y"":705,""t"":1396},{""x"":1056,""y"":705,""t"":1445},{""x"":1080,""y"":719,""t"":1463},{""x"":1109,""y"":748,""t"":1506},{""x"":1135,""y"":764,""t"":1533},{""x"":1143,""y"":772,""t"":1568},{""x"":1127,""y"":783,""t"":1599},{""x"":1096,""y"":801,""t"":1648},{""x"":1054,""y"":800,""t"":1668},{""x"":1006,""y"":804,""t"":1708},{""x"":1001,""y"":821,""t"":1737},{""x"":974,""y"":824,""t"":1770},{""x"":937,""y"":803,""t"":1816},{""x"":949,""y"":804,""t"":1839},{""x"":973,""y"":780,""t"":1878},{""x"":987,""y"":791,""t"":1906},{""x"":997,""y"":795,""t"":1943},{""x"":999,""y"":784,""t"":1974}]","[{""x"":250,""y"":425,""width"":80,""height"":80,""top"":385,""right"":290,""bottom"":465,""left"":210},{""x"":400,""y"":165.1923788646684,""width"":80,""height"":80,""top"":125.1923788646684,""right"":440,""bottom"":205.1923788646684,""left"":360},{""x"":700,""y"":165.1923788646684,""width"":80,""height"":80,""top"":125.1923788646684,""right"":740,""bottom"":205.1923788646684,""left"":660},{""x"":850,""y"":425,""width"":80,""height"":80,""top"":385,""right"":890,""bottom"":465,""left"":810},{""x"":700,""y"":684.8076211353316,""width"":80,""height"":80,""top"":644.8076211353316,""right"":740,""bottom"":724.8076211353316,""left"":660},{""x"":400,""y"":684.8076211353316,""width"":80,""height"":80,""top"":644.8076211353316,""right"":440,""bottom"":724.8076211353316,""left"":360}]","{""#container"":{""x"":410,""y"":129.390625,""width"":1100,""height"":850,""top"":129.390625,""right"":1510,""bottom"":979.390625,""left"":410}}","[{'green': 0}, {'purple': 0}, {'blue': 0}, {'yellow': 0}, {'red': 49}, {'cyan': 4}]",,red
204,,,,710.0,3.0,4.0,"[""cyan"",""yellow"",""green"",""red"",""purple"",""blue""]",cyan,False,"[{""x"":1001,""y"":790,""t"":1},{""x"":994,""y"":778,""t"":37},{""x"":985,""y"":760,""t"":70},{""x"":958,""y"":775,""t"":104},{""x"":951,""y"":766,""t"":139},{""x"":933,""y"":785,""t"":171},{""x"":951,""y"":769,""t"":205},{""x"":962,""y"":783,""t"":241},{""x"":972,""y"":766,""t"":273},{""x"":969,""y"":753,""t"":314},{""x"":965,""y"":757,""t"":343},{""x"":936,""y"":757,""t"":377},{""x"":901,""y"":760,""t"":410},{""x"":922,""y"":769,""t"":458},{""x"":939,""y"":773,""t"":476},{""x"":959,""y"":763,""t"":518},{""x"":986,""y"":765,""t"":546},{""x"":1008,""y"":764,""t"":581},{""x"":1049,""y"":765,""t"":615},{""x"":1072,""y"":786,""t"":661},{""x"":1104,""y"":805,""t"":680},{""x"":1135,""y"":801,""t"":723},{""x"":1159,""y"":797,""t"":748},{""x"":1137,""y"":793,""t"":788},{""x"":1116,""y"":790,""t"":816},{""x"":1087,""y"":780,""t"":864},{""x"":1062,""y"":771,""t"":885},{""x"":1043,""y"":760,""t"":926},{""x"":1024,""y"":763,""t"":955},{""x"":1015,""y"":764,""t"":989},{""x"":1016,""y"":766,""t"":1022},{""x"":1013,""y"":764,""t"":1068},{""x"":1072,""y"":776,""t"":1092},{""x"":1068,""y"":759,""t"":1131},{""x"":1079,""y"":748,""t"":1157},{""x"":1081,""y"":736,""t"":1195},{""x"":1077,""y"":727,""t"":1225},{""x"":1087,""y"":719,""t"":1272},{""x"":1094,""y"":721,""t"":1293},{""x"":1102,""y"":726,""t"":1337},{""x"":1115,""y"":745,""t"":1361},{""x"":1087,""y"":737,""t"":1398},{""x"":1021,""y"":751,""t"":1431},{""x"":944,""y"":735,""t"":1476},{""x"":882,""y"":742,""t"":1497},{""x"":859,""y"":737,""t"":1539},{""x"":827,""y"":763,""t"":1565},{""x"":826,""y"":740,""t"":1599},{""x"":830,""y"":743,""t"":1647},{""x"":861,""y"":724,""t"":1667},{""x"":875,""y"":732,""t"":1707},{""x"":904,""y"":717,""t"":1737},{""x"":923,""y"":725,""t"":1785},{""x"":932,""y"":712,""t"":1803},{""x"":959,""y"":717,""t"":1849},{""x"":973,""y"":709,""t"":1871},{""x"":999,""y"":702,""t"":1910},{""x"":1018,""y"":698,""t"":1941},{""x"":1054,""y"":691,""t"":1974}]","[{""x"":250,""y"":425,""width"":80,""height"":80,""top"":385,""right"":290,""bottom"":465,""left"":210},{""x"":400,""y"":165.1923788646684,""width"":80,""height"":80,""top"":125.1923788646684,""right"":440,""bottom"":205.1923788646684,""left"":360},{""x"":700,""y"":165.1923788646684,""width"":80,""height"":80,""top"":125.1923788646684,""right"":740,""bottom"":205.1923788646684,""left"":660},{""x"":850,""y"":425,""width"":80,""height"":80,""top"":385,""right"":890,""bottom"":465,""left"":810},{""x"":700,""y"":684.8076211353316,""width"":80,""height"":80,""top"":644.8076211353316,""right"":740,""bottom"":724.8076211353316,""left"":660},{""x"":400,""y"":684.8076211353316,""width"":80,""height"":80,""top"":644.8076211353316,""right"":440,""bottom"":724.8076211353316,""left"":360}]","{""#container"":{""x"":410,""y"":129.390625,""width"":1100,""height"":850,""top"":129.390625,""right"":1510,""bottom"":979.390625,""left"":410}}","[{'cyan': 0}, {'yellow': 0}, {'green': 0}, {'red': 0}, {'purple': 33}, {'blue': 16}]",,purple
205,张小雨,23.0,女,,,,,,,,,,,,
206,,,,737.0,4.0,4.0,"[""purple"",""cyan"",""yellow"",""blue"",""green"",""red""]",purple,True,"[{""x"":1017,""y"":390,""t"":4},{""x"":1005,""y"":395,""t"":46},{""x"":994,""y"":400,""t"":74},{""x"":1016,""y"":425,""t"":106},{""x"":1048,""y"":416,""t"":139},{""x"":1066,""y"":389,""t"":174},{""x"":1099,""y"":403,""t"":210},{""x"":1102,""y"":411,""t"":241},{""x"":1092,""y"":420,""t"":276},{""x"":1100,""y"":438,""t"":310},{""x"":1099,""y"":410,""t"":344},{""x"":1098,""y"":422,""t"":379},{""x"":1079,""y"":405,""t"":412},{""x"":1067,""y"":385,""t"":446},{""x"":1051,""y"":363,""t"":478},{""x"":1042,""y"":348,""t"":514},{""x"":1037,""y"":298,""t"":548},{""x"":1057,""y"":305,""t"":583},{""x"":1085,""y"":264,""t"":616},{""x"":1135,""y"":280,""t"":650},{""x"":1204,""y"":331,""t"":683},{""x"":1251,""y"":390,""t"":717},{""x"":1213,""y"":378,""t"":752},{""x"":1179,""y"":374,""t"":786},{""x"":1192,""y"":390,""t"":820},{""x"":1190,""y"":417,""t"":854},{""x"":1188,""y"":392,""t"":893},{""x"":1169,""y"":349,""t"":922},{""x"":1162,""y"":336,""t"":956},{""x"":1136,""y"":337,""t"":990},{""x"":1152,""y"":302,""t"":1024},{""x"":1135,""y"":301,""t"":1058},{""x"":1129,""y"":278,""t"":1092},{""x"":1129,""y"":282,""t"":1126},{""x"":1118,""y"":303,""t"":1160},{""x"":1124,""y"":292,""t"":1194},{""x"":1089,""y"":285,""t"":1228},{""x"":1055,""y"":274,""t"":1263},{""x"":1003,""y"":283,""t"":1297},{""x"":973,""y"":301,""t"":1330},{""x"":972,""y"":306,""t"":1364},{""x"":991,""y"":331,""t"":1398},{""x"":996,""y"":321,""t"":1432},{""x"":980,""y"":270,""t"":1466},{""x"":948,""y"":239,""t"":1500},{""x"":923,""y"":168,""t"":1535},{""x"":886,""y"":162,""t"":1569},{""x"":879,""y"":141,""t"":1602},{""x"":1007,""y"":146,""t"":1636},{""x"":1088,""y"":159,""t"":1670},{""x"":1108,""y"":187,""t"":1704},{""x"":1177,""y"":262,""t"":1738},{""x"":1188,""y"":278,""t"":1773},{""x"":1250,""y"":324,""t"":1806},{""x"":1197,""y"":328,""t"":1840},{""x"":1193,""y"":377,""t"":1874},{""x"":1201,""y"":381,""t"":1908},{""x"":1190,""y"":389,""t"":1942},{""x"":1190,""y"":375,""t"":1976}]","[{""x"":250,""y"":425,""width"":80,""height"":80,""top"":385,""right"":290,""bottom"":465,""left"":210},{""x"":400,""y"":165.1923788646684,""width"":80,""height"":80,""top"":125.1923788646684,""right"":440,""bottom"":205.1923788646684,""left"":360},{""x"":700,""y"":165.1923788646684,""width"":80,""height"":80,""top"":125.1923788646684,""right"":740,""bottom"":205.1923788646684,""left"":660},{""x"":850,""y"":425,""width"":80,""height"":80,""top"":385,""right"":890,""bottom"":465,""left"":810},{""x"":700,""y"":684.8076211353316,""width"":80,""height"":80,""top"":644.8076211353316,""right"":740,""bottom"":724.8076211353316,""left"":660},{""x"":400,""y"":684.8076211353316,""width"":80,""height"":80,""top"":644.8076211353316,""right"":440,""bottom"":724.8076211353316,""left"":360}]","{""#container"":{""x"":410,""y"":129.390625,""width"":1100,""height"":850,""top"":129.390625,""right"":1510,""bottom"":979.390625,""left"":410}}","[{'purple': 0}, {'cyan': 1}, {'yellow': 51}, {'blue': 0}, {'green': 0}, {'red': 0}]",,yellow
207,,,,743.0,9.0,9.0,"[""purple"",""cyan"",""yellow"",""green"",""blue"",""red""]",yellow,True,"[{""x"":1110,""y"":435,""t"":5},{""x"":1083,""y"":480,""t"":38},{""x"":1028,""y"":544,""t"":72},{""x"":987,""y"":557,""t"":107},{""x"":931,""y"":554,""t"":140},{""x"":926,""y"":531,""t"":174},{""x"":892,""y"":542,""t"":208},{""x"":879,""y"":548,""t"":242},{""x"":886,""y"":574,""t"":277},{""x"":890,""y"":534,""t"":310},{""x"":885,""y"":472,""t"":343},{""x"":896,""y"":378,""t"":378},{""x"":911,""y"":364,""t"":412},{""x"":973,""y"":304,""t"":444},{""x"":1024,""y"":303,""t"":480},{""x"":1103,""y"":203,""t"":514},{""x"":1154,""y"":195,""t"":549},{""x"":1186,""y"":195,""t"":582},{""x"":1222,""y"":200,""t"":615},{""x"":1202,""y"":185,""t"":650},{""x"":1125,""y"":163,""t"":684},{""x"":1167,""y"":122,""t"":718},{""x"":1142,""y"":107,""t"":753},{""x"":1128,""y"":137,""t"":786},{""x"":1157,""y"":96,""t"":820},{""x"":1202,""y"":56,""t"":852},{""x"":1198,""y"":60,""t"":887},{""x"":1218,""y"":66,""t"":923},{""x"":1251,""y"":75,""t"":956},{""x"":1266,""y"":112,""t"":991},{""x"":1233,""y"":189,""t"":1024},{""x"":1223,""y"":228,""t"":1058},{""x"":1251,""y"":248,""t"":1091},{""x"":1271,""y"":245,""t"":1127},{""x"":1332,""y"":283,""t"":1161},{""x"":1320,""y"":311,""t"":1194},{""x"":1313,""y"":321,""t"":1228},{""x"":1306,""y"":287,""t"":1262},{""x"":1272,""y"":297,""t"":1296},{""x"":1287,""y"":300,""t"":1330},{""x"":1255,""y"":295,""t"":1363},{""x"":1250,""y"":329,""t"":1398},{""x"":1246,""y"":296,""t"":1433},{""x"":1177,""y"":348,""t"":1465},{""x"":1095,""y"":446,""t"":1500},{""x"":1040,""y"":535,""t"":1533},{""x"":961,""y"":616,""t"":1568},{""x"":869,""y"":652,""t"":1602},{""x"":816,""y"":674,""t"":1635},{""x"":796,""y"":753,""t"":1669},{""x"":806,""y"":792,""t"":1705},{""x"":831,""y"":781,""t"":1738},{""x"":845,""y"":775,""t"":1772},{""x"":829,""y"":789,""t"":1805},{""x"":832,""y"":778,""t"":1840},{""x"":840,""y"":802,""t"":1874},{""x"":862,""y"":832,""t"":1908},{""x"":835,""y"":751,""t"":1943},{""x"":857,""y"":755,""t"":1975}]","[{""x"":250,""y"":425,""width"":80,""height"":80,""top"":385,""right"":290,""bottom"":465,""left"":210},{""x"":400,""y"":165.1923788646684,""width"":80,""height"":80,""top"":125.1923788646684,""right"":440,""bottom"":205.1923788646684,""left"":360},{""x"":700,""y"":165.1923788646684,""width"":80,""height"":80,""top"":125.1923788646684,""right"":740,""bottom"":205.1923788646684,""left"":660},{""x"":850,""y"":425,""width"":80,""height"":80,""top"":385,""right"":890,""bottom"":465,""left"":810},{""x"":700,""y"":684.8076211353316,""width"":80,""height"":80,""top"":644.8076211353316,""right"":740,""bottom"":724.8076211353316,""left"":660},{""x"":400,""y"":684.8076211353316,""width"":80,""height"":80,""top"":644.8076211353316,""right"":440,""bottom"":724.8076211353316,""left"":360}]","{""#container"":{""x"":410,""y"":129.390625,""width"":1100,""height"":850,""top"":129.390625,""right"":1510,""bottom"":979.390625,""left"":410}}","[{'purple': 0}, {'cyan': 2}, {'yellow': 15}, {'green': 0}, {'blue': 0}, {'red': 11}]",{'yellow': 15},yellow
208,,,,1024.0,6.0,6.0,"[""yellow"",""purple"",""cyan"",""red"",""green"",""blue""]",red_1,True,"[{""x"":900,""y"":701,""t"":5},{""x"":905,""y"":594,""t"":44},{""x"":928,""y"":577,""t"":75},{""x"":888,""y"":476,""t"":108},{""x"":909,""y"":472,""t"":141},{""x"":934,""y"":481,""t"":174},{""x"":952,""y"":499,""t"":208},{""x"":921,""y"":459,""t"":243},{""x"":1005,""y"":451,""t"":276},{""x"":1004,""y"":437,""t"":310},{""x"":965,""y"":482,""t"":343},{""x"":860,""y"":546,""t"":378},{""x"":774,""y"":550,""t"":410},{""x"":746,""y"":533,""t"":446},{""x"":699,""y"":596,""t"":480},{""x"":665,""y"":600,""t"":514},{""x"":664,""y"":528,""t"":548},{""x"":641,""y"":553,""t"":582},{""x"":646,""y"":544,""t"":616},{""x"":607,""y"":578,""t"":651},{""x"":607,""y"":562,""t"":685},{""x"":620,""y"":558,""t"":718},{""x"":596,""y"":527,""t"":752},{""x"":588,""y"":508,""t"":786},{""x"":580,""y"":468,""t"":817},{""x"":631,""y"":479,""t"":854},{""x"":633,""y"":480,""t"":888},{""x"":677,""y"":472,""t"":922},{""x"":794,""y"":476,""t"":956},{""x"":904,""y"":452,""t"":989},{""x"":991,""y"":488,""t"":1024},{""x"":1037,""y"":538,""t"":1058},{""x"":1077,""y"":599,""t"":1092},{""x"":1122,""y"":608,""t"":1125},{""x"":1165,""y"":554,""t"":1159},{""x"":1145,""y"":606,""t"":1194},{""x"":1145,""y"":563,""t"":1228},{""x"":1159,""y"":590,""t"":1263},{""x"":1154,""y"":613,""t"":1296},{""x"":1127,""y"":660,""t"":1329},{""x"":1142,""y"":624,""t"":1363},{""x"":1139,""y"":617,""t"":1398},{""x"":1199,""y"":529,""t"":1432},{""x"":1222,""y"":513,""t"":1467},{""x"":1202,""y"":482,""t"":1499},{""x"":1224,""y"":433,""t"":1534},{""x"":1242,""y"":361,""t"":1568},{""x"":1244,""y"":355,""t"":1602},{""x"":1259,""y"":310,""t"":1636},{""x"":1228,""y"":303,""t"":1670},{""x"":1235,""y"":298,""t"":1703},{""x"":1248,""y"":258,""t"":1737},{""x"":1223,""y"":277,""t"":1771},{""x"":1219,""y"":254,""t"":1806},{""x"":1197,""y"":254,""t"":1841},{""x"":1192,""y"":254,""t"":1874},{""x"":1176,""y"":271,""t"":1908},{""x"":1138,""y"":292,""t"":1942},{""x"":1119,""y"":384,""t"":1977}]","[{""x"":250,""y"":425,""width"":80,""height"":80,""top"":385,""right"":290,""bottom"":465,""left"":210},{""x"":400,""y"":165.1923788646684,""width"":80,""height"":80,""top"":125.1923788646684,""right"":440,""bottom"":205.1923788646684,""left"":360},{""x"":700,""y"":165.1923788646684,""width"":80,""height"":80,""top"":125.1923788646684,""right"":740,""bottom"":205.1923788646684,""left"":660},{""x"":850,""y"":425,""width"":80,""height"":80,""top"":385,""right"":890,""bottom"":465,""left"":810},{""x"":700,""y"":684.8076211353316,""width"":80,""height"":80,""top"":644.8076211353316,""right"":740,""bottom"":724.8076211353316,""left"":660},{""x"":400,""y"":684.8076211353316,""width"":80,""height"":80,""top"":644.8076211353316,""right"":440,""bottom"":724.8076211353316,""left"":360}]","{""#container"":{""x"":410,""y"":129.390625,""width"":1100,""height"":850,""top"":129.390625,""right"":1510,""bottom"":979.390625,""left"":410}}","[{'yellow': 16}, {'purple': 0}, {'cyan': 13}, {'red': 12}, {'green': 0}, {'blue': 1}]",{'red_1': 12},yellow
209,,,,764.0,3.0,3.0,"[""purple"",""green"",""yellow"",""blue"",""red"",""cyan""]",red,True,"[{""x"":1111,""y"":419,""t"":5},{""x"":1073,""y"":416,""t"":39},{""x"":1039,""y"":443,""t"":72},{""x"":1015,""y"":484,""t"":106},{""x"":979,""y"":479,""t"":138},{""x"":953,""y"":550,""t"":174},{""x"":953,""y"":582,""t"":208},{""x"":942,""y"":605,""t"":241},{""x"":940,""y"":650,""t"":276},{""x"":975,""y"":670,""t"":310},{""x"":968,""y"":671,""t"":344},{""x"":1007,""y"":600,""t"":378},{""x"":1025,""y"":525,""t"":412},{""x"":1041,""y"":463,""t"":445},{""x"":1042,""y"":429,""t"":480},{""x"":1078,""y"":344,""t"":514},{""x"":1039,""y"":257,""t"":548},{""x"":1028,""y"":193,""t"":582},{""x"":1064,""y"":165,""t"":617},{""x"":1014,""y"":108,""t"":650},{""x"":988,""y"":57,""t"":685},{""x"":1004,""y"":22,""t"":719},{""x"":1018,""y"":57,""t"":751},{""x"":1034,""y"":94,""t"":786},{""x"":1056,""y"":74,""t"":820},{""x"":1024,""y"":125,""t"":854},{""x"":1020,""y"":84,""t"":888},{""x"":1019,""y"":115,""t"":921},{""x"":986,""y"":122,""t"":957},{""x"":936,""y"":110,""t"":991},{""x"":896,""y"":131,""t"":1024},{""x"":835,""y"":107,""t"":1058},{""x"":817,""y"":151,""t"":1092},{""x"":777,""y"":140,""t"":1127},{""x"":754,""y"":141,""t"":1160},{""x"":731,""y"":139,""t"":1194},{""x"":746,""y"":191,""t"":1232},{""x"":753,""y"":215,""t"":1259},{""x"":876,""y"":266,""t"":1296},{""x"":933,""y"":364,""t"":1329},{""x"":968,""y"":438,""t"":1364},{""x"":976,""y"":515,""t"":1398},{""x"":972,""y"":550,""t"":1433},{""x"":1016,""y"":579,""t"":1466},{""x"":1006,""y"":620,""t"":1500},{""x"":1012,""y"":666,""t"":1534},{""x"":1048,""y"":701,""t"":1568},{""x"":1036,""y"":747,""t"":1601},{""x"":1024,""y"":778,""t"":1636},{""x"":1000,""y"":756,""t"":1670},{""x"":1023,""y"":767,""t"":1704},{""x"":1005,""y"":771,""t"":1736},{""x"":1007,""y"":772,""t"":1772},{""x"":1063,""y"":757,""t"":1806},{""x"":1055,""y"":761,""t"":1840},{""x"":1041,""y"":773,""t"":1874},{""x"":1025,""y"":759,""t"":1908},{""x"":1023,""y"":793,""t"":1942},{""x"":1019,""y"":766,""t"":1976}]","[{""x"":250,""y"":425,""width"":80,""height"":80,""top"":385,""right"":290,""bottom"":465,""left"":210},{""x"":400,""y"":165.1923788646684,""width"":80,""height"":80,""top"":125.1923788646684,""right"":440,""bottom"":205.1923788646684,""left"":360},{""x"":700,""y"":165.1923788646684,""width"":80,""height"":80,""top"":125.1923788646684,""right"":740,""bottom"":205.1923788646684,""left"":660},{""x"":850,""y"":425,""width"":80,""height"":80,""top"":385,""right"":890,""bottom"":465,""left"":810},{""x"":700,""y"":684.8076211353316,""width"":80,""height"":80,""top"":644.8076211353316,""right"":740,""bottom"":724.8076211353316,""left"":660},{""x"":400,""y"":684.8076211353316,""width"":80,""height"":80,""top"":644.8076211353316,""right"":440,""bottom"":724.8076211353316,""left"":360}]","{""#container"":{""x"":410,""y"":129.390625,""width"":1100,""height"":850,""top"":129.390625,""right"":1510,""bottom"":979.390625,""left"":410}}","[{'purple': 0}, {'green': 5}, {'yellow': 6}, {'blue': 0}, {'red': 13}, {'cyan': 0}]",{'red': 13},red
210,,,,1129.0,1.0,1.0,"[""cyan"",""red"",""blue"",""yellow"",""purple"",""green""]",green_1,True,"[{""x"":970,""y"":713,""t"":5},{""x"":970,""y"":650,""t"":39},{""x"":953,""y"":610,""t"":72},{""x"":968,""y"":590,""t"":107},{""x"":982,""y"":534,""t"":140},{""x"":953,""y"":478,""t"":174},{""x"":933,""y"":506,""t"":208},{""x"":915,""y"":462,""t"":242},{""x"":915,""y"":461,""t"":276},{""x"":923,""y"":486,""t"":310},{""x"":946,""y"":500,""t"":344},{""x"":896,""y"":455,""t"":378},{""x"":867,""y"":433,""t"":413},{""x"":817,""y"":326,""t"":446},{""x"":813,""y"":311,""t"":478},{""x"":789,""y"":228,""t"":514},{""x"":803,""y"":189,""t"":548},{""x"":824,""y"":184,""t"":582},{""x"":897,""y"":244,""t"":616},{""x"":952,""y"":292,""t"":651},{""x"":999,""y"":292,""t"":684},{""x"":1063,""y"":318,""t"":718},{""x"":1108,""y"":355,""t"":752},{""x"":1135,""y"":342,""t"":786},{""x"":1160,""y"":351,""t"":820},{""x"":1170,""y"":322,""t"":854},{""x"":1175,""y"":297,""t"":885},{""x"":1215,""y"":281,""t"":922},{""x"":1209,""y"":241,""t"":956},{""x"":1196,""y"":260,""t"":990},{""x"":1161,""y"":311,""t"":1024},{""x"":1164,""y"":282,""t"":1058},{""x"":1149,""y"":355,""t"":1092},{""x"":1180,""y"":320,""t"":1126},{""x"":1140,""y"":346,""t"":1161},{""x"":1127,""y"":406,""t"":1194},{""x"":1089,""y"":413,""t"":1228},{""x"":1062,""y"":402,""t"":1262},{""x"":989,""y"":432,""t"":1296},{""x"":929,""y"":522,""t"":1330},{""x"":908,""y"":524,""t"":1364},{""x"":870,""y"":548,""t"":1398},{""x"":870,""y"":562,""t"":1432},{""x"":828,""y"":619,""t"":1466},{""x"":857,""y"":603,""t"":1500},{""x"":870,""y"":620,""t"":1534},{""x"":871,""y"":599,""t"":1568},{""x"":867,""y"":611,""t"":1602},{""x"":849,""y"":515,""t"":1636},{""x"":796,""y"":379,""t"":1670},{""x"":750,""y"":311,""t"":1704},{""x"":708,""y"":228,""t"":1738},{""x"":697,""y"":174,""t"":1771},{""x"":687,""y"":116,""t"":1806},{""x"":685,""y"":27,""t"":1839},{""x"":674,""y"":-62,""t"":1874},{""x"":638,""y"":-79,""t"":1907},{""x"":610,""y"":-49,""t"":1942},{""x"":634,""y"":-60,""t"":1975}]","[{""x"":250,""y"":425,""width"":80,""height"":80,""top"":385,""right"":290,""bottom"":465,""left"":210},{""x"":400,""y"":165.1923788646684,""width"":80,""height"":80,""top"":125.1923788646684,""right"":440,""bottom"":205.1923788646684,""left"":360},{""x"":700,""y"":165.1923788646684,""width"":80,""height"":80,""top"":125.1923788646684,""right"":740,""bottom"":205.1923788646684,""left"":660},{""x"":850,""y"":425,""width"":80,""height"":80,""top"":385,""right"":890,""bottom"":465,""left"":810},{""x"":700,""y"":684.8076211353316,""width"":80,""height"":80,""top"":644.8076211353316,""right"":740,""bottom"":724.8076211353316,""left"":660},{""x"":400,""y"":684.8076211353316,""width"":80,""height"":80,""top"":644.8076211353316,""right"":440,""bottom"":724.8076211353316,""left"":360}]","{""#container"":{""x"":410,""y"":129.390625,""width"":1100,""height"":850,""top"":129.390625,""right"":1510,""bottom"":979.390625,""left"":410}}","[{'cyan': 0}, {'red': 11}, {'blue': 18}, {'yellow': 0}, {'purple': 0}, {'green': 0}]",,blue
211,,,,938.0,9.0,9.0,"[""blue"",""yellow"",""red"",""purple"",""green"",""cyan""]",red_1,True,"[{""x"":696,""y"":89,""t"":4},{""x"":762,""y"":216,""t"":42},{""x"":816,""y"":248,""t"":72},{""x"":817,""y"":343,""t"":107},{""x"":908,""y"":403,""t"":141},{""x"":939,""y"":413,""t"":174},{""x"":959,""y"":478,""t"":208},{""x"":960,""y"":530,""t"":242},{""x"":975,""y"":539,""t"":275},{""x"":975,""y"":586,""t"":310},{""x"":979,""y"":587,""t"":344},{""x"":971,""y"":622,""t"":379},{""x"":993,""y"":665,""t"":412},{""x"":958,""y"":696,""t"":446},{""x"":990,""y"":754,""t"":480},{""x"":995,""y"":746,""t"":514},{""x"":1018,""y"":776,""t"":548},{""x"":1060,""y"":764,""t"":582},{""x"":1031,""y"":786,""t"":616},{""x"":994,""y"":799,""t"":651},{""x"":943,""y"":725,""t"":684},{""x"":880,""y"":664,""t"":718},{""x"":842,""y"":511,""t"":752},{""x"":770,""y"":358,""t"":786},{""x"":753,""y"":252,""t"":820},{""x"":714,""y"":158,""t"":854},{""x"":689,""y"":89,""t"":888},{""x"":712,""y"":69,""t"":922},{""x"":713,""y"":50,""t"":957},{""x"":686,""y"":56,""t"":990},{""x"":662,""y"":69,""t"":1024},{""x"":647,""y"":42,""t"":1058},{""x"":646,""y"":3,""t"":1092},{""x"":691,""y"":109,""t"":1126},{""x"":793,""y"":206,""t"":1160},{""x"":838,""y"":350,""t"":1195},{""x"":870,""y"":483,""t"":1227},{""x"":892,""y"":524,""t"":1262},{""x"":936,""y"":581,""t"":1293},{""x"":939,""y"":623,""t"":1330},{""x"":1017,""y"":680,""t"":1364},{""x"":1008,""y"":732,""t"":1399},{""x"":1050,""y"":802,""t"":1432},{""x"":1035,""y"":796,""t"":1465},{""x"":1049,""y"":826,""t"":1500},{""x"":1066,""y"":705,""t"":1535},{""x"":1086,""y"":609,""t"":1568},{""x"":1056,""y"":485,""t"":1602},{""x"":997,""y"":387,""t"":1636},{""x"":1004,""y"":264,""t"":1670},{""x"":941,""y"":200,""t"":1705},{""x"":960,""y"":111,""t"":1738},{""x"":999,""y"":63,""t"":1771},{""x"":1036,""y"":10,""t"":1805},{""x"":1012,""y"":16,""t"":1841},{""x"":1030,""y"":16,""t"":1874},{""x"":1061,""y"":5,""t"":1908},{""x"":1075,""y"":14,""t"":1942},{""x"":1045,""y"":51,""t"":1976}]","[{""x"":250,""y"":425,""width"":80,""height"":80,""top"":385,""right"":290,""bottom"":465,""left"":210},{""x"":400,""y"":165.1923788646684,""width"":80,""height"":80,""top"":125.1923788646684,""right"":440,""bottom"":205.1923788646684,""left"":360},{""x"":700,""y"":165.1923788646684,""width"":80,""height"":80,""top"":125.1923788646684,""right"":740,""bottom"":205.1923788646684,""left"":660},{""x"":850,""y"":425,""width"":80,""height"":80,""top"":385,""right"":890,""bottom"":465,""left"":810},{""x"":700,""y"":684.8076211353316,""width"":80,""height"":80,""top"":644.8076211353316,""right"":740,""bottom"":724.8076211353316,""left"":660},{""x"":400,""y"":684.8076211353316,""width"":80,""height"":80,""top"":644.8076211353316,""right"":440,""bottom"":724.8076211353316,""left"":360}]","{""#container"":{""x"":410,""y"":129.390625,""width"":1100,""height"":850,""top"":129.390625,""right"":1510,""bottom"":979.390625,""left"":410}}","[{'blue': 0}, {'yellow': 8}, {'red': 2}, {'purple': 0}, {'green': 11}, {'cyan': 0}]",{'red_1': 2},green
212,,,,1506.0,7.0,7.0,"[""green"",""red"",""blue"",""yellow"",""cyan"",""purple""]",red_1,True,"[{""x"":1031,""y"":171,""t"":5},{""x"":990,""y"":200,""t"":43},{""x"":1004,""y"":237,""t"":70},{""x"":998,""y"":305,""t"":107},{""x"":977,""y"":379,""t"":140},{""x"":953,""y"":412,""t"":175},{""x"":956,""y"":435,""t"":208},{""x"":954,""y"":469,""t"":243},{""x"":963,""y"":474,""t"":276},{""x"":945,""y"":484,""t"":308},{""x"":966,""y"":442,""t"":344},{""x"":1002,""y"":454,""t"":378},{""x"":1013,""y"":518,""t"":412},{""x"":1074,""y"":504,""t"":447},{""x"":1091,""y"":566,""t"":480},{""x"":1111,""y"":563,""t"":514},{""x"":1138,""y"":586,""t"":548},{""x"":1153,""y"":557,""t"":583},{""x"":1128,""y"":560,""t"":616},{""x"":1162,""y"":515,""t"":651},{""x"":1192,""y"":545,""t"":684},{""x"":1216,""y"":459,""t"":718},{""x"":1257,""y"":428,""t"":753},{""x"":1265,""y"":384,""t"":786},{""x"":1213,""y"":411,""t"":820},{""x"":1188,""y"":455,""t"":853},{""x"":1170,""y"":473,""t"":888},{""x"":1195,""y"":442,""t"":923},{""x"":1164,""y"":434,""t"":956},{""x"":1146,""y"":449,""t"":990},{""x"":1112,""y"":472,""t"":1025},{""x"":1086,""y"":493,""t"":1058},{""x"":1091,""y"":428,""t"":1092},{""x"":1051,""y"":428,""t"":1126},{""x"":996,""y"":381,""t"":1160},{""x"":887,""y"":358,""t"":1194},{""x"":855,""y"":332,""t"":1228},{""x"":777,""y"":363,""t"":1262},{""x"":741,""y"":341,""t"":1296},{""x"":701,""y"":392,""t"":1329},{""x"":679,""y"":404,""t"":1364},{""x"":630,""y"":428,""t"":1398},{""x"":621,""y"":420,""t"":1432},{""x"":619,""y"":446,""t"":1466},{""x"":626,""y"":453,""t"":1500},{""x"":659,""y"":427,""t"":1534},{""x"":722,""y"":407,""t"":1567},{""x"":729,""y"":365,""t"":1602},{""x"":748,""y"":322,""t"":1636},{""x"":712,""y"":295,""t"":1670},{""x"":739,""y"":251,""t"":1704},{""x"":732,""y"":190,""t"":1738},{""x"":752,""y"":184,""t"":1772},{""x"":750,""y"":218,""t"":1806},{""x"":761,""y"":216,""t"":1840},{""x"":756,""y"":191,""t"":1873},{""x"":751,""y"":187,""t"":1908},{""x"":722,""y"":194,""t"":1942},{""x"":710,""y"":237,""t"":1976}]","[{""x"":250,""y"":425,""width"":80,""height"":80,""top"":385,""right"":290,""bottom"":465,""left"":210},{""x"":400,""y"":165.1923788646684,""width"":80,""height"":80,""top"":125.1923788646684,""right"":440,""bottom"":205.1923788646684,""left"":360},{""x"":700,""y"":165.1923788646684,""width"":80,""height"":80,""top"":125.1923788646684,""right"":740,""bottom"":205.1923788646684,""left"":660},{""x"":850,""y"":425,""width"":80,""height"":80,""top"":385,""right"":890,""bottom"":465,""left"":810},{""x"":700,""y"":684.8076211353316,""width"":80,""height"":80,""top"":644.8076211353316,""right"":740,""bottom"":724.8076211353316,""left"":660},{""x"":400,""y"":684.8076211353316,""width"":80,""height"":80,""top"":644.8076211353316,""right"":440,""bottom"":724.8076211353316,""left"":360}]","{""#container"":{""x"":410,""y"":129.390625,""width"":1100,""height"":850,""top"":129.390625,""right"":1510,""bottom"":979.390625,""left"":410}}","[{'green': 5}, {'red': 18}, {'blue': 7}, {'yellow': 11}, {'cyan': 0}, {'purple': 0}]",{'red_1': 18},red_1
213,,,,984.0,1.0,1.0,"[""blue"",""red"",""green"",""cyan"",""purple"",""yellow""]",yellow,True,"[{""x"":722,""y"":281,""t"":5},{""x"":789,""y"":388,""t"":40},{""x"":796,""y"":456,""t"":72},{""x"":859,""y"":483,""t"":106},{""x"":875,""y"":565,""t"":141},{""x"":932,""y"":592,""t"":175},{""x"":928,""y"":684,""t"":208},{""x"":951,""y"":685,""t"":243},{""x"":931,""y"":724,""t"":276},{""x"":912,""y"":753,""t"":308},{""x"":919,""y"":763,""t"":344},{""x"":903,""y"":704,""t"":379},{""x"":921,""y"":660,""t"":412},{""x"":946,""y"":575,""t"":446},{""x"":931,""y"":476,""t"":480},{""x"":926,""y"":385,""t"":514},{""x"":892,""y"":317,""t"":548},{""x"":901,""y"":276,""t"":583},{""x"":901,""y"":217,""t"":627},{""x"":898,""y"":222,""t"":655},{""x"":869,""y"":309,""t"":684},{""x"":872,""y"":346,""t"":716},{""x"":849,""y"":434,""t"":752},{""x"":844,""y"":469,""t"":787},{""x"":803,""y"":504,""t"":820},{""x"":787,""y"":548,""t"":854},{""x"":766,""y"":621,""t"":888},{""x"":775,""y"":660,""t"":923},{""x"":750,""y"":710,""t"":956},{""x"":791,""y"":743,""t"":990},{""x"":773,""y"":796,""t"":1024},{""x"":807,""y"":771,""t"":1057},{""x"":798,""y"":736,""t"":1092},{""x"":827,""y"":594,""t"":1126},{""x"":850,""y"":460,""t"":1161},{""x"":883,""y"":381,""t"":1194},{""x"":915,""y"":307,""t"":1228},{""x"":947,""y"":247,""t"":1262},{""x"":933,""y"":223,""t"":1296},{""x"":938,""y"":166,""t"":1330},{""x"":951,""y"":80,""t"":1364},{""x"":968,""y"":51,""t"":1399},{""x"":965,""y"":28,""t"":1431},{""x"":956,""y"":39,""t"":1467},{""x"":981,""y"":64,""t"":1500},{""x"":1011,""y"":98,""t"":1534},{""x"":996,""y"":84,""t"":1568},{""x"":923,""y"":103,""t"":1603},{""x"":852,""y"":122,""t"":1636},{""x"":790,""y"":150,""t"":1669},{""x"":765,""y"":152,""t"":1705},{""x"":695,""y"":200,""t"":1737},{""x"":691,""y"":265,""t"":1772},{""x"":654,""y"":237,""t"":1808},{""x"":676,""y"":232,""t"":1838},{""x"":669,""y"":278,""t"":1874},{""x"":680,""y"":257,""t"":1909},{""x"":675,""y"":270,""t"":1942},{""x"":653,""y"":262,""t"":1976}]","[{""x"":250,""y"":425,""width"":80,""height"":80,""top"":385,""right"":290,""bottom"":465,""left"":210},{""x"":400,""y"":165.1923788646684,""width"":80,""height"":80,""top"":125.1923788646684,""right"":440,""bottom"":205.1923788646684,""left"":360},{""x"":700,""y"":165.1923788646684,""width"":80,""height"":80,""top"":125.1923788646684,""right"":740,""bottom"":205.1923788646684,""left"":660},{""x"":850,""y"":425,""width"":80,""height"":80,""top"":385,""right"":890,""bottom"":465,""left"":810},{""x"":700,""y"":684.8076211353316,""width"":80,""height"":80,""top"":644.8076211353316,""right"":740,""bottom"":724.8076211353316,""left"":660},{""x"":400,""y"":684.8076211353316,""width"":80,""height"":80,""top"":644.8076211353316,""right"":440,""bottom"":724.8076211353316,""left"":360}]","{""#container"":{""x"":410,""y"":129.390625,""width"":1100,""height"":850,""top"":129.390625,""right"":1510,""bottom"":979.390625,""left"":410}}","[{'blue': 2}, {'red': 22}, {'green': 0}, {'cyan': 0}, {'purple': 0}, {'yellow': 8}]",{'yellow': 8},red
214,,,,728.0,4.0,4.0,"[""yellow"",""green"",""purple"",""blue"",""red"",""cyan""]",yellow,True,"[{""x"":750,""y"":332,""t"":5},{""x"":785,""y"":475,""t"":41},{""x"":849,""y"":531,""t"":69},{""x"":851,""y"":562,""t"":106},{""x"":901,""y"":564,""t"":139},{""x"":916,""y"":603,""t"":174},{""x"":970,""y"":541,""t"":208},{""x"":961,""y"":560,""t"":242},{""x"":942,""y"":532,""t"":276},{""x"":934,""y"":540,""t"":310},{""x"":951,""y"":524,""t"":344},{""x"":861,""y"":537,""t"":379},{""x"":827,""y"":553,""t"":412},{""x"":766,""y"":542,""t"":446},{""x"":763,""y"":504,""t"":478},{""x"":724,""y"":483,""t"":515},{""x"":708,""y"":450,""t"":549},{""x"":665,""y"":453,""t"":582},{""x"":626,""y"":434,""t"":617},{""x"":582,""y"":426,""t"":649},{""x"":554,""y"":439,""t"":684},{""x"":549,""y"":418,""t"":718},{""x"":570,""y"":382,""t"":752},{""x"":619,""y"":310,""t"":786},{""x"":636,""y"":217,""t"":820},{""x"":652,""y"":210,""t"":853},{""x"":683,""y"":177,""t"":888},{""x"":716,""y"":201,""t"":922},{""x"":723,""y"":189,""t"":956},{""x"":749,""y"":171,""t"":990},{""x"":772,""y"":153,""t"":1024},{""x"":760,""y"":104,""t"":1058},{""x"":757,""y"":65,""t"":1092},{""x"":769,""y"":83,""t"":1125},{""x"":775,""y"":99,""t"":1160},{""x"":824,""y"":136,""t"":1194},{""x"":906,""y"":238,""t"":1228},{""x"":948,""y"":360,""t"":1262},{""x"":956,""y"":441,""t"":1295},{""x"":986,""y"":480,""t"":1330},{""x"":993,""y"":552,""t"":1364},{""x"":997,""y"":588,""t"":1399},{""x"":1015,""y"":595,""t"":1432},{""x"":1022,""y"":590,""t"":1466},{""x"":1008,""y"":597,""t"":1500},{""x"":1060,""y"":642,""t"":1535},{""x"":1049,""y"":602,""t"":1569},{""x"":1097,""y"":670,""t"":1602},{""x"":1123,""y"":695,""t"":1634},{""x"":1120,""y"":737,""t"":1670},{""x"":1132,""y"":746,""t"":1704},{""x"":1171,""y"":761,""t"":1739},{""x"":1124,""y"":745,""t"":1771},{""x"":1120,""y"":749,""t"":1809},{""x"":1073,""y"":747,""t"":1838},{""x"":1064,""y"":766,""t"":1874},{""x"":1042,""y"":745,""t"":1908},{""x"":1044,""y"":726,""t"":1941},{""x"":1031,""y"":736,""t"":1975}]","[{""x"":250,""y"":425,""width"":80,""height"":80,""top"":385,""right"":290,""bottom"":465,""left"":210},{""x"":400,""y"":165.1923788646684,""width"":80,""height"":80,""top"":125.1923788646684,""right"":440,""bottom"":205.1923788646684,""left"":360},{""x"":700,""y"":165.1923788646684,""width"":80,""height"":80,""top"":125.1923788646684,""right"":740,""bottom"":205.1923788646684,""left"":660},{""x"":850,""y"":425,""width"":80,""height"":80,""top"":385,""right"":890,""bottom"":465,""left"":810},{""x"":700,""y"":684.8076211353316,""width"":80,""height"":80,""top"":644.8076211353316,""right"":740,""bottom"":724.8076211353316,""left"":660},{""x"":400,""y"":684.8076211353316,""width"":80,""height"":80,""top"":644.8076211353316,""right"":440,""bottom"":724.8076211353316,""left"":360}]","{""#container"":{""x"":410,""y"":129.390625,""width"":1100,""height"":850,""top"":129.390625,""right"":1510,""bottom"":979.390625,""left"":410}}","[{'yellow': 7}, {'green': 6}, {'purple': 0}, {'blue': 0}, {'red': 12}, {'cyan': 0}]",{'yellow': 7},red
215,,,,559.0,6.0,6.0,"[""blue"",""green"",""yellow"",""cyan"",""red"",""purple""]",cyan,True,"[{""x"":1035,""y"":696,""t"":5},{""x"":975,""y"":689,""t"":39},{""x"":945,""y"":638,""t"":72},{""x"":890,""y"":634,""t"":106},{""x"":826,""y"":599,""t"":140},{""x"":800,""y"":608,""t"":174},{""x"":862,""y"":626,""t"":207},{""x"":847,""y"":610,""t"":242},{""x"":893,""y"":514,""t"":277},{""x"":885,""y"":517,""t"":310},{""x"":889,""y"":484,""t"":344},{""x"":936,""y"":428,""t"":379},{""x"":971,""y"":362,""t"":412},{""x"":1000,""y"":309,""t"":444},{""x"":1020,""y"":245,""t"":480},{""x"":1037,""y"":244,""t"":514},{""x"":1047,""y"":178,""t"":548},{""x"":1061,""y"":121,""t"":582},{""x"":1055,""y"":149,""t"":616},{""x"":1047,""y"":116,""t"":650},{""x"":1057,""y"":79,""t"":685},{""x"":1099,""y"":39,""t"":718},{""x"":1114,""y"":68,""t"":752},{""x"":1084,""y"":58,""t"":787},{""x"":1098,""y"":97,""t"":820},{""x"":1095,""y"":79,""t"":852},{""x"":1098,""y"":99,""t"":888},{""x"":1009,""y"":162,""t"":923},{""x"":966,""y"":226,""t"":956},{""x"":891,""y"":278,""t"":990},{""x"":839,""y"":258,""t"":1024},{""x"":793,""y"":247,""t"":1058},{""x"":755,""y"":223,""t"":1092},{""x"":705,""y"":244,""t"":1125},{""x"":662,""y"":226,""t"":1160},{""x"":710,""y"":250,""t"":1195},{""x"":800,""y"":320,""t"":1229},{""x"":845,""y"":395,""t"":1262},{""x"":897,""y"":445,""t"":1297},{""x"":947,""y"":508,""t"":1330},{""x"":978,""y"":574,""t"":1364},{""x"":984,""y"":603,""t"":1398},{""x"":981,""y"":644,""t"":1432},{""x"":999,""y"":678,""t"":1466},{""x"":1039,""y"":704,""t"":1500},{""x"":1027,""y"":727,""t"":1534},{""x"":1039,""y"":745,""t"":1569},{""x"":1032,""y"":754,""t"":1602},{""x"":1020,""y"":742,""t"":1636},{""x"":983,""y"":754,""t"":1670},{""x"":1018,""y"":717,""t"":1704},{""x"":971,""y"":712,""t"":1738},{""x"":1011,""y"":711,""t"":1772},{""x"":1016,""y"":666,""t"":1806},{""x"":1026,""y"":614,""t"":1840},{""x"":1037,""y"":605,""t"":1874},{""x"":1038,""y"":625,""t"":1908},{""x"":1017,""y"":636,""t"":1942},{""x"":1042,""y"":657,""t"":1977}]","[{""x"":250,""y"":425,""width"":80,""height"":80,""top"":385,""right"":290,""bottom"":465,""left"":210},{""x"":400,""y"":165.1923788646684,""width"":80,""height"":80,""top"":125.1923788646684,""right"":440,""bottom"":205.1923788646684,""left"":360},{""x"":700,""y"":165.1923788646684,""width"":80,""height"":80,""top"":125.1923788646684,""right"":740,""bottom"":205.1923788646684,""left"":660},{""x"":850,""y"":425,""width"":80,""height"":80,""top"":385,""right"":890,""bottom"":465,""left"":810},{""x"":700,""y"":684.8076211353316,""width"":80,""height"":80,""top"":644.8076211353316,""right"":740,""bottom"":724.8076211353316,""left"":660},{""x"":400,""y"":684.8076211353316,""width"":80,""height"":80,""top"":644.8076211353316,""right"":440,""bottom"":724.8076211353316,""left"":360}]","{""#container"":{""x"":410,""y"":129.390625,""width"":1100,""height"":850,""top"":129.390625,""right"":1510,""bottom"":979.390625,""left"":410}}","[{'blue': 1}, {'green': 8}, {'yellow': 4}, {'cyan': 0}, {'red': 9}, {'purple': 0}]",,red
216,,,,858.0,6.0,3.0,"[""red"",""blue"",""cyan"",""green"",""yellow"",""purple""]",yellow_1,False,"[{""x"":996,""y"":648,""t"":5},{""x"":989,""y"":587,""t"":41},{""x"":980,""y"":584,""t"":76},{""x"":965,""y"":544,""t"":106},{""x"":968,""y"":550,""t"":141},{""x"":971,""y"":556,""t"":175},{""x"":989,""y"":563,""t"":208},{""x"":1015,""y"":540,""t"":242},{""x"":1043,""y"":499,""t"":275},{""x"":1020,""y"":477,""t"":310},{""x"":1018,""y"":495,""t"":345},{""x"":975,""y"":478,""t"":377},{""x"":1019,""y"":488,""t"":412},{""x"":1043,""y"":541,""t"":446},{""x"":1063,""y"":545,""t"":479},{""x"":1079,""y"":565,""t"":515},{""x"":1090,""y"":603,""t"":548},{""x"":1078,""y"":618,""t"":582},{""x"":1078,""y"":642,""t"":616},{""x"":1040,""y"":696,""t"":650},{""x"":1027,""y"":695,""t"":684},{""x"":971,""y"":718,""t"":718},{""x"":1024,""y"":741,""t"":753},{""x"":1009,""y"":752,""t"":785},{""x"":1043,""y"":762,""t"":830},{""x"":992,""y"":774,""t"":855},{""x"":1027,""y"":769,""t"":888},{""x"":1027,""y"":758,""t"":922},{""x"":1033,""y"":737,""t"":956},{""x"":1041,""y"":679,""t"":990},{""x"":1058,""y"":614,""t"":1024},{""x"":1082,""y"":561,""t"":1058},{""x"":1097,""y"":538,""t"":1092},{""x"":1115,""y"":495,""t"":1125},{""x"":1147,""y"":467,""t"":1161},{""x"":1145,""y"":471,""t"":1194},{""x"":1136,""y"":465,""t"":1228},{""x"":1151,""y"":451,""t"":1262},{""x"":1136,""y"":425,""t"":1296},{""x"":1141,""y"":413,""t"":1330},{""x"":1136,""y"":411,""t"":1363},{""x"":1167,""y"":415,""t"":1398},{""x"":1166,""y"":419,""t"":1429},{""x"":1134,""y"":413,""t"":1466},{""x"":1004,""y"":466,""t"":1500},{""x"":937,""y"":441,""t"":1534},{""x"":845,""y"":494,""t"":1567},{""x"":810,""y"":470,""t"":1601},{""x"":774,""y"":485,""t"":1636},{""x"":720,""y"":471,""t"":1669},{""x"":680,""y"":503,""t"":1703},{""x"":674,""y"":553,""t"":1737},{""x"":678,""y"":572,""t"":1772},{""x"":646,""y"":595,""t"":1806},{""x"":621,""y"":614,""t"":1838},{""x"":601,""y"":619,""t"":1875},{""x"":610,""y"":608,""t"":1907},{""x"":594,""y"":563,""t"":1943},{""x"":579,""y"":558,""t"":1976}]","[{""x"":250,""y"":425,""width"":80,""height"":80,""top"":385,""right"":290,""bottom"":465,""left"":210},{""x"":400,""y"":165.1923788646684,""width"":80,""height"":80,""top"":125.1923788646684,""right"":440,""bottom"":205.1923788646684,""left"":360},{""x"":700,""y"":165.1923788646684,""width"":80,""height"":80,""top"":125.1923788646684,""right"":740,""bottom"":205.1923788646684,""left"":660},{""x"":850,""y"":425,""width"":80,""height"":80,""top"":385,""right"":890,""bottom"":465,""left"":810},{""x"":700,""y"":684.8076211353316,""width"":80,""height"":80,""top"":644.8076211353316,""right"":740,""bottom"":724.8076211353316,""left"":660},{""x"":400,""y"":684.8076211353316,""width"":80,""height"":80,""top"":644.8076211353316,""right"":440,""bottom"":724.8076211353316,""left"":360}]","{""#container"":{""x"":410,""y"":129.390625,""width"":1100,""height"":850,""top"":129.390625,""right"":1510,""bottom"":979.390625,""left"":410}}","[{'red': 11}, {'blue': 0}, {'cyan': 6}, {'green': 2}, {'yellow': 9}, {'purple': 0}]",{'yellow_1': 9},red
217,,,,645.0,3.0,3.0,"[""red"",""green"",""yellow"",""blue"",""purple"",""cyan""]",purple,True,"[{""x"":657,""y"":554,""t"":5},{""x"":739,""y"":572,""t"":38},{""x"":808,""y"":589,""t"":74},{""x"":840,""y"":591,""t"":106},{""x"":877,""y"":589,""t"":141},{""x"":897,""y"":614,""t"":175},{""x"":939,""y"":649,""t"":210},{""x"":938,""y"":677,""t"":242},{""x"":953,""y"":681,""t"":276},{""x"":990,""y"":660,""t"":310},{""x"":1001,""y"":669,""t"":345},{""x"":1034,""y"":611,""t"":378},{""x"":1059,""y"":568,""t"":412},{""x"":1047,""y"":577,""t"":445},{""x"":1052,""y"":530,""t"":480},{""x"":1050,""y"":529,""t"":514},{""x"":1053,""y"":510,""t"":548},{""x"":1063,""y"":526,""t"":581},{""x"":1091,""y"":494,""t"":616},{""x"":1113,""y"":514,""t"":650},{""x"":1112,""y"":432,""t"":682},{""x"":1111,""y"":387,""t"":718},{""x"":1101,""y"":396,""t"":751},{""x"":1075,""y"":368,""t"":786},{""x"":1081,""y"":330,""t"":820},{""x"":997,""y"":328,""t"":854},{""x"":932,""y"":342,""t"":889},{""x"":908,""y"":314,""t"":922},{""x"":860,""y"":359,""t"":956},{""x"":817,""y"":389,""t"":991},{""x"":781,""y"":410,""t"":1023},{""x"":773,""y"":441,""t"":1055},{""x"":766,""y"":401,""t"":1092},{""x"":735,""y"":431,""t"":1125},{""x"":677,""y"":480,""t"":1160},{""x"":632,""y"":569,""t"":1194},{""x"":634,""y"":632,""t"":1228},{""x"":638,""y"":652,""t"":1262},{""x"":602,""y"":671,""t"":1295},{""x"":615,""y"":670,""t"":1330},{""x"":594,""y"":674,""t"":1364},{""x"":575,""y"":676,""t"":1398},{""x"":590,""y"":680,""t"":1432},{""x"":606,""y"":648,""t"":1466},{""x"":612,""y"":580,""t"":1501},{""x"":698,""y"":517,""t"":1534},{""x"":783,""y"":416,""t"":1568},{""x"":870,""y"":394,""t"":1602},{""x"":921,""y"":420,""t"":1636},{""x"":956,""y"":384,""t"":1671},{""x"":1025,""y"":344,""t"":1703},{""x"":1035,""y"":355,""t"":1738},{""x"":1055,""y"":334,""t"":1773},{""x"":1051,""y"":343,""t"":1805},{""x"":1056,""y"":350,""t"":1840},{""x"":1062,""y"":401,""t"":1874},{""x"":1085,""y"":440,""t"":1909},{""x"":1066,""y"":434,""t"":1942},{""x"":1058,""y"":482,""t"":1976}]","[{""x"":250,""y"":425,""width"":80,""height"":80,""top"":385,""right"":290,""bottom"":465,""left"":210},{""x"":400,""y"":165.1923788646684,""width"":80,""height"":80,""top"":125.1923788646684,""right"":440,""bottom"":205.1923788646684,""left"":360},{""x"":700,""y"":165.1923788646684,""width"":80,""height"":80,""top"":125.1923788646684,""right"":740,""bottom"":205.1923788646684,""left"":660},{""x"":850,""y"":425,""width"":80,""height"":80,""top"":385,""right"":890,""bottom"":465,""left"":810},{""x"":700,""y"":684.8076211353316,""width"":80,""height"":80,""top"":644.8076211353316,""right"":740,""bottom"":724.8076211353316,""left"":660},{""x"":400,""y"":684.8076211353316,""width"":80,""height"":80,""top"":644.8076211353316,""right"":440,""bottom"":724.8076211353316,""left"":360}]","{""#container"":{""x"":410,""y"":129.390625,""width"":1100,""height"":850,""top"":129.390625,""right"":1510,""bottom"":979.390625,""left"":410}}","[{'red': 15}, {'green': 8}, {'yellow': 14}, {'blue': 0}, {'purple': 0}, {'cyan': 0}]",,red
218,,,,1247.0,6.0,6.0,"[""red"",""green"",""yellow"",""blue"",""cyan"",""purple""]",blue,True,"[{""x"":1050,""y"":530,""t"":4},{""x"":1039,""y"":547,""t"":44},{""x"":1018,""y"":585,""t"":73},{""x"":1021,""y"":556,""t"":106},{""x"":1026,""y"":567,""t"":140},{""x"":1026,""y"":567,""t"":174},{""x"":1008,""y"":594,""t"":208},{""x"":1008,""y"":556,""t"":242},{""x"":1005,""y"":536,""t"":275},{""x"":1019,""y"":497,""t"":310},{""x"":1013,""y"":542,""t"":344},{""x"":964,""y"":558,""t"":378},{""x"":941,""y"":503,""t"":412},{""x"":887,""y"":483,""t"":446},{""x"":843,""y"":433,""t"":480},{""x"":868,""y"":374,""t"":513},{""x"":848,""y"":344,""t"":548},{""x"":862,""y"":302,""t"":582},{""x"":924,""y"":245,""t"":615},{""x"":957,""y"":167,""t"":651},{""x"":983,""y"":146,""t"":684},{""x"":966,""y"":126,""t"":717},{""x"":937,""y"":109,""t"":751},{""x"":998,""y"":71,""t"":786},{""x"":1049,""y"":85,""t"":820},{""x"":1060,""y"":77,""t"":853},{""x"":1068,""y"":82,""t"":887},{""x"":1030,""y"":110,""t"":923},{""x"":1021,""y"":137,""t"":956},{""x"":964,""y"":146,""t"":990},{""x"":901,""y"":125,""t"":1023},{""x"":879,""y"":169,""t"":1057},{""x"":874,""y"":155,""t"":1092},{""x"":805,""y"":305,""t"":1125},{""x"":777,""y"":411,""t"":1157},{""x"":718,""y"":542,""t"":1194},{""x"":678,""y"":652,""t"":1228},{""x"":659,""y"":746,""t"":1262},{""x"":664,""y"":811,""t"":1296},{""x"":651,""y"":873,""t"":1329},{""x"":664,""y"":872,""t"":1364},{""x"":656,""y"":878,""t"":1398},{""x"":713,""y"":832,""t"":1431},{""x"":800,""y"":743,""t"":1466},{""x"":852,""y"":703,""t"":1499},{""x"":924,""y"":683,""t"":1534},{""x"":961,""y"":661,""t"":1568},{""x"":991,""y"":643,""t"":1602},{""x"":1026,""y"":650,""t"":1636},{""x"":1066,""y"":661,""t"":1669},{""x"":1102,""y"":674,""t"":1703},{""x"":1110,""y"":646,""t"":1738},{""x"":1087,""y"":556,""t"":1772},{""x"":1115,""y"":529,""t"":1805},{""x"":1116,""y"":507,""t"":1840},{""x"":1123,""y"":515,""t"":1874},{""x"":1095,""y"":536,""t"":1908},{""x"":1120,""y"":543,""t"":1941},{""x"":1112,""y"":537,""t"":1977}]","[{""x"":250,""y"":425,""width"":80,""height"":80,""top"":385,""right"":290,""bottom"":465,""left"":210},{""x"":400,""y"":165.1923788646684,""width"":80,""height"":80,""top"":125.1923788646684,""right"":440,""bottom"":205.1923788646684,""left"":360},{""x"":700,""y"":165.1923788646684,""width"":80,""height"":80,""top"":125.1923788646684,""right"":740,""bottom"":205.1923788646684,""left"":660},{""x"":850,""y"":425,""width"":80,""height"":80,""top"":385,""right"":890,""bottom"":465,""left"":810},{""x"":700,""y"":684.8076211353316,""width"":80,""height"":80,""top"":644.8076211353316,""right"":740,""bottom"":724.8076211353316,""left"":660},{""x"":400,""y"":684.8076211353316,""width"":80,""height"":80,""top"":644.8076211353316,""right"":440,""bottom"":724.8076211353316,""left"":360}]","{""#container"":{""x"":410,""y"":129.390625,""width"":1100,""height"":850,""top"":129.390625,""right"":1510,""bottom"":979.390625,""left"":410}}","[{'red': 2}, {'green': 8}, {'yellow': 0}, {'blue': 4}, {'cyan': 1}, {'purple': 4}]",{'blue': 4},green
219,,,,717.0,1.0,1.0,"[""purple"",""yellow"",""blue"",""red"",""green"",""cyan""]",cyan_1,True,"[{""x"":1052,""y"":539,""t"":5},{""x"":1034,""y"":539,""t"":43},{""x"":999,""y"":511,""t"":74},{""x"":948,""y"":540,""t"":107},{""x"":929,""y"":564,""t"":141},{""x"":896,""y"":606,""t"":175},{""x"":877,""y"":607,""t"":208},{""x"":867,""y"":595,""t"":243},{""x"":874,""y"":626,""t"":275},{""x"":856,""y"":625,""t"":310},{""x"":834,""y"":622,""t"":344},{""x"":804,""y"":568,""t"":378},{""x"":781,""y"":502,""t"":412},{""x"":756,""y"":429,""t"":446},{""x"":781,""y"":392,""t"":479},{""x"":792,""y"":352,""t"":513},{""x"":824,""y"":325,""t"":549},{""x"":798,""y"":235,""t"":582},{""x"":773,""y"":239,""t"":616},{""x"":753,""y"":246,""t"":648},{""x"":762,""y"":252,""t"":684},{""x"":746,""y"":211,""t"":719},{""x"":728,""y"":166,""t"":752},{""x"":743,""y"":159,""t"":787},{""x"":785,""y"":197,""t"":821},{""x"":897,""y"":258,""t"":853},{""x"":961,""y"":379,""t"":889},{""x"":1021,""y"":444,""t"":921},{""x"":1056,""y"":498,""t"":956},{""x"":1051,""y"":557,""t"":991},{""x"":1058,""y"":597,""t"":1024},{""x"":1092,""y"":638,""t"":1058},{""x"":1130,""y"":646,""t"":1093},{""x"":1119,""y"":681,""t"":1126},{""x"":1112,""y"":711,""t"":1161},{""x"":1111,""y"":744,""t"":1194},{""x"":1115,""y"":771,""t"":1228},{""x"":1118,""y"":709,""t"":1262},{""x"":1108,""y"":697,""t"":1296},{""x"":1106,""y"":659,""t"":1330},{""x"":1094,""y"":660,""t"":1364},{""x"":1061,""y"":648,""t"":1398},{""x"":1074,""y"":579,""t"":1432},{""x"":1084,""y"":541,""t"":1466},{""x"":1104,""y"":508,""t"":1500},{""x"":1114,""y"":468,""t"":1534},{""x"":1113,""y"":456,""t"":1568},{""x"":1110,""y"":445,""t"":1603},{""x"":1127,""y"":428,""t"":1636},{""x"":1132,""y"":410,""t"":1670},{""x"":1132,""y"":398,""t"":1704},{""x"":1139,""y"":415,""t"":1739},{""x"":1124,""y"":444,""t"":1772},{""x"":1127,""y"":414,""t"":1806},{""x"":1108,""y"":402,""t"":1840},{""x"":1120,""y"":389,""t"":1873},{""x"":1126,""y"":376,""t"":1909},{""x"":1146,""y"":400,""t"":1943},{""x"":1154,""y"":442,""t"":1976}]","[{""x"":250,""y"":425,""width"":80,""height"":80,""top"":385,""right"":290,""bottom"":465,""left"":210},{""x"":400,""y"":165.1923788646684,""width"":80,""height"":80,""top"":125.1923788646684,""right"":440,""bottom"":205.1923788646684,""left"":360},{""x"":700,""y"":165.1923788646684,""width"":80,""height"":80,""top"":125.1923788646684,""right"":740,""bottom"":205.1923788646684,""left"":660},{""x"":850,""y"":425,""width"":80,""height"":80,""top"":385,""right"":890,""bottom"":465,""left"":810},{""x"":700,""y"":684.8076211353316,""width"":80,""height"":80,""top"":644.8076211353316,""right"":740,""bottom"":724.8076211353316,""left"":660},{""x"":400,""y"":684.8076211353316,""width"":80,""height"":80,""top"":644.8076211353316,""right"":440,""bottom"":724.8076211353316,""left"":360}]","{""#container"":{""x"":410,""y"":129.390625,""width"":1100,""height"":850,""top"":129.390625,""right"":1510,""bottom"":979.390625,""left"":410}}","[{'purple': 2}, {'yellow': 11}, {'blue': 9}, {'red': 0}, {'green': 6}, {'cyan': 0}]",,yellow
220,,,,618.0,4.0,4.0,"[""red"",""yellow"",""blue"",""cyan"",""green"",""purple""]",red,True,"[{""x"":1093,""y"":469,""t"":5},{""x"":1016,""y"":460,""t"":43},{""x"":960,""y"":463,""t"":74},{""x"":914,""y"":427,""t"":106},{""x"":882,""y"":475,""t"":141},{""x"":818,""y"":444,""t"":174},{""x"":798,""y"":490,""t"":208},{""x"":805,""y"":514,""t"":240},{""x"":818,""y"":486,""t"":277},{""x"":790,""y"":473,""t"":310},{""x"":756,""y"":478,""t"":344},{""x"":756,""y"":517,""t"":378},{""x"":748,""y"":427,""t"":412},{""x"":753,""y"":416,""t"":446},{""x"":740,""y"":299,""t"":479},{""x"":732,""y"":262,""t"":514},{""x"":713,""y"":236,""t"":548},{""x"":691,""y"":168,""t"":582},{""x"":741,""y"":196,""t"":615},{""x"":762,""y"":194,""t"":649},{""x"":766,""y"":208,""t"":683},{""x"":771,""y"":223,""t"":719},{""x"":822,""y"":300,""t"":753},{""x"":926,""y"":394,""t"":785},{""x"":999,""y"":500,""t"":820},{""x"":993,""y"":574,""t"":854},{""x"":1072,""y"":614,""t"":888},{""x"":1062,""y"":649,""t"":922},{""x"":1079,""y"":687,""t"":955},{""x"":1064,""y"":756,""t"":991},{""x"":1046,""y"":784,""t"":1025},{""x"":1019,""y"":799,""t"":1058},{""x"":1036,""y"":815,""t"":1092},{""x"":1031,""y"":838,""t"":1126},{""x"":1011,""y"":845,""t"":1161},{""x"":1002,""y"":839,""t"":1194},{""x"":1007,""y"":854,""t"":1228},{""x"":985,""y"":834,""t"":1262},{""x"":954,""y"":807,""t"":1297},{""x"":924,""y"":746,""t"":1330},{""x"":843,""y"":694,""t"":1364},{""x"":812,""y"":661,""t"":1398},{""x"":781,""y"":592,""t"":1432},{""x"":743,""y"":565,""t"":1465},{""x"":755,""y"":562,""t"":1499},{""x"":705,""y"":489,""t"":1535},{""x"":670,""y"":462,""t"":1568},{""x"":655,""y"":453,""t"":1601},{""x"":627,""y"":439,""t"":1637},{""x"":606,""y"":430,""t"":1670},{""x"":622,""y"":441,""t"":1705},{""x"":611,""y"":485,""t"":1737},{""x"":587,""y"":519,""t"":1771},{""x"":588,""y"":556,""t"":1805},{""x"":591,""y"":587,""t"":1837},{""x"":628,""y"":643,""t"":1873},{""x"":628,""y"":652,""t"":1908},{""x"":612,""y"":692,""t"":1942},{""x"":626,""y"":699,""t"":1975}]","[{""x"":250,""y"":425,""width"":80,""height"":80,""top"":385,""right"":290,""bottom"":465,""left"":210},{""x"":400,""y"":165.1923788646684,""width"":80,""height"":80,""top"":125.1923788646684,""right"":440,""bottom"":205.1923788646684,""left"":360},{""x"":700,""y"":165.1923788646684,""width"":80,""height"":80,""top"":125.1923788646684,""right"":740,""bottom"":205.1923788646684,""left"":660},{""x"":850,""y"":425,""width"":80,""height"":80,""top"":385,""right"":890,""bottom"":465,""left"":810},{""x"":700,""y"":684.8076211353316,""width"":80,""height"":80,""top"":644.8076211353316,""right"":740,""bottom"":724.8076211353316,""left"":660},{""x"":400,""y"":684.8076211353316,""width"":80,""height"":80,""top"":644.8076211353316,""right"":440,""bottom"":724.8076211353316,""left"":360}]","{""#container"":{""x"":410,""y"":129.390625,""width"":1100,""height"":850,""top"":129.390625,""right"":1510,""bottom"":979.390625,""left"":410}}","[{'red': 19}, {'yellow': 11}, {'blue': 0}, {'cyan': 0}, {'green': 10}, {'purple': 3}]",{'red': 19},red
221,,,,1642.0,7.0,7.0,"[""yellow"",""green"",""purple"",""red"",""blue"",""cyan""]",green,True,"[{""x"":694,""y"":662,""t"":5},{""x"":766,""y"":640,""t"":47},{""x"":832,""y"":659,""t"":78},{""x"":840,""y"":652,""t"":109},{""x"":847,""y"":639,""t"":140},{""x"":892,""y"":614,""t"":174},{""x"":936,""y"":599,""t"":209},{""x"":965,""y"":605,""t"":242},{""x"":959,""y"":587,""t"":276},{""x"":962,""y"":564,""t"":310},{""x"":935,""y"":555,""t"":344},{""x"":912,""y"":556,""t"":375},{""x"":896,""y"":493,""t"":412},{""x"":881,""y"":458,""t"":446},{""x"":888,""y"":426,""t"":480},{""x"":863,""y"":380,""t"":514},{""x"":838,""y"":340,""t"":548},{""x"":804,""y"":357,""t"":582},{""x"":782,""y"":410,""t"":616},{""x"":743,""y"":470,""t"":650},{""x"":701,""y"":504,""t"":683},{""x"":682,""y"":535,""t"":718},{""x"":677,""y"":523,""t"":752},{""x"":688,""y"":534,""t"":786},{""x"":668,""y"":500,""t"":819},{""x"":711,""y"":420,""t"":854},{""x"":694,""y"":327,""t"":888},{""x"":720,""y"":299,""t"":923},{""x"":735,""y"":249,""t"":956},{""x"":756,""y"":176,""t"":990},{""x"":769,""y"":180,""t"":1024},{""x"":872,""y"":171,""t"":1058},{""x"":925,""y"":238,""t"":1092},{""x"":999,""y"":250,""t"":1126},{""x"":1075,""y"":268,""t"":1160},{""x"":1123,""y"":259,""t"":1193},{""x"":1151,""y"":353,""t"":1228},{""x"":1195,""y"":395,""t"":1262},{""x"":1225,""y"":414,""t"":1297},{""x"":1234,""y"":434,""t"":1330},{""x"":1225,""y"":520,""t"":1364},{""x"":1216,""y"":563,""t"":1398},{""x"":1233,""y"":549,""t"":1432},{""x"":1237,""y"":517,""t"":1465},{""x"":1226,""y"":545,""t"":1499},{""x"":1230,""y"":521,""t"":1534},{""x"":1221,""y"":556,""t"":1566},{""x"":1218,""y"":547,""t"":1603},{""x"":1191,""y"":525,""t"":1636},{""x"":1189,""y"":533,""t"":1670},{""x"":1184,""y"":487,""t"":1704},{""x"":1176,""y"":499,""t"":1737},{""x"":1169,""y"":523,""t"":1772},{""x"":1152,""y"":469,""t"":1806},{""x"":1144,""y"":509,""t"":1840},{""x"":1122,""y"":484,""t"":1874},{""x"":1117,""y"":442,""t"":1908},{""x"":1121,""y"":428,""t"":1942},{""x"":1123,""y"":461,""t"":1974}]","[{""x"":250,""y"":425,""width"":80,""height"":80,""top"":385,""right"":290,""bottom"":465,""left"":210},{""x"":400,""y"":165.1923788646684,""width"":80,""height"":80,""top"":125.1923788646684,""right"":440,""bottom"":205.1923788646684,""left"":360},{""x"":700,""y"":165.1923788646684,""width"":80,""height"":80,""top"":125.1923788646684,""right"":740,""bottom"":205.1923788646684,""left"":660},{""x"":850,""y"":425,""width"":80,""height"":80,""top"":385,""right"":890,""bottom"":465,""left"":810},{""x"":700,""y"":684.8076211353316,""width"":80,""height"":80,""top"":644.8076211353316,""right"":740,""bottom"":724.8076211353316,""left"":660},{""x"":400,""y"":684.8076211353316,""width"":80,""height"":80,""top"":644.8076211353316,""right"":440,""bottom"":724.8076211353316,""left"":360}]","{""#container"":{""x"":410,""y"":129.390625,""width"":1100,""height"":850,""top"":129.390625,""right"":1510,""bottom"":979.390625,""left"":410}}","[{'yellow': 9}, {'green': 11}, {'purple': 7}, {'red': 17}, {'blue': 0}, {'cyan': 0}]",{'green': 11},red
222,,,,1207.0,1.0,1.0,"[""red"",""cyan"",""blue"",""purple"",""yellow"",""green""]",green,True,"[{""x"":1042,""y"":488,""t"":5},{""x"":976,""y"":503,""t"":40},{""x"":909,""y"":532,""t"":72},{""x"":864,""y"":571,""t"":107},{""x"":819,""y"":627,""t"":140},{""x"":815,""y"":647,""t"":174},{""x"":809,""y"":709,""t"":208},{""x"":827,""y"":709,""t"":242},{""x"":845,""y"":706,""t"":274},{""x"":844,""y"":701,""t"":310},{""x"":857,""y"":709,""t"":344},{""x"":841,""y"":735,""t"":378},{""x"":855,""y"":685,""t"":412},{""x"":838,""y"":653,""t"":445},{""x"":828,""y"":661,""t"":481},{""x"":832,""y"":665,""t"":514},{""x"":815,""y"":698,""t"":548},{""x"":795,""y"":708,""t"":582},{""x"":789,""y"":709,""t"":616},{""x"":818,""y"":726,""t"":650},{""x"":822,""y"":737,""t"":684},{""x"":820,""y"":753,""t"":718},{""x"":790,""y"":784,""t"":752},{""x"":781,""y"":763,""t"":787},{""x"":799,""y"":751,""t"":820},{""x"":801,""y"":727,""t"":854},{""x"":801,""y"":684,""t"":888},{""x"":793,""y"":671,""t"":923},{""x"":774,""y"":706,""t"":956},{""x"":739,""y"":722,""t"":989},{""x"":722,""y"":699,""t"":1023},{""x"":770,""y"":714,""t"":1059},{""x"":788,""y"":711,""t"":1092},{""x"":809,""y"":677,""t"":1125},{""x"":821,""y"":637,""t"":1160},{""x"":865,""y"":577,""t"":1194},{""x"":857,""y"":610,""t"":1228},{""x"":922,""y"":620,""t"":1262},{""x"":992,""y"":616,""t"":1296},{""x"":1076,""y"":604,""t"":1330},{""x"":1137,""y"":577,""t"":1363},{""x"":1122,""y"":528,""t"":1398},{""x"":1117,""y"":537,""t"":1432},{""x"":1157,""y"":502,""t"":1466},{""x"":1143,""y"":529,""t"":1500},{""x"":1170,""y"":570,""t"":1534},{""x"":1180,""y"":622,""t"":1569},{""x"":1177,""y"":680,""t"":1602},{""x"":1180,""y"":709,""t"":1636},{""x"":1188,""y"":697,""t"":1669},{""x"":1197,""y"":712,""t"":1704},{""x"":1162,""y"":692,""t"":1739},{""x"":1124,""y"":677,""t"":1772},{""x"":1151,""y"":639,""t"":1806},{""x"":1173,""y"":606,""t"":1838},{""x"":1190,""y"":658,""t"":1874},{""x"":1154,""y"":699,""t"":1908},{""x"":1110,""y"":736,""t"":1943},{""x"":1108,""y"":772,""t"":1975}]","[{""x"":250,""y"":425,""width"":80,""height"":80,""top"":385,""right"":290,""bottom"":465,""left"":210},{""x"":400,""y"":165.1923788646684,""width"":80,""height"":80,""top"":125.1923788646684,""right"":440,""bottom"":205.1923788646684,""left"":360},{""x"":700,""y"":165.1923788646684,""width"":80,""height"":80,""top"":125.1923788646684,""right"":740,""bottom"":205.1923788646684,""left"":660},{""x"":850,""y"":425,""width"":80,""height"":80,""top"":385,""right"":890,""bottom"":465,""left"":810},{""x"":700,""y"":684.8076211353316,""width"":80,""height"":80,""top"":644.8076211353316,""right"":740,""bottom"":724.8076211353316,""left"":660},{""x"":400,""y"":684.8076211353316,""width"":80,""height"":80,""top"":644.8076211353316,""right"":440,""bottom"":724.8076211353316,""left"":360}]","{""#container"":{""x"":410,""y"":129.390625,""width"":1100,""height"":850,""top"":129.390625,""right"":1510,""bottom"":979.390625,""left"":410}}","[{'red': 0}, {'cyan': 0}, {'blue': 0}, {'purple': 10}, {'yellow': 9}, {'green': 25}]",{'green': 25},green
223,,,,712.0,4.0,4.0,"[""green"",""cyan"",""purple"",""red"",""blue"",""yellow""]",green,True,"[{""x"":1096,""y"":757,""t"":5},{""x"":1024,""y"":698,""t"":47},{""x"":1021,""y"":649,""t"":75},{""x"":1012,""y"":646,""t"":107},{""x"":1001,""y"":594,""t"":140},{""x"":993,""y"":558,""t"":171},{""x"":963,""y"":559,""t"":208},{""x"":899,""y"":564,""t"":242},{""x"":854,""y"":606,""t"":276},{""x"":848,""y"":579,""t"":310},{""x"":783,""y"":610,""t"":345},{""x"":756,""y"":568,""t"":378},{""x"":710,""y"":633,""t"":412},{""x"":696,""y"":697,""t"":446},{""x"":682,""y"":670,""t"":480},{""x"":645,""y"":717,""t"":514},{""x"":626,""y"":760,""t"":546},{""x"":672,""y"":790,""t"":582},{""x"":725,""y"":794,""t"":616},{""x"":764,""y"":814,""t"":650},{""x"":820,""y"":810,""t"":685},{""x"":807,""y"":847,""t"":718},{""x"":799,""y"":841,""t"":752},{""x"":804,""y"":783,""t"":787},{""x"":765,""y"":712,""t"":820},{""x"":703,""y"":691,""t"":854},{""x"":692,""y"":673,""t"":889},{""x"":714,""y"":599,""t"":922},{""x"":731,""y"":510,""t"":956},{""x"":807,""y"":434,""t"":990},{""x"":929,""y"":349,""t"":1023},{""x"":1011,""y"":328,""t"":1058},{""x"":1026,""y"":306,""t"":1091},{""x"":1055,""y"":273,""t"":1126},{""x"":1118,""y"":282,""t"":1165},{""x"":1184,""y"":191,""t"":1194},{""x"":1221,""y"":172,""t"":1228},{""x"":1232,""y"":185,""t"":1262},{""x"":1267,""y"":205,""t"":1295},{""x"":1295,""y"":202,""t"":1330},{""x"":1299,""y"":214,""t"":1364},{""x"":1314,""y"":204,""t"":1398},{""x"":1311,""y"":179,""t"":1431},{""x"":1287,""y"":184,""t"":1466},{""x"":1271,""y"":209,""t"":1500},{""x"":1231,""y"":224,""t"":1539},{""x"":1263,""y"":253,""t"":1568},{""x"":1239,""y"":282,""t"":1602},{""x"":1244,""y"":289,""t"":1636},{""x"":1209,""y"":372,""t"":1670},{""x"":1214,""y"":369,""t"":1704},{""x"":1218,""y"":365,""t"":1735},{""x"":1226,""y"":375,""t"":1773},{""x"":1205,""y"":388,""t"":1806},{""x"":1247,""y"":393,""t"":1840},{""x"":1251,""y"":427,""t"":1874},{""x"":1262,""y"":449,""t"":1908},{""x"":1247,""y"":441,""t"":1942},{""x"":1187,""y"":383,""t"":1976}]","[{""x"":250,""y"":425,""width"":80,""height"":80,""top"":385,""right"":290,""bottom"":465,""left"":210},{""x"":400,""y"":165.1923788646684,""width"":80,""height"":80,""top"":125.1923788646684,""right"":440,""bottom"":205.1923788646684,""left"":360},{""x"":700,""y"":165.1923788646684,""width"":80,""height"":80,""top"":125.1923788646684,""right"":740,""bottom"":205.1923788646684,""left"":660},{""x"":850,""y"":425,""width"":80,""height"":80,""top"":385,""right"":890,""bottom"":465,""left"":810},{""x"":700,""y"":684.8076211353316,""width"":80,""height"":80,""top"":644.8076211353316,""right"":740,""bottom"":724.8076211353316,""left"":660},{""x"":400,""y"":684.8076211353316,""width"":80,""height"":80,""top"":644.8076211353316,""right"":440,""bottom"":724.8076211353316,""left"":360}]","{""#container"":{""x"":410,""y"":129.390625,""width"":1100,""height"":850,""top"":129.390625,""right"":1510,""bottom"":979.390625,""left"":410}}","[{'green': 9}, {'cyan': 2}, {'purple': 14}, {'red': 3}, {'blue': 2}, {'yellow': 8}]",{'green': 9},purple
224,,,,674.0,9.0,9.0,"[""yellow"",""red"",""purple"",""green"",""cyan"",""blue""]",purple,True,"[{""x"":1153,""y"":421,""t"":4},{""x"":1086,""y"":483,""t"":38},{""x"":1072,""y"":476,""t"":73},{""x"":1031,""y"":513,""t"":106},{""x"":1007,""y"":547,""t"":140},{""x"":994,""y"":548,""t"":174},{""x"":989,""y"":543,""t"":208},{""x"":1011,""y"":532,""t"":242},{""x"":1013,""y"":512,""t"":276},{""x"":1011,""y"":519,""t"":311},{""x"":943,""y"":589,""t"":344},{""x"":893,""y"":620,""t"":378},{""x"":855,""y"":626,""t"":412},{""x"":821,""y"":628,""t"":446},{""x"":799,""y"":569,""t"":480},{""x"":752,""y"":543,""t"":513},{""x"":711,""y"":534,""t"":548},{""x"":707,""y"":517,""t"":582},{""x"":691,""y"":538,""t"":615},{""x"":682,""y"":537,""t"":651},{""x"":687,""y"":547,""t"":684},{""x"":693,""y"":577,""t"":717},{""x"":722,""y"":584,""t"":752},{""x"":797,""y"":551,""t"":786},{""x"":903,""y"":513,""t"":820},{""x"":1002,""y"":455,""t"":854},{""x"":1092,""y"":411,""t"":888},{""x"":1161,""y"":375,""t"":921},{""x"":1209,""y"":340,""t"":956},{""x"":1245,""y"":313,""t"":988},{""x"":1268,""y"":261,""t"":1024},{""x"":1271,""y"":252,""t"":1058},{""x"":1281,""y"":239,""t"":1092},{""x"":1272,""y"":246,""t"":1126},{""x"":1265,""y"":217,""t"":1160},{""x"":1194,""y"":212,""t"":1194},{""x"":1124,""y"":148,""t"":1228},{""x"":1017,""y"":106,""t"":1262},{""x"":967,""y"":66,""t"":1296},{""x"":937,""y"":28,""t"":1330},{""x"":895,""y"":-9,""t"":1362},{""x"":832,""y"":11,""t"":1399},{""x"":817,""y"":50,""t"":1431},{""x"":798,""y"":103,""t"":1466},{""x"":808,""y"":146,""t"":1500},{""x"":778,""y"":179,""t"":1533},{""x"":797,""y"":213,""t"":1568},{""x"":788,""y"":235,""t"":1602},{""x"":811,""y"":241,""t"":1636},{""x"":785,""y"":259,""t"":1670},{""x"":788,""y"":258,""t"":1704},{""x"":784,""y"":332,""t"":1739},{""x"":827,""y"":391,""t"":1773},{""x"":888,""y"":474,""t"":1806},{""x"":940,""y"":491,""t"":1840},{""x"":998,""y"":459,""t"":1874},{""x"":1063,""y"":474,""t"":1908},{""x"":1094,""y"":429,""t"":1942},{""x"":1090,""y"":350,""t"":1976}]","[{""x"":250,""y"":425,""width"":80,""height"":80,""top"":385,""right"":290,""bottom"":465,""left"":210},{""x"":400,""y"":165.1923788646684,""width"":80,""height"":80,""top"":125.1923788646684,""right"":440,""bottom"":205.1923788646684,""left"":360},{""x"":700,""y"":165.1923788646684,""width"":80,""height"":80,""top"":125.1923788646684,""right"":740,""bottom"":205.1923788646684,""left"":660},{""x"":850,""y"":425,""width"":80,""height"":80,""top"":385,""right"":890,""bottom"":465,""left"":810},{""x"":700,""y"":684.8076211353316,""width"":80,""height"":80,""top"":644.8076211353316,""right"":740,""bottom"":724.8076211353316,""left"":660},{""x"":400,""y"":684.8076211353316,""width"":80,""height"":80,""top"":644.8076211353316,""right"":440,""bottom"":724.8076211353316,""left"":360}]","{""#container"":{""x"":410,""y"":129.390625,""width"":1100,""height"":850,""top"":129.390625,""right"":1510,""bottom"":979.390625,""left"":410}}","[{'yellow': 10}, {'red': 9}, {'purple': 9}, {'green': 0}, {'cyan': 0}, {'blue': 0}]",{'purple': 9},yellow
225,,,,840.0,9.0,9.0,"[""purple"",""green"",""cyan"",""yellow"",""blue"",""red""]",cyan_1,True,"[{""x"":1029,""y"":363,""t"":5},{""x"":1056,""y"":453,""t"":46},{""x"":1046,""y"":517,""t"":72},{""x"":1008,""y"":564,""t"":118},{""x"":962,""y"":587,""t"":147},{""x"":923,""y"":626,""t"":174},{""x"":932,""y"":624,""t"":208},{""x"":922,""y"":613,""t"":243},{""x"":916,""y"":583,""t"":276},{""x"":907,""y"":623,""t"":310},{""x"":851,""y"":640,""t"":344},{""x"":824,""y"":588,""t"":378},{""x"":792,""y"":539,""t"":411},{""x"":789,""y"":511,""t"":446},{""x"":770,""y"":480,""t"":481},{""x"":763,""y"":442,""t"":514},{""x"":759,""y"":412,""t"":547},{""x"":834,""y"":368,""t"":582},{""x"":962,""y"":335,""t"":616},{""x"":1009,""y"":313,""t"":650},{""x"":1115,""y"":333,""t"":684},{""x"":1180,""y"":370,""t"":718},{""x"":1220,""y"":373,""t"":752},{""x"":1226,""y"":343,""t"":786},{""x"":1236,""y"":333,""t"":820},{""x"":1215,""y"":311,""t"":854},{""x"":1228,""y"":301,""t"":888},{""x"":1202,""y"":285,""t"":921},{""x"":1198,""y"":279,""t"":957},{""x"":1209,""y"":238,""t"":990},{""x"":1201,""y"":240,""t"":1024},{""x"":1218,""y"":281,""t"":1058},{""x"":1239,""y"":250,""t"":1093},{""x"":1246,""y"":214,""t"":1126},{""x"":1239,""y"":237,""t"":1161},{""x"":1255,""y"":253,""t"":1194},{""x"":1281,""y"":237,""t"":1228},{""x"":1235,""y"":289,""t"":1262},{""x"":1153,""y"":362,""t"":1296},{""x"":1104,""y"":448,""t"":1329},{""x"":1049,""y"":563,""t"":1364},{""x"":982,""y"":668,""t"":1396},{""x"":927,""y"":728,""t"":1431},{""x"":887,""y"":759,""t"":1466},{""x"":846,""y"":794,""t"":1500},{""x"":794,""y"":819,""t"":1534},{""x"":769,""y"":764,""t"":1568},{""x"":751,""y"":572,""t"":1602},{""x"":675,""y"":421,""t"":1636},{""x"":684,""y"":357,""t"":1670},{""x"":681,""y"":282,""t"":1705},{""x"":701,""y"":259,""t"":1737},{""x"":681,""y"":158,""t"":1772},{""x"":674,""y"":129,""t"":1804},{""x"":661,""y"":45,""t"":1840},{""x"":694,""y"":52,""t"":1873},{""x"":728,""y"":-15,""t"":1909},{""x"":746,""y"":-3,""t"":1942},{""x"":766,""y"":41,""t"":1976}]","[{""x"":250,""y"":425,""width"":80,""height"":80,""top"":385,""right"":290,""bottom"":465,""left"":210},{""x"":400,""y"":165.1923788646684,""width"":80,""height"":80,""top"":125.1923788646684,""right"":440,""bottom"":205.1923788646684,""left"":360},{""x"":700,""y"":165.1923788646684,""width"":80,""height"":80,""top"":125.1923788646684,""right"":740,""bottom"":205.1923788646684,""left"":660},{""x"":850,""y"":425,""width"":80,""height"":80,""top"":385,""right"":890,""bottom"":465,""left"":810},{""x"":700,""y"":684.8076211353316,""width"":80,""height"":80,""top"":644.8076211353316,""right"":740,""bottom"":724.8076211353316,""left"":660},{""x"":400,""y"":684.8076211353316,""width"":80,""height"":80,""top"":644.8076211353316,""right"":440,""bottom"":724.8076211353316,""left"":360}]","{""#container"":{""x"":410,""y"":129.390625,""width"":1100,""height"":850,""top"":129.390625,""right"":1510,""bottom"":979.390625,""left"":410}}","[{'purple': 5}, {'green': 5}, {'cyan': 18}, {'yellow': 0}, {'blue': 0}, {'red': 5}]",{'cyan_1': 18},cyan_1
226,,,,685.0,3.0,3.0,"[""yellow"",""purple"",""green"",""cyan"",""blue"",""red""]",blue_1,True,"[{""x"":829,""y"":112,""t"":5},{""x"":877,""y"":205,""t"":40},{""x"":908,""y"":311,""t"":72},{""x"":938,""y"":363,""t"":106},{""x"":961,""y"":405,""t"":137},{""x"":986,""y"":477,""t"":174},{""x"":1011,""y"":541,""t"":208},{""x"":1032,""y"":569,""t"":242},{""x"":1047,""y"":600,""t"":276},{""x"":1046,""y"":608,""t"":310},{""x"":1076,""y"":618,""t"":343},{""x"":1113,""y"":575,""t"":379},{""x"":1151,""y"":520,""t"":411},{""x"":1145,""y"":430,""t"":446},{""x"":1148,""y"":361,""t"":480},{""x"":1156,""y"":303,""t"":515},{""x"":1064,""y"":214,""t"":549},{""x"":990,""y"":223,""t"":582},{""x"":929,""y"":227,""t"":616},{""x"":893,""y"":294,""t"":651},{""x"":838,""y"":308,""t"":683},{""x"":802,""y"":365,""t"":718},{""x"":755,""y"":377,""t"":752},{""x"":718,""y"":412,""t"":786},{""x"":716,""y"":426,""t"":820},{""x"":711,""y"":449,""t"":854},{""x"":716,""y"":525,""t"":888},{""x"":693,""y"":565,""t"":922},{""x"":732,""y"":549,""t"":956},{""x"":813,""y"":451,""t"":990},{""x"":856,""y"":406,""t"":1024},{""x"":886,""y"":345,""t"":1059},{""x"":886,""y"":293,""t"":1091},{""x"":934,""y"":188,""t"":1126},{""x"":938,""y"":149,""t"":1160},{""x"":991,""y"":91,""t"":1194},{""x"":970,""y"":61,""t"":1229},{""x"":972,""y"":24,""t"":1262},{""x"":1000,""y"":10,""t"":1296},{""x"":993,""y"":1,""t"":1330},{""x"":1009,""y"":12,""t"":1364},{""x"":1008,""y"":42,""t"":1399},{""x"":965,""y"":91,""t"":1431},{""x"":987,""y"":122,""t"":1466},{""x"":980,""y"":169,""t"":1500},{""x"":985,""y"":327,""t"":1534},{""x"":988,""y"":446,""t"":1568},{""x"":972,""y"":572,""t"":1602},{""x"":956,""y"":649,""t"":1637},{""x"":944,""y"":730,""t"":1670},{""x"":920,""y"":784,""t"":1701},{""x"":892,""y"":807,""t"":1740},{""x"":886,""y"":836,""t"":1772},{""x"":867,""y"":843,""t"":1807},{""x"":878,""y"":849,""t"":1839},{""x"":888,""y"":817,""t"":1873},{""x"":889,""y"":784,""t"":1909},{""x"":885,""y"":770,""t"":1942},{""x"":845,""y"":762,""t"":1976}]","[{""x"":250,""y"":425,""width"":80,""height"":80,""top"":385,""right"":290,""bottom"":465,""left"":210},{""x"":400,""y"":165.1923788646684,""width"":80,""height"":80,""top"":125.1923788646684,""right"":440,""bottom"":205.1923788646684,""left"":360},{""x"":700,""y"":165.1923788646684,""width"":80,""height"":80,""top"":125.1923788646684,""right"":740,""bottom"":205.1923788646684,""left"":660},{""x"":850,""y"":425,""width"":80,""height"":80,""top"":385,""right"":890,""bottom"":465,""left"":810},{""x"":700,""y"":684.8076211353316,""width"":80,""height"":80,""top"":644.8076211353316,""right"":740,""bottom"":724.8076211353316,""left"":660},{""x"":400,""y"":684.8076211353316,""width"":80,""height"":80,""top"":644.8076211353316,""right"":440,""bottom"":724.8076211353316,""left"":360}]","{""#container"":{""x"":410,""y"":129.390625,""width"":1100,""height"":850,""top"":129.390625,""right"":1510,""bottom"":979.390625,""left"":410}}","[{'yellow': 5}, {'purple': 12}, {'green': 6}, {'cyan': 2}, {'blue': 0}, {'red': 9}]",,purple
227,,,,930.0,4.0,4.0,"[""green"",""blue"",""red"",""yellow"",""cyan"",""purple""]",green_1,True,"[{""x"":907,""y"":744,""t"":5},{""x"":933,""y"":658,""t"":40},{""x"":973,""y"":610,""t"":73},{""x"":989,""y"":576,""t"":107},{""x"":1003,""y"":527,""t"":140},{""x"":1021,""y"":487,""t"":174},{""x"":1009,""y"":467,""t"":208},{""x"":985,""y"":523,""t"":242},{""x"":1040,""y"":531,""t"":277},{""x"":1059,""y"":521,""t"":310},{""x"":1020,""y"":515,""t"":344},{""x"":989,""y"":565,""t"":378},{""x"":928,""y"":627,""t"":411},{""x"":896,""y"":616,""t"":447},{""x"":878,""y"":616,""t"":480},{""x"":844,""y"":598,""t"":515},{""x"":780,""y"":569,""t"":547},{""x"":764,""y"":606,""t"":582},{""x"":806,""y"":596,""t"":617},{""x"":906,""y"":515,""t"":650},{""x"":980,""y"":458,""t"":683},{""x"":1047,""y"":423,""t"":718},{""x"":1098,""y"":349,""t"":752},{""x"":1140,""y"":269,""t"":786},{""x"":1166,""y"":242,""t"":820},{""x"":1175,""y"":236,""t"":854},{""x"":1173,""y"":222,""t"":888},{""x"":1179,""y"":212,""t"":922},{""x"":1182,""y"":207,""t"":953},{""x"":1180,""y"":174,""t"":989},{""x"":1178,""y"":159,""t"":1023},{""x"":1182,""y"":202,""t"":1059},{""x"":1119,""y"":179,""t"":1092},{""x"":1014,""y"":225,""t"":1125},{""x"":920,""y"":240,""t"":1159},{""x"":890,""y"":234,""t"":1193},{""x"":840,""y"":249,""t"":1228},{""x"":720,""y"":296,""t"":1261},{""x"":702,""y"":300,""t"":1295},{""x"":687,""y"":355,""t"":1329},{""x"":680,""y"":342,""t"":1362},{""x"":746,""y"":313,""t"":1399},{""x"":840,""y"":314,""t"":1431},{""x"":873,""y"":274,""t"":1465},{""x"":900,""y"":276,""t"":1500},{""x"":981,""y"":216,""t"":1534},{""x"":984,""y"":176,""t"":1567},{""x"":1026,""y"":155,""t"":1601},{""x"":1035,""y"":153,""t"":1636},{""x"":1015,""y"":91,""t"":1670},{""x"":1016,""y"":95,""t"":1704},{""x"":1030,""y"":84,""t"":1738},{""x"":1043,""y"":81,""t"":1772},{""x"":1076,""y"":88,""t"":1805},{""x"":1065,""y"":104,""t"":1840},{""x"":1105,""y"":103,""t"":1874},{""x"":1092,""y"":74,""t"":1907},{""x"":1067,""y"":56,""t"":1942},{""x"":1060,""y"":68,""t"":1976}]","[{""x"":250,""y"":425,""width"":80,""height"":80,""top"":385,""right"":290,""bottom"":465,""left"":210},{""x"":400,""y"":165.1923788646684,""width"":80,""height"":80,""top"":125.1923788646684,""right"":440,""bottom"":205.1923788646684,""left"":360},{""x"":700,""y"":165.1923788646684,""width"":80,""height"":80,""top"":125.1923788646684,""right"":740,""bottom"":205.1923788646684,""left"":660},{""x"":850,""y"":425,""width"":80,""height"":80,""top"":385,""right"":890,""bottom"":465,""left"":810},{""x"":700,""y"":684.8076211353316,""width"":80,""height"":80,""top"":644.8076211353316,""right"":740,""bottom"":724.8076211353316,""left"":660},{""x"":400,""y"":684.8076211353316,""width"":80,""height"":80,""top"":644.8076211353316,""right"":440,""bottom"":724.8076211353316,""left"":360}]","{""#container"":{""x"":410,""y"":129.390625,""width"":1100,""height"":850,""top"":129.390625,""right"":1510,""bottom"":979.390625,""left"":410}}","[{'green': 2}, {'blue': 11}, {'red': 12}, {'yellow': 0}, {'cyan': 0}, {'purple': 1}]",{'green_1': 2},red
228,,,,697.0,9.0,9.0,"[""red"",""cyan"",""purple"",""green"",""yellow"",""blue""]",purple_1,True,"[{""x"":1008,""y"":219,""t"":4},{""x"":1009,""y"":308,""t"":43},{""x"":1026,""y"":357,""t"":73},{""x"":978,""y"":408,""t"":106},{""x"":950,""y"":486,""t"":140},{""x"":939,""y"":499,""t"":173},{""x"":917,""y"":519,""t"":208},{""x"":934,""y"":565,""t"":243},{""x"":937,""y"":584,""t"":277},{""x"":993,""y"":578,""t"":311},{""x"":982,""y"":611,""t"":344},{""x"":962,""y"":589,""t"":378},{""x"":975,""y"":612,""t"":412},{""x"":961,""y"":608,""t"":446},{""x"":951,""y"":625,""t"":480},{""x"":948,""y"":599,""t"":514},{""x"":943,""y"":606,""t"":548},{""x"":938,""y"":625,""t"":582},{""x"":992,""y"":556,""t"":616},{""x"":1047,""y"":543,""t"":650},{""x"":1119,""y"":535,""t"":684},{""x"":1158,""y"":506,""t"":719},{""x"":1215,""y"":514,""t"":753},{""x"":1213,""y"":453,""t"":787},{""x"":1241,""y"":479,""t"":820},{""x"":1260,""y"":490,""t"":854},{""x"":1264,""y"":488,""t"":888},{""x"":1281,""y"":509,""t"":923},{""x"":1248,""y"":491,""t"":955},{""x"":1241,""y"":534,""t"":990},{""x"":1232,""y"":533,""t"":1024},{""x"":1231,""y"":504,""t"":1058},{""x"":1226,""y"":530,""t"":1091},{""x"":1206,""y"":501,""t"":1126},{""x"":1206,""y"":474,""t"":1161},{""x"":1211,""y"":462,""t"":1194},{""x"":1210,""y"":468,""t"":1229},{""x"":1221,""y"":434,""t"":1262},{""x"":1210,""y"":451,""t"":1295},{""x"":1217,""y"":439,""t"":1330},{""x"":1217,""y"":458,""t"":1364},{""x"":1222,""y"":504,""t"":1399},{""x"":1225,""y"":522,""t"":1432},{""x"":1230,""y"":537,""t"":1466},{""x"":1249,""y"":538,""t"":1501},{""x"":1265,""y"":537,""t"":1532},{""x"":1264,""y"":525,""t"":1568},{""x"":1289,""y"":513,""t"":1601},{""x"":1144,""y"":583,""t"":1635},{""x"":1059,""y"":601,""t"":1671},{""x"":960,""y"":652,""t"":1704},{""x"":884,""y"":724,""t"":1738},{""x"":850,""y"":717,""t"":1772},{""x"":807,""y"":711,""t"":1807},{""x"":773,""y"":734,""t"":1841},{""x"":723,""y"":750,""t"":1874},{""x"":713,""y"":794,""t"":1907},{""x"":698,""y"":738,""t"":1944},{""x"":676,""y"":773,""t"":1976}]","[{""x"":250,""y"":425,""width"":80,""height"":80,""top"":385,""right"":290,""bottom"":465,""left"":210},{""x"":400,""y"":165.1923788646684,""width"":80,""height"":80,""top"":125.1923788646684,""right"":440,""bottom"":205.1923788646684,""left"":360},{""x"":700,""y"":165.1923788646684,""width"":80,""height"":80,""top"":125.1923788646684,""right"":740,""bottom"":205.1923788646684,""left"":660},{""x"":850,""y"":425,""width"":80,""height"":80,""top"":385,""right"":890,""bottom"":465,""left"":810},{""x"":700,""y"":684.8076211353316,""width"":80,""height"":80,""top"":644.8076211353316,""right"":740,""bottom"":724.8076211353316,""left"":660},{""x"":400,""y"":684.8076211353316,""width"":80,""height"":80,""top"":644.8076211353316,""right"":440,""bottom"":724.8076211353316,""left"":360}]","{""#container"":{""x"":410,""y"":129.390625,""width"":1100,""height"":850,""top"":129.390625,""right"":1510,""bottom"":979.390625,""left"":410}}","[{'red': 0}, {'cyan': 0}, {'purple': 3}, {'green': 29}, {'yellow': 0}, {'blue': 8}]",{'purple_1': 3},green
229,,,,824.0,9.0,9.0,"[""cyan"",""yellow"",""blue"",""purple"",""red"",""green""]",blue_1,True,"[{""x"":741,""y"":727,""t"":5},{""x"":807,""y"":685,""t"":40},{""x"":870,""y"":668,""t"":73},{""x"":896,""y"":637,""t"":106},{""x"":938,""y"":556,""t"":140},{""x"":1005,""y"":563,""t"":174},{""x"":1023,""y"":529,""t"":208},{""x"":1011,""y"":543,""t"":242},{""x"":1025,""y"":542,""t"":276},{""x"":1014,""y"":511,""t"":310},{""x"":991,""y"":498,""t"":345},{""x"":971,""y"":489,""t"":376},{""x"":944,""y"":496,""t"":411},{""x"":874,""y"":481,""t"":446},{""x"":828,""y"":424,""t"":481},{""x"":795,""y"":414,""t"":514},{""x"":794,""y"":354,""t"":548},{""x"":791,""y"":316,""t"":582},{""x"":767,""y"":328,""t"":617},{""x"":770,""y"":277,""t"":649},{""x"":778,""y"":258,""t"":684},{""x"":761,""y"":173,""t"":718},{""x"":731,""y"":171,""t"":753},{""x"":735,""y"":166,""t"":786},{""x"":798,""y"":213,""t"":820},{""x"":876,""y"":317,""t"":854},{""x"":954,""y"":416,""t"":888},{""x"":1003,""y"":525,""t"":923},{""x"":1039,""y"":544,""t"":957},{""x"":1036,""y"":599,""t"":990},{""x"":1108,""y"":661,""t"":1024},{""x"":1047,""y"":687,""t"":1058},{""x"":1062,""y"":744,""t"":1091},{""x"":1095,""y"":769,""t"":1127},{""x"":1095,""y"":772,""t"":1160},{""x"":1079,""y"":797,""t"":1194},{""x"":1038,""y"":836,""t"":1228},{""x"":1028,""y"":843,""t"":1262},{""x"":1018,""y"":851,""t"":1297},{""x"":1038,""y"":868,""t"":1330},{""x"":1094,""y"":877,""t"":1364},{""x"":1068,""y"":883,""t"":1397},{""x"":1124,""y"":875,""t"":1433},{""x"":1116,""y"":869,""t"":1466},{""x"":1069,""y"":852,""t"":1500},{""x"":1091,""y"":856,""t"":1534},{""x"":1128,""y"":819,""t"":1568},{""x"":1126,""y"":818,""t"":1601},{""x"":1132,""y"":760,""t"":1636},{""x"":1153,""y"":742,""t"":1670},{""x"":1114,""y"":740,""t"":1704},{""x"":1096,""y"":713,""t"":1738},{""x"":1095,""y"":752,""t"":1772},{""x"":1112,""y"":789,""t"":1806},{""x"":1145,""y"":812,""t"":1841},{""x"":1141,""y"":830,""t"":1874},{""x"":1137,""y"":856,""t"":1908},{""x"":1122,""y"":866,""t"":1943},{""x"":1109,""y"":874,""t"":1974}]","[{""x"":250,""y"":425,""width"":80,""height"":80,""top"":385,""right"":290,""bottom"":465,""left"":210},{""x"":400,""y"":165.1923788646684,""width"":80,""height"":80,""top"":125.1923788646684,""right"":440,""bottom"":205.1923788646684,""left"":360},{""x"":700,""y"":165.1923788646684,""width"":80,""height"":80,""top"":125.1923788646684,""right"":740,""bottom"":205.1923788646684,""left"":660},{""x"":850,""y"":425,""width"":80,""height"":80,""top"":385,""right"":890,""bottom"":465,""left"":810},{""x"":700,""y"":684.8076211353316,""width"":80,""height"":80,""top"":644.8076211353316,""right"":740,""bottom"":724.8076211353316,""left"":660},{""x"":400,""y"":684.8076211353316,""width"":80,""height"":80,""top"":644.8076211353316,""right"":440,""bottom"":724.8076211353316,""left"":360}]","{""#container"":{""x"":410,""y"":129.390625,""width"":1100,""height"":850,""top"":129.390625,""right"":1510,""bottom"":979.390625,""left"":410}}","[{'cyan': 0}, {'yellow': 12}, {'blue': 0}, {'purple': 0}, {'red': 28}, {'green': 2}]",,red
230,,,,911.0,9.0,9.0,"[""red"",""blue"",""cyan"",""purple"",""green"",""yellow""]",cyan,True,"[{""x"":1046,""y"":801,""t"":4},{""x"":1012,""y"":770,""t"":39},{""x"":983,""y"":777,""t"":73},{""x"":965,""y"":721,""t"":107},{""x"":896,""y"":687,""t"":140},{""x"":867,""y"":646,""t"":174},{""x"":842,""y"":604,""t"":208},{""x"":805,""y"":589,""t"":243},{""x"":805,""y"":590,""t"":273},{""x"":827,""y"":598,""t"":310},{""x"":861,""y"":575,""t"":345},{""x"":875,""y"":612,""t"":378},{""x"":866,""y"":618,""t"":412},{""x"":932,""y"":665,""t"":445},{""x"":1001,""y"":722,""t"":480},{""x"":1020,""y"":739,""t"":515},{""x"":993,""y"":736,""t"":548},{""x"":973,""y"":719,""t"":582},{""x"":942,""y"":708,""t"":616},{""x"":887,""y"":721,""t"":650},{""x"":845,""y"":711,""t"":682},{""x"":817,""y"":714,""t"":718},{""x"":786,""y"":713,""t"":752},{""x"":786,""y"":713,""t"":787},{""x"":778,""y"":754,""t"":821},{""x"":798,""y"":746,""t"":854},{""x"":810,""y"":748,""t"":888},{""x"":807,""y"":772,""t"":922},{""x"":791,""y"":758,""t"":956},{""x"":858,""y"":763,""t"":989},{""x"":868,""y"":806,""t"":1023},{""x"":864,""y"":795,""t"":1057},{""x"":907,""y"":840,""t"":1092},{""x"":940,""y"":840,""t"":1127},{""x"":968,""y"":885,""t"":1160},{""x"":1027,""y"":909,""t"":1194},{""x"":1058,""y"":938,""t"":1228},{""x"":1074,""y"":977,""t"":1262},{""x"":1132,""y"":1004,""t"":1296},{""x"":1136,""y"":968,""t"":1330},{""x"":1112,""y"":946,""t"":1364},{""x"":1082,""y"":929,""t"":1397},{""x"":1094,""y"":890,""t"":1432},{""x"":1122,""y"":865,""t"":1466},{""x"":1150,""y"":830,""t"":1500},{""x"":1178,""y"":814,""t"":1534},{""x"":1180,""y"":810,""t"":1568},{""x"":1161,""y"":831,""t"":1602},{""x"":1135,""y"":842,""t"":1636},{""x"":1173,""y"":873,""t"":1669},{""x"":1119,""y"":829,""t"":1703},{""x"":1047,""y"":806,""t"":1737},{""x"":985,""y"":789,""t"":1772},{""x"":913,""y"":746,""t"":1807},{""x"":868,""y"":694,""t"":1840},{""x"":814,""y"":703,""t"":1874},{""x"":796,""y"":706,""t"":1908},{""x"":783,""y"":690,""t"":1942},{""x"":761,""y"":713,""t"":1976}]","[{""x"":250,""y"":425,""width"":80,""height"":80,""top"":385,""right"":290,""bottom"":465,""left"":210},{""x"":400,""y"":165.1923788646684,""width"":80,""height"":80,""top"":125.1923788646684,""right"":440,""bottom"":205.1923788646684,""left"":360},{""x"":700,""y"":165.1923788646684,""width"":80,""height"":80,""top"":125.1923788646684,""right"":740,""bottom"":205.1923788646684,""left"":660},{""x"":850,""y"":425,""width"":80,""height"":80,""top"":385,""right"":890,""bottom"":465,""left"":810},{""x"":700,""y"":684.8076211353316,""width"":80,""height"":80,""top"":644.8076211353316,""right"":740,""bottom"":724.8076211353316,""left"":660},{""x"":400,""y"":684.8076211353316,""width"":80,""height"":80,""top"":644.8076211353316,""right"":440,""bottom"":724.8076211353316,""left"":360}]","{""#container"":{""x"":410,""y"":129.390625,""width"":1100,""height"":850,""top"":129.390625,""right"":1510,""bottom"":979.390625,""left"":410}}","[{'red': 2}, {'blue': 0}, {'cyan': 0}, {'purple': 0}, {'green': 21}, {'yellow': 21}]",,green
231,,,,1023.0,7.0,7.0,"[""blue"",""red"",""cyan"",""yellow"",""purple"",""green""]",red,True,"[{""x"":768,""y"":655,""t"":5},{""x"":816,""y"":653,""t"":41},{""x"":904,""y"":631,""t"":72},{""x"":924,""y"":575,""t"":107},{""x"":960,""y"":537,""t"":140},{""x"":994,""y"":547,""t"":174},{""x"":985,""y"":550,""t"":208},{""x"":991,""y"":529,""t"":241},{""x"":1023,""y"":525,""t"":276},{""x"":1070,""y"":557,""t"":310},{""x"":1048,""y"":486,""t"":344},{""x"":1114,""y"":450,""t"":378},{""x"":1153,""y"":489,""t"":411},{""x"":1172,""y"":531,""t"":446},{""x"":1193,""y"":534,""t"":477},{""x"":1214,""y"":564,""t"":514},{""x"":1224,""y"":513,""t"":549},{""x"":1225,""y"":486,""t"":582},{""x"":1243,""y"":473,""t"":615},{""x"":1274,""y"":464,""t"":650},{""x"":1250,""y"":465,""t"":684},{""x"":1278,""y"":479,""t"":718},{""x"":1240,""y"":435,""t"":752},{""x"":1213,""y"":438,""t"":787},{""x"":1206,""y"":423,""t"":819},{""x"":1196,""y"":377,""t"":854},{""x"":1180,""y"":332,""t"":886},{""x"":1206,""y"":375,""t"":923},{""x"":1212,""y"":392,""t"":956},{""x"":1222,""y"":446,""t"":989},{""x"":1243,""y"":471,""t"":1023},{""x"":1247,""y"":427,""t"":1058},{""x"":1253,""y"":451,""t"":1092},{""x"":1256,""y"":451,""t"":1125},{""x"":1260,""y"":478,""t"":1161},{""x"":1278,""y"":523,""t"":1194},{""x"":1298,""y"":526,""t"":1228},{""x"":1284,""y"":546,""t"":1263},{""x"":1181,""y"":570,""t"":1296},{""x"":1170,""y"":632,""t"":1330},{""x"":1115,""y"":651,""t"":1363},{""x"":1072,""y"":681,""t"":1399},{""x"":1031,""y"":727,""t"":1432},{""x"":980,""y"":747,""t"":1466},{""x"":953,""y"":763,""t"":1500},{""x"":933,""y"":777,""t"":1534},{""x"":920,""y"":763,""t"":1568},{""x"":863,""y"":712,""t"":1602},{""x"":824,""y"":618,""t"":1636},{""x"":782,""y"":494,""t"":1670},{""x"":758,""y"":423,""t"":1704},{""x"":767,""y"":327,""t"":1738},{""x"":750,""y"":300,""t"":1772},{""x"":756,""y"":262,""t"":1806},{""x"":745,""y"":165,""t"":1840},{""x"":746,""y"":194,""t"":1874},{""x"":765,""y"":147,""t"":1907},{""x"":793,""y"":139,""t"":1942},{""x"":786,""y"":163,""t"":1976}]","[{""x"":250,""y"":425,""width"":80,""height"":80,""top"":385,""right"":290,""bottom"":465,""left"":210},{""x"":400,""y"":165.1923788646684,""width"":80,""height"":80,""top"":125.1923788646684,""right"":440,""bottom"":205.1923788646684,""left"":360},{""x"":700,""y"":165.1923788646684,""width"":80,""height"":80,""top"":125.1923788646684,""right"":740,""bottom"":205.1923788646684,""left"":660},{""x"":850,""y"":425,""width"":80,""height"":80,""top"":385,""right"":890,""bottom"":465,""left"":810},{""x"":700,""y"":684.8076211353316,""width"":80,""height"":80,""top"":644.8076211353316,""right"":740,""bottom"":724.8076211353316,""left"":660},{""x"":400,""y"":684.8076211353316,""width"":80,""height"":80,""top"":644.8076211353316,""right"":440,""bottom"":724.8076211353316,""left"":360}]","{""#container"":{""x"":410,""y"":129.390625,""width"":1100,""height"":850,""top"":129.390625,""right"":1510,""bottom"":979.390625,""left"":410}}","[{'blue': 2}, {'red': 7}, {'cyan': 4}, {'yellow': 24}, {'purple': 3}, {'green': 3}]",{'red': 7},yellow
232,,,,559.0,4.0,4.0,"[""cyan"",""red"",""yellow"",""blue"",""purple"",""green""]",cyan_1,True,"[{""x"":864,""y"":220,""t"":5},{""x"":883,""y"":291,""t"":43},{""x"":901,""y"":378,""t"":75},{""x"":927,""y"":422,""t"":106},{""x"":937,""y"":453,""t"":140},{""x"":935,""y"":457,""t"":174},{""x"":940,""y"":455,""t"":206},{""x"":900,""y"":503,""t"":242},{""x"":936,""y"":501,""t"":278},{""x"":928,""y"":532,""t"":311},{""x"":925,""y"":563,""t"":359},{""x"":922,""y"":579,""t"":386},{""x"":969,""y"":571,""t"":412},{""x"":957,""y"":545,""t"":446},{""x"":999,""y"":493,""t"":480},{""x"":1014,""y"":389,""t"":514},{""x"":1051,""y"":360,""t"":549},{""x"":1039,""y"":294,""t"":582},{""x"":1005,""y"":291,""t"":615},{""x"":980,""y"":219,""t"":651},{""x"":1013,""y"":170,""t"":684},{""x"":985,""y"":171,""t"":719},{""x"":986,""y"":167,""t"":753},{""x"":976,""y"":130,""t"":787},{""x"":952,""y"":113,""t"":820},{""x"":965,""y"":117,""t"":854},{""x"":989,""y"":119,""t"":888},{""x"":964,""y"":107,""t"":922},{""x"":893,""y"":79,""t"":957},{""x"":857,""y"":15,""t"":991},{""x"":810,""y"":9,""t"":1024},{""x"":809,""y"":4,""t"":1059},{""x"":785,""y"":8,""t"":1092},{""x"":814,""y"":1,""t"":1126},{""x"":825,""y"":50,""t"":1161},{""x"":903,""y"":100,""t"":1194},{""x"":926,""y"":116,""t"":1228},{""x"":949,""y"":145,""t"":1263},{""x"":937,""y"":223,""t"":1296},{""x"":924,""y"":384,""t"":1330},{""x"":915,""y"":471,""t"":1364},{""x"":906,""y"":540,""t"":1396},{""x"":899,""y"":630,""t"":1433},{""x"":905,""y"":696,""t"":1466},{""x"":898,""y"":814,""t"":1500},{""x"":876,""y"":839,""t"":1534},{""x"":851,""y"":888,""t"":1568},{""x"":838,""y"":885,""t"":1601},{""x"":825,""y"":879,""t"":1637},{""x"":839,""y"":857,""t"":1670},{""x"":851,""y"":791,""t"":1704},{""x"":819,""y"":703,""t"":1738},{""x"":822,""y"":643,""t"":1772},{""x"":825,""y"":592,""t"":1804},{""x"":809,""y"":498,""t"":1840},{""x"":819,""y"":438,""t"":1873},{""x"":807,""y"":397,""t"":1909},{""x"":791,""y"":347,""t"":1942},{""x"":781,""y"":294,""t"":1975}]","[{""x"":250,""y"":425,""width"":80,""height"":80,""top"":385,""right"":290,""bottom"":465,""left"":210},{""x"":400,""y"":165.1923788646684,""width"":80,""height"":80,""top"":125.1923788646684,""right"":440,""bottom"":205.1923788646684,""left"":360},{""x"":700,""y"":165.1923788646684,""width"":80,""height"":80,""top"":125.1923788646684,""right"":740,""bottom"":205.1923788646684,""left"":660},{""x"":850,""y"":425,""width"":80,""height"":80,""top"":385,""right"":890,""bottom"":465,""left"":810},{""x"":700,""y"":684.8076211353316,""width"":80,""height"":80,""top"":644.8076211353316,""right"":740,""bottom"":724.8076211353316,""left"":660},{""x"":400,""y"":684.8076211353316,""width"":80,""height"":80,""top"":644.8076211353316,""right"":440,""bottom"":724.8076211353316,""left"":360}]","{""#container"":{""x"":410,""y"":129.390625,""width"":1100,""height"":850,""top"":129.390625,""right"":1510,""bottom"":979.390625,""left"":410}}","[{'cyan': 0}, {'red': 9}, {'yellow': 4}, {'blue': 0}, {'purple': 0}, {'green': 8}]",,red
233,,,,833.0,9.0,9.0,"[""purple"",""yellow"",""red"",""blue"",""cyan"",""green""]",red,True,"[{""x"":814,""y"":401,""t"":5},{""x"":910,""y"":425,""t"":43},{""x"":947,""y"":391,""t"":74},{""x"":981,""y"":422,""t"":106},{""x"":1014,""y"":448,""t"":139},{""x"":1029,""y"":445,""t"":174},{""x"":1021,""y"":479,""t"":208},{""x"":996,""y"":471,""t"":242},{""x"":1019,""y"":486,""t"":275},{""x"":1030,""y"":491,""t"":310},{""x"":1021,""y"":502,""t"":344},{""x"":997,""y"":521,""t"":378},{""x"":961,""y"":540,""t"":412},{""x"":905,""y"":551,""t"":446},{""x"":848,""y"":454,""t"":481},{""x"":817,""y"":389,""t"":513},{""x"":803,""y"":285,""t"":548},{""x"":796,""y"":210,""t"":582},{""x"":778,""y"":214,""t"":616},{""x"":778,""y"":134,""t"":650},{""x"":762,""y"":76,""t"":684},{""x"":740,""y"":33,""t"":718},{""x"":737,""y"":-10,""t"":751},{""x"":735,""y"":-75,""t"":785},{""x"":745,""y"":-43,""t"":820},{""x"":801,""y"":69,""t"":854},{""x"":837,""y"":239,""t"":888},{""x"":858,""y"":378,""t"":922},{""x"":875,""y"":521,""t"":956},{""x"":893,""y"":660,""t"":991},{""x"":893,""y"":748,""t"":1023},{""x"":895,""y"":847,""t"":1058},{""x"":923,""y"":841,""t"":1092},{""x"":986,""y"":825,""t"":1126},{""x"":1047,""y"":800,""t"":1158},{""x"":1097,""y"":716,""t"":1193},{""x"":1094,""y"":611,""t"":1229},{""x"":1100,""y"":574,""t"":1261},{""x"":1071,""y"":518,""t"":1296},{""x"":1041,""y"":385,""t"":1330},{""x"":1030,""y"":306,""t"":1364},{""x"":1019,""y"":220,""t"":1398},{""x"":988,""y"":219,""t"":1432},{""x"":908,""y"":182,""t"":1466},{""x"":923,""y"":183,""t"":1500},{""x"":917,""y"":195,""t"":1534},{""x"":933,""y"":148,""t"":1568},{""x"":914,""y"":163,""t"":1602},{""x"":945,""y"":175,""t"":1635},{""x"":969,""y"":185,""t"":1669},{""x"":973,""y"":197,""t"":1704},{""x"":936,""y"":192,""t"":1737},{""x"":956,""y"":209,""t"":1772},{""x"":987,""y"":198,""t"":1806},{""x"":977,""y"":217,""t"":1840},{""x"":990,""y"":237,""t"":1873},{""x"":973,""y"":230,""t"":1908},{""x"":955,""y"":232,""t"":1942},{""x"":948,""y"":231,""t"":1977}]","[{""x"":250,""y"":425,""width"":80,""height"":80,""top"":385,""right"":290,""bottom"":465,""left"":210},{""x"":400,""y"":165.1923788646684,""width"":80,""height"":80,""top"":125.1923788646684,""right"":440,""bottom"":205.1923788646684,""left"":360},{""x"":700,""y"":165.1923788646684,""width"":80,""height"":80,""top"":125.1923788646684,""right"":740,""bottom"":205.1923788646684,""left"":660},{""x"":850,""y"":425,""width"":80,""height"":80,""top"":385,""right"":890,""bottom"":465,""left"":810},{""x"":700,""y"":684.8076211353316,""width"":80,""height"":80,""top"":644.8076211353316,""right"":740,""bottom"":724.8076211353316,""left"":660},{""x"":400,""y"":684.8076211353316,""width"":80,""height"":80,""top"":644.8076211353316,""right"":440,""bottom"":724.8076211353316,""left"":360}]","{""#container"":{""x"":410,""y"":129.390625,""width"":1100,""height"":850,""top"":129.390625,""right"":1510,""bottom"":979.390625,""left"":410}}","[{'purple': 0}, {'yellow': 9}, {'red': 5}, {'blue': 0}, {'cyan': 3}, {'green': 3}]",{'red': 5},yellow
234,,,,784.0,1.0,1.0,"[""yellow"",""blue"",""red"",""cyan"",""green"",""purple""]",purple,True,"[{""x"":931,""y"":318,""t"":5},{""x"":904,""y"":440,""t"":43},{""x"":876,""y"":553,""t"":74},{""x"":877,""y"":623,""t"":106},{""x"":871,""y"":682,""t"":140},{""x"":893,""y"":699,""t"":174},{""x"":903,""y"":725,""t"":209},{""x"":937,""y"":718,""t"":242},{""x"":945,""y"":741,""t"":277},{""x"":918,""y"":759,""t"":310},{""x"":882,""y"":694,""t"":344},{""x"":868,""y"":661,""t"":378},{""x"":867,""y"":586,""t"":412},{""x"":868,""y"":482,""t"":445},{""x"":857,""y"":475,""t"":480},{""x"":811,""y"":421,""t"":514},{""x"":819,""y"":380,""t"":549},{""x"":822,""y"":378,""t"":582},{""x"":785,""y"":381,""t"":616},{""x"":768,""y"":390,""t"":650},{""x"":759,""y"":359,""t"":684},{""x"":718,""y"":388,""t"":718},{""x"":719,""y"":352,""t"":752},{""x"":735,""y"":350,""t"":786},{""x"":719,""y"":378,""t"":819},{""x"":726,""y"":414,""t"":854},{""x"":766,""y"":428,""t"":888},{""x"":862,""y"":480,""t"":922},{""x"":935,""y"":541,""t"":956},{""x"":1013,""y"":595,""t"":990},{""x"":1083,""y"":619,""t"":1024},{""x"":1118,""y"":687,""t"":1058},{""x"":1154,""y"":652,""t"":1092},{""x"":1151,""y"":664,""t"":1126},{""x"":1151,""y"":673,""t"":1160},{""x"":1167,""y"":658,""t"":1194},{""x"":1157,""y"":614,""t"":1228},{""x"":1174,""y"":591,""t"":1261},{""x"":1126,""y"":494,""t"":1296},{""x"":1076,""y"":369,""t"":1329},{""x"":1003,""y"":345,""t"":1365},{""x"":973,""y"":253,""t"":1399},{""x"":962,""y"":183,""t"":1432},{""x"":950,""y"":145,""t"":1464},{""x"":963,""y"":103,""t"":1499},{""x"":938,""y"":70,""t"":1534},{""x"":942,""y"":70,""t"":1568},{""x"":923,""y"":46,""t"":1602},{""x"":936,""y"":93,""t"":1635},{""x"":934,""y"":80,""t"":1671},{""x"":950,""y"":60,""t"":1704},{""x"":944,""y"":41,""t"":1737},{""x"":955,""y"":111,""t"":1772},{""x"":943,""y"":111,""t"":1806},{""x"":945,""y"":124,""t"":1840},{""x"":955,""y"":133,""t"":1873},{""x"":989,""y"":134,""t"":1908},{""x"":998,""y"":164,""t"":1943},{""x"":1010,""y"":211,""t"":1975}]","[{""x"":250,""y"":425,""width"":80,""height"":80,""top"":385,""right"":290,""bottom"":465,""left"":210},{""x"":400,""y"":165.1923788646684,""width"":80,""height"":80,""top"":125.1923788646684,""right"":440,""bottom"":205.1923788646684,""left"":360},{""x"":700,""y"":165.1923788646684,""width"":80,""height"":80,""top"":125.1923788646684,""right"":740,""bottom"":205.1923788646684,""left"":660},{""x"":850,""y"":425,""width"":80,""height"":80,""top"":385,""right"":890,""bottom"":465,""left"":810},{""x"":700,""y"":684.8076211353316,""width"":80,""height"":80,""top"":644.8076211353316,""right"":740,""bottom"":724.8076211353316,""left"":660},{""x"":400,""y"":684.8076211353316,""width"":80,""height"":80,""top"":644.8076211353316,""right"":440,""bottom"":724.8076211353316,""left"":360}]","{""#container"":{""x"":410,""y"":129.390625,""width"":1100,""height"":850,""top"":129.390625,""right"":1510,""bottom"":979.390625,""left"":410}}","[{'yellow': 0}, {'blue': 13}, {'red': 4}, {'cyan': 5}, {'green': 2}, {'purple': 5}]",{'purple': 5},blue
235,,,,894.0,1.0,1.0,"[""blue"",""cyan"",""green"",""yellow"",""purple"",""red""]",red,True,"[{""x"":976,""y"":316,""t"":3},{""x"":977,""y"":393,""t"":39},{""x"":937,""y"":443,""t"":72},{""x"":947,""y"":499,""t"":106},{""x"":970,""y"":538,""t"":140},{""x"":977,""y"":559,""t"":174},{""x"":975,""y"":564,""t"":208},{""x"":997,""y"":567,""t"":243},{""x"":966,""y"":572,""t"":277},{""x"":965,""y"":570,""t"":310},{""x"":954,""y"":592,""t"":345},{""x"":919,""y"":585,""t"":378},{""x"":896,""y"":548,""t"":413},{""x"":869,""y"":486,""t"":446},{""x"":879,""y"":411,""t"":480},{""x"":889,""y"":291,""t"":513},{""x"":877,""y"":246,""t"":548},{""x"":898,""y"":176,""t"":582},{""x"":934,""y"":133,""t"":616},{""x"":967,""y"":81,""t"":650},{""x"":979,""y"":60,""t"":683},{""x"":1050,""y"":77,""t"":719},{""x"":1067,""y"":92,""t"":752},{""x"":1060,""y"":113,""t"":787},{""x"":1085,""y"":154,""t"":820},{""x"":1079,""y"":111,""t"":854},{""x"":1144,""y"":159,""t"":888},{""x"":1158,""y"":170,""t"":921},{""x"":1196,""y"":201,""t"":956},{""x"":1208,""y"":228,""t"":990},{""x"":1217,""y"":251,""t"":1022},{""x"":1226,""y"":245,""t"":1058},{""x"":1246,""y"":232,""t"":1092},{""x"":1248,""y"":254,""t"":1126},{""x"":1243,""y"":267,""t"":1159},{""x"":1230,""y"":286,""t"":1194},{""x"":1221,""y"":272,""t"":1228},{""x"":1220,""y"":223,""t"":1262},{""x"":1167,""y"":214,""t"":1297},{""x"":1118,""y"":241,""t"":1330},{""x"":1066,""y"":182,""t"":1364},{""x"":1006,""y"":133,""t"":1398},{""x"":972,""y"":101,""t"":1429},{""x"":913,""y"":81,""t"":1466},{""x"":861,""y"":68,""t"":1500},{""x"":809,""y"":67,""t"":1534},{""x"":809,""y"":15,""t"":1567},{""x"":835,""y"":38,""t"":1602},{""x"":910,""y"":56,""t"":1636},{""x"":962,""y"":124,""t"":1670},{""x"":1014,""y"":177,""t"":1704},{""x"":1070,""y"":241,""t"":1737},{""x"":1124,""y"":264,""t"":1772},{""x"":1157,""y"":313,""t"":1806},{""x"":1136,""y"":423,""t"":1840},{""x"":1068,""y"":526,""t"":1874},{""x"":1009,""y"":602,""t"":1908},{""x"":967,""y"":682,""t"":1941},{""x"":943,""y"":695,""t"":1976}]","[{""x"":250,""y"":425,""width"":80,""height"":80,""top"":385,""right"":290,""bottom"":465,""left"":210},{""x"":400,""y"":165.1923788646684,""width"":80,""height"":80,""top"":125.1923788646684,""right"":440,""bottom"":205.1923788646684,""left"":360},{""x"":700,""y"":165.1923788646684,""width"":80,""height"":80,""top"":125.1923788646684,""right"":740,""bottom"":205.1923788646684,""left"":660},{""x"":850,""y"":425,""width"":80,""height"":80,""top"":385,""right"":890,""bottom"":465,""left"":810},{""x"":700,""y"":684.8076211353316,""width"":80,""height"":80,""top"":644.8076211353316,""right"":740,""bottom"":724.8076211353316,""left"":660},{""x"":400,""y"":684.8076211353316,""width"":80,""height"":80,""top"":644.8076211353316,""right"":440,""bottom"":724.8076211353316,""left"":360}]","{""#container"":{""x"":410,""y"":129.390625,""width"":1100,""height"":850,""top"":129.390625,""right"":1510,""bottom"":979.390625,""left"":410}}","[{'blue': 0}, {'cyan': 4}, {'green': 21}, {'yellow': 0}, {'purple': 0}, {'red': 0}]",,green
236,,,,864.0,3.0,3.0,"[""red"",""purple"",""blue"",""green"",""yellow"",""cyan""]",yellow,True,"[{""x"":924,""y"":681,""t"":5},{""x"":945,""y"":672,""t"":48},{""x"":965,""y"":673,""t"":75},{""x"":1014,""y"":648,""t"":107},{""x"":1052,""y"":646,""t"":142},{""x"":1037,""y"":629,""t"":174},{""x"":1057,""y"":642,""t"":214},{""x"":1028,""y"":652,""t"":244},{""x"":1002,""y"":632,""t"":276},{""x"":984,""y"":611,""t"":310},{""x"":985,""y"":612,""t"":344},{""x"":949,""y"":577,""t"":378},{""x"":970,""y"":587,""t"":412},{""x"":1009,""y"":631,""t"":446},{""x"":1043,""y"":669,""t"":478},{""x"":1053,""y"":700,""t"":514},{""x"":1101,""y"":731,""t"":548},{""x"":1147,""y"":703,""t"":583},{""x"":1148,""y"":740,""t"":616},{""x"":1136,""y"":720,""t"":650},{""x"":1192,""y"":744,""t"":685},{""x"":1206,""y"":762,""t"":718},{""x"":1225,""y"":770,""t"":752},{""x"":1193,""y"":766,""t"":786},{""x"":1187,""y"":721,""t"":820},{""x"":1162,""y"":641,""t"":852},{""x"":1162,""y"":571,""t"":888},{""x"":1183,""y"":538,""t"":921},{""x"":1206,""y"":536,""t"":956},{""x"":1223,""y"":497,""t"":990},{""x"":1227,""y"":503,""t"":1024},{""x"":1227,""y"":448,""t"":1059},{""x"":1228,""y"":483,""t"":1092},{""x"":1226,""y"":448,""t"":1127},{""x"":1222,""y"":467,""t"":1160},{""x"":1194,""y"":485,""t"":1193},{""x"":1110,""y"":510,""t"":1227},{""x"":989,""y"":587,""t"":1261},{""x"":909,""y"":589,""t"":1297},{""x"":843,""y"":654,""t"":1330},{""x"":743,""y"":651,""t"":1364},{""x"":679,""y"":682,""t"":1399},{""x"":676,""y"":692,""t"":1432},{""x"":628,""y"":722,""t"":1467},{""x"":619,""y"":761,""t"":1501},{""x"":591,""y"":745,""t"":1534},{""x"":579,""y"":760,""t"":1569},{""x"":575,""y"":763,""t"":1602},{""x"":602,""y"":747,""t"":1636},{""x"":628,""y"":727,""t"":1670},{""x"":640,""y"":726,""t"":1704},{""x"":683,""y"":710,""t"":1738},{""x"":681,""y"":687,""t"":1772},{""x"":744,""y"":651,""t"":1806},{""x"":785,""y"":667,""t"":1840},{""x"":812,""y"":663,""t"":1875},{""x"":849,""y"":669,""t"":1908},{""x"":867,""y"":653,""t"":1941},{""x"":873,""y"":653,""t"":1976}]","[{""x"":250,""y"":425,""width"":80,""height"":80,""top"":385,""right"":290,""bottom"":465,""left"":210},{""x"":400,""y"":165.1923788646684,""width"":80,""height"":80,""top"":125.1923788646684,""right"":440,""bottom"":205.1923788646684,""left"":360},{""x"":700,""y"":165.1923788646684,""width"":80,""height"":80,""top"":125.1923788646684,""right"":740,""bottom"":205.1923788646684,""left"":660},{""x"":850,""y"":425,""width"":80,""height"":80,""top"":385,""right"":890,""bottom"":465,""left"":810},{""x"":700,""y"":684.8076211353316,""width"":80,""height"":80,""top"":644.8076211353316,""right"":740,""bottom"":724.8076211353316,""left"":660},{""x"":400,""y"":684.8076211353316,""width"":80,""height"":80,""top"":644.8076211353316,""right"":440,""bottom"":724.8076211353316,""left"":360}]","{""#container"":{""x"":410,""y"":129.390625,""width"":1100,""height"":850,""top"":129.390625,""right"":1510,""bottom"":979.390625,""left"":410}}","[{'red': 5}, {'purple': 0}, {'blue': 0}, {'green': 11}, {'yellow': 10}, {'cyan': 1}]",{'yellow': 10},green
237,,,,986.0,6.0,6.0,"[""cyan"",""green"",""blue"",""red"",""purple"",""yellow""]",red,True,"[{""x"":917,""y"":609,""t"":5},{""x"":996,""y"":582,""t"":43},{""x"":1025,""y"":557,""t"":75},{""x"":1066,""y"":559,""t"":105},{""x"":1078,""y"":549,""t"":140},{""x"":1075,""y"":555,""t"":175},{""x"":1067,""y"":546,""t"":209},{""x"":1071,""y"":540,""t"":243},{""x"":1101,""y"":541,""t"":276},{""x"":1090,""y"":563,""t"":309},{""x"":1071,""y"":576,""t"":344},{""x"":1064,""y"":615,""t"":378},{""x"":1023,""y"":664,""t"":412},{""x"":1016,""y"":656,""t"":446},{""x"":957,""y"":695,""t"":481},{""x"":946,""y"":711,""t"":514},{""x"":887,""y"":718,""t"":548},{""x"":875,""y"":774,""t"":583},{""x"":862,""y"":828,""t"":616},{""x"":899,""y"":893,""t"":649},{""x"":851,""y"":906,""t"":684},{""x"":837,""y"":924,""t"":717},{""x"":828,""y"":940,""t"":752},{""x"":823,""y"":868,""t"":786},{""x"":771,""y"":778,""t"":819},{""x"":782,""y"":659,""t"":853},{""x"":747,""y"":486,""t"":897},{""x"":757,""y"":361,""t"":922},{""x"":737,""y"":257,""t"":955},{""x"":730,""y"":195,""t"":991},{""x"":729,""y"":100,""t"":1024},{""x"":743,""y"":82,""t"":1057},{""x"":756,""y"":75,""t"":1089},{""x"":861,""y"":101,""t"":1126},{""x"":977,""y"":126,""t"":1160},{""x"":1021,""y"":223,""t"":1194},{""x"":1074,""y"":239,""t"":1228},{""x"":1130,""y"":254,""t"":1262},{""x"":1181,""y"":315,""t"":1296},{""x"":1222,""y"":334,""t"":1329},{""x"":1268,""y"":361,""t"":1364},{""x"":1285,""y"":352,""t"":1398},{""x"":1296,""y"":353,""t"":1432},{""x"":1315,""y"":344,""t"":1466},{""x"":1357,""y"":341,""t"":1497},{""x"":1343,""y"":374,""t"":1534},{""x"":1313,""y"":360,""t"":1568},{""x"":1307,""y"":378,""t"":1601},{""x"":1276,""y"":425,""t"":1637},{""x"":1249,""y"":451,""t"":1670},{""x"":1267,""y"":455,""t"":1703},{""x"":1244,""y"":446,""t"":1738},{""x"":1248,""y"":414,""t"":1773},{""x"":1243,""y"":424,""t"":1806},{""x"":1231,""y"":475,""t"":1840},{""x"":1249,""y"":416,""t"":1873},{""x"":1159,""y"":424,""t"":1908},{""x"":1118,""y"":413,""t"":1942},{""x"":1050,""y"":447,""t"":1975}]","[{""x"":250,""y"":425,""width"":80,""height"":80,""top"":385,""right"":290,""bottom"":465,""left"":210},{""x"":400,""y"":165.1923788646684,""width"":80,""height"":80,""top"":125.1923788646684,""right"":440,""bottom"":205.1923788646684,""left"":360},{""x"":700,""y"":165.1923788646684,""width"":80,""height"":80,""top"":125.1923788646684,""right"":740,""bottom"":205.1923788646684,""left"":660},{""x"":850,""y"":425,""width"":80,""height"":80,""top"":385,""right"":890,""bottom"":465,""left"":810},{""x"":700,""y"":684.8076211353316,""width"":80,""height"":80,""top"":644.8076211353316,""right"":740,""bottom"":724.8076211353316,""left"":660},{""x"":400,""y"":684.8076211353316,""width"":80,""height"":80,""top"":644.8076211353316,""right"":440,""bottom"":724.8076211353316,""left"":360}]","{""#container"":{""x"":410,""y"":129.390625,""width"":1100,""height"":850,""top"":129.390625,""right"":1510,""bottom"":979.390625,""left"":410}}","[{'cyan': 1}, {'green': 3}, {'blue': 7}, {'red': 8}, {'purple': 0}, {'yellow': 9}]",{'red': 8},yellow
238,,,,798.0,6.0,6.0,"[""blue"",""red"",""cyan"",""green"",""yellow"",""purple""]",green,True,"[{""x"":1021,""y"":472,""t"":5},{""x"":996,""y"":486,""t"":42},{""x"":969,""y"":502,""t"":74},{""x"":969,""y"":500,""t"":106},{""x"":984,""y"":485,""t"":140},{""x"":990,""y"":455,""t"":174},{""x"":974,""y"":493,""t"":207},{""x"":969,""y"":508,""t"":242},{""x"":964,""y"":523,""t"":275},{""x"":968,""y"":533,""t"":310},{""x"":951,""y"":574,""t"":345},{""x"":949,""y"":602,""t"":378},{""x"":961,""y"":551,""t"":412},{""x"":1001,""y"":624,""t"":446},{""x"":1074,""y"":655,""t"":480},{""x"":1108,""y"":709,""t"":514},{""x"":1115,""y"":722,""t"":547},{""x"":1107,""y"":774,""t"":583},{""x"":1116,""y"":802,""t"":616},{""x"":1137,""y"":835,""t"":650},{""x"":1149,""y"":888,""t"":683},{""x"":1114,""y"":855,""t"":718},{""x"":1162,""y"":856,""t"":752},{""x"":1171,""y"":757,""t"":787},{""x"":1158,""y"":669,""t"":820},{""x"":1120,""y"":651,""t"":853},{""x"":1108,""y"":594,""t"":888},{""x"":1096,""y"":537,""t"":922},{""x"":1133,""y"":509,""t"":956},{""x"":1168,""y"":467,""t"":990},{""x"":1160,""y"":429,""t"":1025},{""x"":1161,""y"":407,""t"":1058},{""x"":1181,""y"":415,""t"":1092},{""x"":1194,""y"":454,""t"":1126},{""x"":1181,""y"":462,""t"":1161},{""x"":1159,""y"":496,""t"":1194},{""x"":1127,""y"":430,""t"":1228},{""x"":1099,""y"":374,""t"":1260},{""x"":977,""y"":396,""t"":1297},{""x"":949,""y"":379,""t"":1331},{""x"":911,""y"":334,""t"":1364},{""x"":834,""y"":262,""t"":1398},{""x"":805,""y"":190,""t"":1432},{""x"":782,""y"":172,""t"":1466},{""x"":794,""y"":150,""t"":1501},{""x"":768,""y"":149,""t"":1533},{""x"":753,""y"":189,""t"":1568},{""x"":740,""y"":229,""t"":1602},{""x"":714,""y"":274,""t"":1637},{""x"":691,""y"":333,""t"":1670},{""x"":676,""y"":351,""t"":1703},{""x"":662,""y"":385,""t"":1738},{""x"":661,""y"":334,""t"":1772},{""x"":662,""y"":360,""t"":1805},{""x"":645,""y"":383,""t"":1840},{""x"":692,""y"":424,""t"":1874},{""x"":706,""y"":466,""t"":1908},{""x"":788,""y"":516,""t"":1941},{""x"":852,""y"":558,""t"":1975}]","[{""x"":250,""y"":425,""width"":80,""height"":80,""top"":385,""right"":290,""bottom"":465,""left"":210},{""x"":400,""y"":165.1923788646684,""width"":80,""height"":80,""top"":125.1923788646684,""right"":440,""bottom"":205.1923788646684,""left"":360},{""x"":700,""y"":165.1923788646684,""width"":80,""height"":80,""top"":125.1923788646684,""right"":740,""bottom"":205.1923788646684,""left"":660},{""x"":850,""y"":425,""width"":80,""height"":80,""top"":385,""right"":890,""bottom"":465,""left"":810},{""x"":700,""y"":684.8076211353316,""width"":80,""height"":80,""top"":644.8076211353316,""right"":740,""bottom"":724.8076211353316,""left"":660},{""x"":400,""y"":684.8076211353316,""width"":80,""height"":80,""top"":644.8076211353316,""right"":440,""bottom"":724.8076211353316,""left"":360}]","{""#container"":{""x"":410,""y"":129.390625,""width"":1100,""height"":850,""top"":129.390625,""right"":1510,""bottom"":979.390625,""left"":410}}","[{'blue': 3}, {'red': 10}, {'cyan': 5}, {'green': 5}, {'yellow': 9}, {'purple': 0}]",{'green': 5},red
239,,,,693.0,1.0,1.0,"[""purple"",""yellow"",""cyan"",""red"",""green"",""blue""]",blue_1,True,"[{""x"":858,""y"":538,""t"":4},{""x"":910,""y"":566,""t"":40},{""x"":973,""y"":555,""t"":73},{""x"":1004,""y"":560,""t"":107},{""x"":1030,""y"":592,""t"":140},{""x"":1019,""y"":610,""t"":174},{""x"":1023,""y"":597,""t"":208},{""x"":1020,""y"":598,""t"":243},{""x"":1020,""y"":594,""t"":277},{""x"":1003,""y"":615,""t"":311},{""x"":1018,""y"":596,""t"":344},{""x"":1007,""y"":572,""t"":377},{""x"":987,""y"":563,""t"":413},{""x"":1031,""y"":630,""t"":447},{""x"":1078,""y"":633,""t"":480},{""x"":1129,""y"":656,""t"":515},{""x"":1131,""y"":708,""t"":549},{""x"":1172,""y"":739,""t"":582},{""x"":1177,""y"":775,""t"":616},{""x"":1180,""y"":741,""t"":650},{""x"":1090,""y"":647,""t"":684},{""x"":996,""y"":504,""t"":718},{""x"":931,""y"":429,""t"":752},{""x"":876,""y"":367,""t"":783},{""x"":827,""y"":232,""t"":820},{""x"":769,""y"":173,""t"":854},{""x"":734,""y"":101,""t"":888},{""x"":709,""y"":48,""t"":922},{""x"":672,""y"":90,""t"":956},{""x"":637,""y"":111,""t"":991},{""x"":626,""y"":155,""t"":1024},{""x"":643,""y"":136,""t"":1058},{""x"":716,""y"":209,""t"":1105},{""x"":834,""y"":231,""t"":1134},{""x"":956,""y"":240,""t"":1159},{""x"":1049,""y"":305,""t"":1194},{""x"":1097,""y"":368,""t"":1228},{""x"":1141,""y"":399,""t"":1261},{""x"":1160,""y"":408,""t"":1296},{""x"":1180,""y"":465,""t"":1330},{""x"":1211,""y"":498,""t"":1364},{""x"":1210,""y"":477,""t"":1398},{""x"":1199,""y"":451,""t"":1433},{""x"":1220,""y"":439,""t"":1467},{""x"":1202,""y"":395,""t"":1501},{""x"":1242,""y"":360,""t"":1534},{""x"":1223,""y"":305,""t"":1568},{""x"":1209,""y"":279,""t"":1602},{""x"":1193,""y"":300,""t"":1636},{""x"":1193,""y"":265,""t"":1671},{""x"":1196,""y"":265,""t"":1704},{""x"":1200,""y"":264,""t"":1739},{""x"":1175,""y"":272,""t"":1772},{""x"":1161,""y"":289,""t"":1807},{""x"":1168,""y"":346,""t"":1840},{""x"":1136,""y"":366,""t"":1874},{""x"":1135,""y"":317,""t"":1909},{""x"":1132,""y"":341,""t"":1942},{""x"":1151,""y"":368,""t"":1977}]","[{""x"":250,""y"":425,""width"":80,""height"":80,""top"":385,""right"":290,""bottom"":465,""left"":210},{""x"":400,""y"":165.1923788646684,""width"":80,""height"":80,""top"":125.1923788646684,""right"":440,""bottom"":205.1923788646684,""left"":360},{""x"":700,""y"":165.1923788646684,""width"":80,""height"":80,""top"":125.1923788646684,""right"":740,""bottom"":205.1923788646684,""left"":660},{""x"":850,""y"":425,""width"":80,""height"":80,""top"":385,""right"":890,""bottom"":465,""left"":810},{""x"":700,""y"":684.8076211353316,""width"":80,""height"":80,""top"":644.8076211353316,""right"":740,""bottom"":724.8076211353316,""left"":660},{""x"":400,""y"":684.8076211353316,""width"":80,""height"":80,""top"":644.8076211353316,""right"":440,""bottom"":724.8076211353316,""left"":360}]","{""#container"":{""x"":410,""y"":129.390625,""width"":1100,""height"":850,""top"":129.390625,""right"":1510,""bottom"":979.390625,""left"":410}}","[{'purple': 0}, {'yellow': 5}, {'cyan': 19}, {'red': 5}, {'green': 4}, {'blue': 0}]",,cyan
240,,,,855.0,9.0,6.0,"[""purple"",""cyan"",""red"",""yellow"",""blue"",""green""]",yellow,False,"[{""x"":1074,""y"":371,""t"":5},{""x"":1033,""y"":398,""t"":46},{""x"":1019,""y"":419,""t"":76},{""x"":995,""y"":422,""t"":107},{""x"":980,""y"":461,""t"":140},{""x"":1005,""y"":495,""t"":174},{""x"":1007,""y"":528,""t"":208},{""x"":1020,""y"":582,""t"":242},{""x"":985,""y"":596,""t"":277},{""x"":963,""y"":605,""t"":311},{""x"":967,""y"":631,""t"":344},{""x"":989,""y"":637,""t"":377},{""x"":1009,""y"":640,""t"":410},{""x"":1064,""y"":650,""t"":447},{""x"":1118,""y"":657,""t"":479},{""x"":1153,""y"":619,""t"":515},{""x"":1183,""y"":589,""t"":547},{""x"":1207,""y"":627,""t"":583},{""x"":1221,""y"":650,""t"":616},{""x"":1216,""y"":611,""t"":651},{""x"":1219,""y"":584,""t"":684},{""x"":1221,""y"":635,""t"":718},{""x"":1241,""y"":601,""t"":752},{""x"":1250,""y"":633,""t"":786},{""x"":1249,""y"":625,""t"":820},{""x"":1236,""y"":631,""t"":854},{""x"":1236,""y"":580,""t"":888},{""x"":1241,""y"":583,""t"":922},{""x"":1228,""y"":600,""t"":957},{""x"":1211,""y"":621,""t"":990},{""x"":1231,""y"":553,""t"":1024},{""x"":1245,""y"":560,""t"":1058},{""x"":1222,""y"":560,""t"":1092},{""x"":1211,""y"":567,""t"":1126},{""x"":1193,""y"":578,""t"":1160},{""x"":1188,""y"":624,""t"":1195},{""x"":1184,""y"":598,""t"":1228},{""x"":1214,""y"":591,""t"":1262},{""x"":1146,""y"":601,""t"":1296},{""x"":1047,""y"":654,""t"":1331},{""x"":973,""y"":714,""t"":1364},{""x"":926,""y"":759,""t"":1398},{""x"":896,""y"":807,""t"":1432},{""x"":894,""y"":828,""t"":1466},{""x"":866,""y"":821,""t"":1500},{""x"":833,""y"":831,""t"":1534},{""x"":801,""y"":823,""t"":1567},{""x"":810,""y"":810,""t"":1602},{""x"":823,""y"":699,""t"":1637},{""x"":845,""y"":571,""t"":1670},{""x"":863,""y"":392,""t"":1704},{""x"":884,""y"":289,""t"":1739},{""x"":909,""y"":190,""t"":1772},{""x"":952,""y"":168,""t"":1805},{""x"":908,""y"":105,""t"":1839},{""x"":886,""y"":45,""t"":1875},{""x"":870,""y"":-16,""t"":1908},{""x"":873,""y"":-53,""t"":1942},{""x"":865,""y"":-37,""t"":1976}]","[{""x"":250,""y"":425,""width"":80,""height"":80,""top"":385,""right"":290,""bottom"":465,""left"":210},{""x"":400,""y"":165.1923788646684,""width"":80,""height"":80,""top"":125.1923788646684,""right"":440,""bottom"":205.1923788646684,""left"":360},{""x"":700,""y"":165.1923788646684,""width"":80,""height"":80,""top"":125.1923788646684,""right"":740,""bottom"":205.1923788646684,""left"":660},{""x"":850,""y"":425,""width"":80,""height"":80,""top"":385,""right"":890,""bottom"":465,""left"":810},{""x"":700,""y"":684.8076211353316,""width"":80,""height"":80,""top"":644.8076211353316,""right"":740,""bottom"":724.8076211353316,""left"":660},{""x"":400,""y"":684.8076211353316,""width"":80,""height"":80,""top"":644.8076211353316,""right"":440,""bottom"":724.8076211353316,""left"":360}]","{""#container"":{""x"":410,""y"":129.390625,""width"":1100,""height"":850,""top"":129.390625,""right"":1510,""bottom"":979.390625,""left"":410}}","[{'purple': 0}, {'cyan': 3}, {'red': 2}, {'yellow': 24}, {'blue': 0}, {'green': 8}]",{'yellow': 24},yellow
241,,,,756.0,6.0,6.0,"[""purple"",""red"",""green"",""yellow"",""cyan"",""blue""]",yellow_1,True,"[{""x"":877,""y"":64,""t"":5},{""x"":877,""y"":179,""t"":41},{""x"":898,""y"":285,""t"":72},{""x"":892,""y"":380,""t"":107},{""x"":887,""y"":442,""t"":140},{""x"":891,""y"":526,""t"":174},{""x"":898,""y"":589,""t"":208},{""x"":912,""y"":612,""t"":242},{""x"":954,""y"":643,""t"":276},{""x"":974,""y"":680,""t"":310},{""x"":974,""y"":684,""t"":344},{""x"":986,""y"":635,""t"":377},{""x"":1071,""y"":631,""t"":412},{""x"":1100,""y"":540,""t"":446},{""x"":1112,""y"":536,""t"":481},{""x"":1111,""y"":523,""t"":518},{""x"":1114,""y"":478,""t"":548},{""x"":1161,""y"":439,""t"":582},{""x"":1195,""y"":394,""t"":617},{""x"":1171,""y"":398,""t"":657},{""x"":1184,""y"":398,""t"":686},{""x"":1213,""y"":367,""t"":718},{""x"":1239,""y"":360,""t"":752},{""x"":1271,""y"":341,""t"":785},{""x"":1268,""y"":303,""t"":820},{""x"":1211,""y"":290,""t"":853},{""x"":1154,""y"":197,""t"":888},{""x"":1089,""y"":177,""t"":922},{""x"":1059,""y"":140,""t"":957},{""x"":1004,""y"":84,""t"":990},{""x"":961,""y"":87,""t"":1024},{""x"":954,""y"":83,""t"":1058},{""x"":929,""y"":86,""t"":1091},{""x"":919,""y"":67,""t"":1125},{""x"":913,""y"":65,""t"":1159},{""x"":842,""y"":122,""t"":1193},{""x"":795,""y"":94,""t"":1227},{""x"":726,""y"":164,""t"":1260},{""x"":680,""y"":120,""t"":1295},{""x"":684,""y"":139,""t"":1329},{""x"":667,""y"":121,""t"":1364},{""x"":664,""y"":118,""t"":1397},{""x"":642,""y"":123,""t"":1431},{""x"":674,""y"":103,""t"":1466},{""x"":670,""y"":89,""t"":1499},{""x"":667,""y"":97,""t"":1534},{""x"":667,""y"":168,""t"":1568},{""x"":712,""y"":181,""t"":1616},{""x"":791,""y"":227,""t"":1646},{""x"":813,""y"":260,""t"":1674},{""x"":842,""y"":259,""t"":1705},{""x"":890,""y"":240,""t"":1738},{""x"":917,""y"":270,""t"":1772},{""x"":922,""y"":257,""t"":1805},{""x"":921,""y"":325,""t"":1840},{""x"":1007,""y"":346,""t"":1875},{""x"":1066,""y"":436,""t"":1908},{""x"":1076,""y"":483,""t"":1942},{""x"":1093,""y"":542,""t"":1976}]","[{""x"":250,""y"":425,""width"":80,""height"":80,""top"":385,""right"":290,""bottom"":465,""left"":210},{""x"":400,""y"":165.1923788646684,""width"":80,""height"":80,""top"":125.1923788646684,""right"":440,""bottom"":205.1923788646684,""left"":360},{""x"":700,""y"":165.1923788646684,""width"":80,""height"":80,""top"":125.1923788646684,""right"":740,""bottom"":205.1923788646684,""left"":660},{""x"":850,""y"":425,""width"":80,""height"":80,""top"":385,""right"":890,""bottom"":465,""left"":810},{""x"":700,""y"":684.8076211353316,""width"":80,""height"":80,""top"":644.8076211353316,""right"":740,""bottom"":724.8076211353316,""left"":660},{""x"":400,""y"":684.8076211353316,""width"":80,""height"":80,""top"":644.8076211353316,""right"":440,""bottom"":724.8076211353316,""left"":360}]","{""#container"":{""x"":410,""y"":129.390625,""width"":1100,""height"":850,""top"":129.390625,""right"":1510,""bottom"":979.390625,""left"":410}}","[{'purple': 0}, {'red': 10}, {'green': 10}, {'yellow': 1}, {'cyan': 0}, {'blue': 0}]",{'yellow_1': 1},red
242,,,,841.0,3.0,3.0,"[""green"",""blue"",""yellow"",""cyan"",""purple"",""red""]",purple_1,True,"[{""x"":1051,""y"":574,""t"":3},{""x"":1033,""y"":608,""t"":39},{""x"":1027,""y"":602,""t"":71},{""x"":1015,""y"":569,""t"":107},{""x"":1000,""y"":555,""t"":140},{""x"":997,""y"":611,""t"":174},{""x"":986,""y"":602,""t"":208},{""x"":963,""y"":621,""t"":242},{""x"":943,""y"":634,""t"":277},{""x"":948,""y"":613,""t"":310},{""x"":975,""y"":563,""t"":344},{""x"":970,""y"":526,""t"":379},{""x"":977,""y"":481,""t"":412},{""x"":972,""y"":429,""t"":444},{""x"":966,""y"":328,""t"":480},{""x"":957,""y"":274,""t"":514},{""x"":954,""y"":218,""t"":548},{""x"":971,""y"":188,""t"":582},{""x"":942,""y"":120,""t"":617},{""x"":941,""y"":115,""t"":650},{""x"":971,""y"":91,""t"":684},{""x"":1008,""y"":55,""t"":717},{""x"":1029,""y"":47,""t"":751},{""x"":1004,""y"":39,""t"":786},{""x"":1006,""y"":81,""t"":820},{""x"":956,""y"":153,""t"":852},{""x"":851,""y"":176,""t"":888},{""x"":799,""y"":275,""t"":922},{""x"":789,""y"":332,""t"":956},{""x"":745,""y"":349,""t"":990},{""x"":724,""y"":398,""t"":1024},{""x"":707,""y"":429,""t"":1058},{""x"":668,""y"":470,""t"":1091},{""x"":627,""y"":506,""t"":1126},{""x"":619,""y"":551,""t"":1160},{""x"":622,""y"":570,""t"":1194},{""x"":652,""y"":583,""t"":1228},{""x"":689,""y"":631,""t"":1262},{""x"":746,""y"":672,""t"":1296},{""x"":790,""y"":682,""t"":1330},{""x"":823,""y"":680,""t"":1376},{""x"":812,""y"":733,""t"":1405},{""x"":844,""y"":765,""t"":1434},{""x"":865,""y"":726,""t"":1466},{""x"":881,""y"":739,""t"":1501},{""x"":903,""y"":737,""t"":1534},{""x"":898,""y"":734,""t"":1568},{""x"":917,""y"":694,""t"":1603},{""x"":893,""y"":686,""t"":1636},{""x"":866,""y"":698,""t"":1670},{""x"":888,""y"":684,""t"":1704},{""x"":874,""y"":680,""t"":1738},{""x"":880,""y"":668,""t"":1772},{""x"":900,""y"":643,""t"":1805},{""x"":910,""y"":640,""t"":1840},{""x"":904,""y"":601,""t"":1874},{""x"":931,""y"":623,""t"":1908},{""x"":943,""y"":633,""t"":1943},{""x"":955,""y"":687,""t"":1975}]","[{""x"":250,""y"":425,""width"":80,""height"":80,""top"":385,""right"":290,""bottom"":465,""left"":210},{""x"":400,""y"":165.1923788646684,""width"":80,""height"":80,""top"":125.1923788646684,""right"":440,""bottom"":205.1923788646684,""left"":360},{""x"":700,""y"":165.1923788646684,""width"":80,""height"":80,""top"":125.1923788646684,""right"":740,""bottom"":205.1923788646684,""left"":660},{""x"":850,""y"":425,""width"":80,""height"":80,""top"":385,""right"":890,""bottom"":465,""left"":810},{""x"":700,""y"":684.8076211353316,""width"":80,""height"":80,""top"":644.8076211353316,""right"":740,""bottom"":724.8076211353316,""left"":660},{""x"":400,""y"":684.8076211353316,""width"":80,""height"":80,""top"":644.8076211353316,""right"":440,""bottom"":724.8076211353316,""left"":360}]","{""#container"":{""x"":410,""y"":129.390625,""width"":1100,""height"":850,""top"":129.390625,""right"":1510,""bottom"":979.390625,""left"":410}}","[{'green': 8}, {'blue': 6}, {'yellow': 1}, {'cyan': 0}, {'purple': 0}, {'red': 10}]",,red
243,,,,677.0,4.0,4.0,"[""blue"",""purple"",""green"",""red"",""yellow"",""cyan""]",blue_1,True,"[{""x"":987,""y"":689,""t"":4},{""x"":1022,""y"":666,""t"":47},{""x"":1073,""y"":621,""t"":78},{""x"":1073,""y"":586,""t"":106},{""x"":1061,""y"":555,""t"":140},{""x"":1062,""y"":499,""t"":174},{""x"":1050,""y"":492,""t"":207},{""x"":1040,""y"":450,""t"":242},{""x"":1026,""y"":467,""t"":276},{""x"":997,""y"":491,""t"":310},{""x"":987,""y"":502,""t"":344},{""x"":998,""y"":524,""t"":378},{""x"":1010,""y"":487,""t"":412},{""x"":996,""y"":479,""t"":446},{""x"":945,""y"":474,""t"":480},{""x"":966,""y"":486,""t"":514},{""x"":982,""y"":576,""t"":548},{""x"":984,""y"":574,""t"":581},{""x"":1035,""y"":628,""t"":615},{""x"":1055,""y"":619,""t"":650},{""x"":1034,""y"":650,""t"":684},{""x"":1046,""y"":641,""t"":719},{""x"":1031,""y"":664,""t"":749},{""x"":1062,""y"":699,""t"":786},{""x"":1043,""y"":730,""t"":820},{""x"":1021,""y"":755,""t"":854},{""x"":999,""y"":758,""t"":888},{""x"":1043,""y"":747,""t"":922},{""x"":1042,""y"":742,""t"":958},{""x"":1043,""y"":654,""t"":991},{""x"":977,""y"":551,""t"":1027},{""x"":916,""y"":425,""t"":1058},{""x"":886,""y"":290,""t"":1092},{""x"":822,""y"":163,""t"":1126},{""x"":769,""y"":59,""t"":1157},{""x"":757,""y"":75,""t"":1194},{""x"":727,""y"":46,""t"":1230},{""x"":711,""y"":20,""t"":1262},{""x"":760,""y"":31,""t"":1296},{""x"":841,""y"":85,""t"":1332},{""x"":906,""y"":113,""t"":1363},{""x"":1004,""y"":133,""t"":1399},{""x"":1050,""y"":192,""t"":1431},{""x"":1103,""y"":160,""t"":1466},{""x"":1114,""y"":169,""t"":1500},{""x"":1152,""y"":152,""t"":1534},{""x"":1162,""y"":169,""t"":1567},{""x"":1203,""y"":208,""t"":1602},{""x"":1231,""y"":238,""t"":1636},{""x"":1234,""y"":249,""t"":1670},{""x"":1266,""y"":311,""t"":1704},{""x"":1302,""y"":343,""t"":1738},{""x"":1316,""y"":379,""t"":1773},{""x"":1348,""y"":421,""t"":1805},{""x"":1300,""y"":418,""t"":1840},{""x"":1262,""y"":414,""t"":1874},{""x"":1247,""y"":413,""t"":1908},{""x"":1252,""y"":372,""t"":1942},{""x"":1234,""y"":359,""t"":1976}]","[{""x"":250,""y"":425,""width"":80,""height"":80,""top"":385,""right"":290,""bottom"":465,""left"":210},{""x"":400,""y"":165.1923788646684,""width"":80,""height"":80,""top"":125.1923788646684,""right"":440,""bottom"":205.1923788646684,""left"":360},{""x"":700,""y"":165.1923788646684,""width"":80,""height"":80,""top"":125.1923788646684,""right"":740,""bottom"":205.1923788646684,""left"":660},{""x"":850,""y"":425,""width"":80,""height"":80,""top"":385,""right"":890,""bottom"":465,""left"":810},{""x"":700,""y"":684.8076211353316,""width"":80,""height"":80,""top"":644.8076211353316,""right"":740,""bottom"":724.8076211353316,""left"":660},{""x"":400,""y"":684.8076211353316,""width"":80,""height"":80,""top"":644.8076211353316,""right"":440,""bottom"":724.8076211353316,""left"":360}]","{""#container"":{""x"":410,""y"":129.390625,""width"":1100,""height"":850,""top"":129.390625,""right"":1510,""bottom"":979.390625,""left"":410}}","[{'blue': 0}, {'purple': 2}, {'green': 9}, {'red': 3}, {'yellow': 6}, {'cyan': 0}]",,green
244,,,,1005.0,7.0,7.0,"[""red"",""green"",""blue"",""purple"",""yellow"",""cyan""]",green_1,True,"[{""x"":1156,""y"":410,""t"":5},{""x"":1116,""y"":456,""t"":41},{""x"":1073,""y"":473,""t"":72},{""x"":1044,""y"":459,""t"":110},{""x"":996,""y"":489,""t"":140},{""x"":988,""y"":527,""t"":173},{""x"":969,""y"":590,""t"":209},{""x"":956,""y"":584,""t"":241},{""x"":935,""y"":621,""t"":276},{""x"":924,""y"":605,""t"":309},{""x"":939,""y"":577,""t"":345},{""x"":932,""y"":554,""t"":377},{""x"":932,""y"":550,""t"":410},{""x"":957,""y"":526,""t"":446},{""x"":961,""y"":531,""t"":479},{""x"":967,""y"":542,""t"":514},{""x"":956,""y"":520,""t"":547},{""x"":958,""y"":534,""t"":581},{""x"":930,""y"":491,""t"":616},{""x"":881,""y"":440,""t"":649},{""x"":867,""y"":365,""t"":684},{""x"":860,""y"":304,""t"":721},{""x"":826,""y"":262,""t"":751},{""x"":793,""y"":229,""t"":783},{""x"":870,""y"":242,""t"":820},{""x"":888,""y"":329,""t"":853},{""x"":900,""y"":312,""t"":888},{""x"":960,""y"":350,""t"":922},{""x"":997,""y"":346,""t"":955},{""x"":988,""y"":370,""t"":989},{""x"":928,""y"":322,""t"":1023},{""x"":851,""y"":305,""t"":1057},{""x"":838,""y"":269,""t"":1091},{""x"":810,""y"":203,""t"":1126},{""x"":781,""y"":146,""t"":1160},{""x"":758,""y"":100,""t"":1191},{""x"":756,""y"":131,""t"":1228},{""x"":748,""y"":69,""t"":1262},{""x"":770,""y"":101,""t"":1296},{""x"":827,""y"":140,""t"":1330},{""x"":868,""y"":242,""t"":1364},{""x"":946,""y"":344,""t"":1398},{""x"":1011,""y"":393,""t"":1431},{""x"":1038,""y"":450,""t"":1466},{""x"":1052,""y"":542,""t"":1499},{""x"":987,""y"":619,""t"":1534},{""x"":929,""y"":661,""t"":1568},{""x"":928,""y"":674,""t"":1604},{""x"":894,""y"":685,""t"":1635},{""x"":870,""y"":687,""t"":1670},{""x"":837,""y"":720,""t"":1704},{""x"":815,""y"":730,""t"":1738},{""x"":787,""y"":732,""t"":1772},{""x"":769,""y"":757,""t"":1805},{""x"":802,""y"":713,""t"":1840},{""x"":859,""y"":682,""t"":1875},{""x"":917,""y"":575,""t"":1909},{""x"":945,""y"":554,""t"":1942},{""x"":997,""y"":497,""t"":1975}]","[{""x"":250,""y"":425,""width"":80,""height"":80,""top"":385,""right"":290,""bottom"":465,""left"":210},{""x"":400,""y"":165.1923788646684,""width"":80,""height"":80,""top"":125.1923788646684,""right"":440,""bottom"":205.1923788646684,""left"":360},{""x"":700,""y"":165.1923788646684,""width"":80,""height"":80,""top"":125.1923788646684,""right"":740,""bottom"":205.1923788646684,""left"":660},{""x"":850,""y"":425,""width"":80,""height"":80,""top"":385,""right"":890,""bottom"":465,""left"":810},{""x"":700,""y"":684.8076211353316,""width"":80,""height"":80,""top"":644.8076211353316,""right"":740,""bottom"":724.8076211353316,""left"":660},{""x"":400,""y"":684.8076211353316,""width"":80,""height"":80,""top"":644.8076211353316,""right"":440,""bottom"":724.8076211353316,""left"":360}]","{""#container"":{""x"":410,""y"":129.390625,""width"":1100,""height"":850,""top"":129.390625,""right"":1510,""bottom"":979.390625,""left"":410}}","[{'red': 0}, {'green': 13}, {'blue': 4}, {'purple': 0}, {'yellow': 0}, {'cyan': 7}]",{'green_1': 13},green_1
245,,,,671.0,1.0,1.0,"[""green"",""yellow"",""purple"",""red"",""cyan"",""blue""]",blue,True,"[{""x"":1028,""y"":543,""t"":4},{""x"":1002,""y"":572,""t"":43},{""x"":1015,""y"":604,""t"":74},{""x"":1025,""y"":632,""t"":104},{""x"":1026,""y"":618,""t"":141},{""x"":1024,""y"":625,""t"":174},{""x"":1020,""y"":638,""t"":208},{""x"":1045,""y"":628,""t"":243},{""x"":1038,""y"":598,""t"":276},{""x"":1018,""y"":565,""t"":310},{""x"":997,""y"":568,""t"":344},{""x"":954,""y"":560,""t"":378},{""x"":885,""y"":571,""t"":412},{""x"":854,""y"":627,""t"":446},{""x"":840,""y"":625,""t"":480},{""x"":828,""y"":682,""t"":514},{""x"":778,""y"":736,""t"":547},{""x"":746,""y"":750,""t"":582},{""x"":715,""y"":710,""t"":616},{""x"":714,""y"":694,""t"":651},{""x"":691,""y"":646,""t"":684},{""x"":691,""y"":485,""t"":718},{""x"":695,""y"":400,""t"":752},{""x"":717,""y"":288,""t"":786},{""x"":762,""y"":195,""t"":821},{""x"":742,""y"":84,""t"":854},{""x"":754,""y"":-7,""t"":888},{""x"":766,""y"":-66,""t"":922},{""x"":811,""y"":-61,""t"":956},{""x"":778,""y"":-34,""t"":990},{""x"":750,""y"":101,""t"":1025},{""x"":714,""y"":231,""t"":1058},{""x"":733,""y"":318,""t"":1092},{""x"":737,""y"":426,""t"":1125},{""x"":718,""y"":445,""t"":1159},{""x"":701,""y"":496,""t"":1194},{""x"":717,""y"":549,""t"":1228},{""x"":805,""y"":567,""t"":1262},{""x"":900,""y"":602,""t"":1296},{""x"":1007,""y"":553,""t"":1330},{""x"":1035,""y"":527,""t"":1364},{""x"":1096,""y"":514,""t"":1398},{""x"":1116,""y"":477,""t"":1431},{""x"":1194,""y"":494,""t"":1466},{""x"":1237,""y"":450,""t"":1500},{""x"":1272,""y"":478,""t"":1534},{""x"":1263,""y"":462,""t"":1568},{""x"":1262,""y"":446,""t"":1602},{""x"":1274,""y"":463,""t"":1636},{""x"":1271,""y"":477,""t"":1670},{""x"":1266,""y"":489,""t"":1702},{""x"":1226,""y"":522,""t"":1745},{""x"":1232,""y"":517,""t"":1775},{""x"":1230,""y"":503,""t"":1805},{""x"":1217,""y"":475,""t"":1840},{""x"":1216,""y"":463,""t"":1873},{""x"":1182,""y"":486,""t"":1908},{""x"":1188,""y"":458,""t"":1942},{""x"":1177,""y"":430,""t"":1977}]","[{""x"":250,""y"":425,""width"":80,""height"":80,""top"":385,""right"":290,""bottom"":465,""left"":210},{""x"":400,""y"":165.1923788646684,""width"":80,""height"":80,""top"":125.1923788646684,""right"":440,""bottom"":205.1923788646684,""left"":360},{""x"":700,""y"":165.1923788646684,""width"":80,""height"":80,""top"":125.1923788646684,""right"":740,""bottom"":205.1923788646684,""left"":660},{""x"":850,""y"":425,""width"":80,""height"":80,""top"":385,""right"":890,""bottom"":465,""left"":810},{""x"":700,""y"":684.8076211353316,""width"":80,""height"":80,""top"":644.8076211353316,""right"":740,""bottom"":724.8076211353316,""left"":660},{""x"":400,""y"":684.8076211353316,""width"":80,""height"":80,""top"":644.8076211353316,""right"":440,""bottom"":724.8076211353316,""left"":360}]","{""#container"":{""x"":410,""y"":129.390625,""width"":1100,""height"":850,""top"":129.390625,""right"":1510,""bottom"":979.390625,""left"":410}}","[{'green': 8}, {'yellow': 4}, {'purple': 0}, {'red': 16}, {'cyan': 0}, {'blue': 4}]",{'blue': 4},red
246,,,,732.0,7.0,7.0,"[""yellow"",""blue"",""cyan"",""green"",""red"",""purple""]",blue_1,True,"[{""x"":1071,""y"":432,""t"":5},{""x"":988,""y"":436,""t"":48},{""x"":946,""y"":496,""t"":78},{""x"":899,""y"":508,""t"":107},{""x"":868,""y"":530,""t"":140},{""x"":846,""y"":549,""t"":172},{""x"":856,""y"":565,""t"":208},{""x"":869,""y"":600,""t"":242},{""x"":855,""y"":619,""t"":276},{""x"":849,""y"":653,""t"":310},{""x"":852,""y"":648,""t"":344},{""x"":857,""y"":670,""t"":379},{""x"":853,""y"":701,""t"":412},{""x"":822,""y"":721,""t"":445},{""x"":813,""y"":740,""t"":479},{""x"":781,""y"":720,""t"":513},{""x"":757,""y"":716,""t"":546},{""x"":785,""y"":741,""t"":582},{""x"":791,""y"":722,""t"":615},{""x"":775,""y"":715,""t"":651},{""x"":777,""y"":729,""t"":685},{""x"":792,""y"":721,""t"":717},{""x"":765,""y"":732,""t"":752},{""x"":770,""y"":725,""t"":786},{""x"":836,""y"":694,""t"":820},{""x"":926,""y"":678,""t"":854},{""x"":1007,""y"":638,""t"":890},{""x"":1060,""y"":639,""t"":923},{""x"":1091,""y"":587,""t"":956},{""x"":1132,""y"":586,""t"":989},{""x"":1122,""y"":521,""t"":1024},{""x"":1160,""y"":502,""t"":1057},{""x"":1173,""y"":501,""t"":1092},{""x"":1178,""y"":519,""t"":1127},{""x"":1189,""y"":468,""t"":1160},{""x"":1209,""y"":486,""t"":1194},{""x"":1203,""y"":453,""t"":1228},{""x"":1218,""y"":467,""t"":1263},{""x"":1167,""y"":441,""t"":1296},{""x"":1141,""y"":469,""t"":1330},{""x"":1149,""y"":501,""t"":1364},{""x"":1172,""y"":481,""t"":1397},{""x"":1165,""y"":445,""t"":1432},{""x"":1173,""y"":425,""t"":1467},{""x"":1153,""y"":404,""t"":1500},{""x"":1157,""y"":423,""t"":1534},{""x"":1167,""y"":427,""t"":1568},{""x"":1157,""y"":533,""t"":1606},{""x"":1089,""y"":590,""t"":1637},{""x"":1088,""y"":660,""t"":1670},{""x"":1070,""y"":714,""t"":1704},{""x"":1074,""y"":782,""t"":1738},{""x"":1079,""y"":816,""t"":1772},{""x"":1029,""y"":802,""t"":1807},{""x"":1023,""y"":826,""t"":1840},{""x"":967,""y"":846,""t"":1874},{""x"":939,""y"":868,""t"":1908},{""x"":954,""y"":876,""t"":1942},{""x"":954,""y"":885,""t"":1977}]","[{""x"":250,""y"":425,""width"":80,""height"":80,""top"":385,""right"":290,""bottom"":465,""left"":210},{""x"":400,""y"":165.1923788646684,""width"":80,""height"":80,""top"":125.1923788646684,""right"":440,""bottom"":205.1923788646684,""left"":360},{""x"":700,""y"":165.1923788646684,""width"":80,""height"":80,""top"":125.1923788646684,""right"":740,""bottom"":205.1923788646684,""left"":660},{""x"":850,""y"":425,""width"":80,""height"":80,""top"":385,""right"":890,""bottom"":465,""left"":810},{""x"":700,""y"":684.8076211353316,""width"":80,""height"":80,""top"":644.8076211353316,""right"":740,""bottom"":724.8076211353316,""left"":660},{""x"":400,""y"":684.8076211353316,""width"":80,""height"":80,""top"":644.8076211353316,""right"":440,""bottom"":724.8076211353316,""left"":360}]","{""#container"":{""x"":410,""y"":129.390625,""width"":1100,""height"":850,""top"":129.390625,""right"":1510,""bottom"":979.390625,""left"":410}}","[{'yellow': 0}, {'blue': 0}, {'cyan': 5}, {'green': 15}, {'red': 6}, {'purple': 14}]",,green
247,,,,793.0,9.0,9.0,"[""yellow"",""purple"",""green"",""red"",""cyan"",""blue""]",green,True,"[{""x"":967,""y"":763,""t"":3},{""x"":964,""y"":719,""t"":37},{""x"":950,""y"":671,""t"":71},{""x"":937,""y"":646,""t"":105},{""x"":967,""y"":602,""t"":138},{""x"":989,""y"":668,""t"":174},{""x"":988,""y"":647,""t"":209},{""x"":974,""y"":637,""t"":242},{""x"":951,""y"":628,""t"":276},{""x"":950,""y"":604,""t"":310},{""x"":941,""y"":590,""t"":343},{""x"":953,""y"":584,""t"":378},{""x"":939,""y"":581,""t"":413},{""x"":916,""y"":616,""t"":445},{""x"":850,""y"":666,""t"":480},{""x"":830,""y"":683,""t"":514},{""x"":801,""y"":667,""t"":545},{""x"":797,""y"":726,""t"":583},{""x"":793,""y"":754,""t"":616},{""x"":764,""y"":769,""t"":650},{""x"":736,""y"":781,""t"":685},{""x"":744,""y"":742,""t"":718},{""x"":744,""y"":713,""t"":753},{""x"":752,""y"":682,""t"":786},{""x"":734,""y"":700,""t"":820},{""x"":791,""y"":706,""t"":853},{""x"":841,""y"":615,""t"":888},{""x"":908,""y"":537,""t"":922},{""x"":949,""y"":436,""t"":956},{""x"":976,""y"":353,""t"":990},{""x"":1009,""y"":228,""t"":1023},{""x"":1066,""y"":142,""t"":1058},{""x"":1080,""y"":123,""t"":1092},{""x"":1092,""y"":147,""t"":1126},{""x"":1080,""y"":163,""t"":1160},{""x"":1088,""y"":133,""t"":1194},{""x"":1069,""y"":117,""t"":1228},{""x"":1068,""y"":35,""t"":1262},{""x"":1094,""y"":83,""t"":1296},{""x"":1071,""y"":89,""t"":1330},{""x"":1108,""y"":72,""t"":1364},{""x"":1145,""y"":84,""t"":1397},{""x"":1147,""y"":139,""t"":1432},{""x"":1163,""y"":171,""t"":1466},{""x"":1182,""y"":258,""t"":1500},{""x"":1219,""y"":254,""t"":1534},{""x"":1190,""y"":364,""t"":1568},{""x"":1173,""y"":374,""t"":1602},{""x"":1174,""y"":385,""t"":1636},{""x"":1167,""y"":448,""t"":1671},{""x"":1167,""y"":450,""t"":1702},{""x"":1156,""y"":460,""t"":1739},{""x"":1139,""y"":433,""t"":1772},{""x"":1148,""y"":433,""t"":1807},{""x"":1158,""y"":449,""t"":1840},{""x"":1167,""y"":435,""t"":1873},{""x"":1166,""y"":444,""t"":1909},{""x"":1162,""y"":403,""t"":1943},{""x"":1158,""y"":457,""t"":1976}]","[{""x"":250,""y"":425,""width"":80,""height"":80,""top"":385,""right"":290,""bottom"":465,""left"":210},{""x"":400,""y"":165.1923788646684,""width"":80,""height"":80,""top"":125.1923788646684,""right"":440,""bottom"":205.1923788646684,""left"":360},{""x"":700,""y"":165.1923788646684,""width"":80,""height"":80,""top"":125.1923788646684,""right"":740,""bottom"":205.1923788646684,""left"":660},{""x"":850,""y"":425,""width"":80,""height"":80,""top"":385,""right"":890,""bottom"":465,""left"":810},{""x"":700,""y"":684.8076211353316,""width"":80,""height"":80,""top"":644.8076211353316,""right"":740,""bottom"":724.8076211353316,""left"":660},{""x"":400,""y"":684.8076211353316,""width"":80,""height"":80,""top"":644.8076211353316,""right"":440,""bottom"":724.8076211353316,""left"":360}]","{""#container"":{""x"":410,""y"":129.390625,""width"":1100,""height"":850,""top"":129.390625,""right"":1510,""bottom"":979.390625,""left"":410}}","[{'yellow': 0}, {'purple': 0}, {'green': 13}, {'red': 6}, {'cyan': 0}, {'blue': 11}]",{'green': 13},green
248,,,,2245.0,1.0,1.0,"[""blue"",""purple"",""green"",""yellow"",""cyan"",""red""]",red_1,True,"[{""x"":1062,""y"":506,""t"":4},{""x"":1045,""y"":575,""t"":39},{""x"":991,""y"":594,""t"":74},{""x"":974,""y"":634,""t"":108},{""x"":947,""y"":644,""t"":140},{""x"":938,""y"":628,""t"":174},{""x"":889,""y"":674,""t"":209},{""x"":848,""y"":698,""t"":241},{""x"":799,""y"":721,""t"":276},{""x"":797,""y"":720,""t"":309},{""x"":798,""y"":722,""t"":344},{""x"":833,""y"":752,""t"":378},{""x"":898,""y"":706,""t"":412},{""x"":955,""y"":666,""t"":444},{""x"":983,""y"":628,""t"":480},{""x"":1084,""y"":573,""t"":514},{""x"":1098,""y"":561,""t"":548},{""x"":1126,""y"":507,""t"":582},{""x"":1141,""y"":531,""t"":616},{""x"":1153,""y"":522,""t"":651},{""x"":1158,""y"":526,""t"":684},{""x"":1147,""y"":498,""t"":718},{""x"":1133,""y"":453,""t"":752},{""x"":1128,""y"":418,""t"":785},{""x"":1106,""y"":375,""t"":819},{""x"":1101,""y"":376,""t"":851},{""x"":1070,""y"":341,""t"":888},{""x"":1048,""y"":259,""t"":922},{""x"":1028,""y"":240,""t"":956},{""x"":1016,""y"":219,""t"":989},{""x"":1025,""y"":232,""t"":1024},{""x"":1018,""y"":182,""t"":1058},{""x"":986,""y"":127,""t"":1092},{""x"":1001,""y"":146,""t"":1125},{""x"":1024,""y"":51,""t"":1161},{""x"":1014,""y"":59,""t"":1194},{""x"":1055,""y"":53,""t"":1228},{""x"":1024,""y"":104,""t"":1261},{""x"":979,""y"":210,""t"":1296},{""x"":947,""y"":374,""t"":1330},{""x"":916,""y"":519,""t"":1364},{""x"":875,""y"":641,""t"":1398},{""x"":858,""y"":717,""t"":1432},{""x"":841,""y"":750,""t"":1466},{""x"":803,""y"":802,""t"":1511},{""x"":784,""y"":829,""t"":1535},{""x"":800,""y"":880,""t"":1568},{""x"":777,""y"":897,""t"":1601},{""x"":819,""y"":914,""t"":1636},{""x"":805,""y"":925,""t"":1670},{""x"":812,""y"":928,""t"":1704},{""x"":813,""y"":912,""t"":1738},{""x"":804,""y"":919,""t"":1772},{""x"":804,""y"":895,""t"":1807},{""x"":795,""y"":889,""t"":1840},{""x"":843,""y"":873,""t"":1874},{""x"":846,""y"":857,""t"":1909},{""x"":854,""y"":867,""t"":1941},{""x"":864,""y"":838,""t"":1975}]","[{""x"":250,""y"":425,""width"":80,""height"":80,""top"":385,""right"":290,""bottom"":465,""left"":210},{""x"":400,""y"":165.1923788646684,""width"":80,""height"":80,""top"":125.1923788646684,""right"":440,""bottom"":205.1923788646684,""left"":360},{""x"":700,""y"":165.1923788646684,""width"":80,""height"":80,""top"":125.1923788646684,""right"":740,""bottom"":205.1923788646684,""left"":660},{""x"":850,""y"":425,""width"":80,""height"":80,""top"":385,""right"":890,""bottom"":465,""left"":810},{""x"":700,""y"":684.8076211353316,""width"":80,""height"":80,""top"":644.8076211353316,""right"":740,""bottom"":724.8076211353316,""left"":660},{""x"":400,""y"":684.8076211353316,""width"":80,""height"":80,""top"":644.8076211353316,""right"":440,""bottom"":724.8076211353316,""left"":360}]","{""#container"":{""x"":410,""y"":129.390625,""width"":1100,""height"":850,""top"":129.390625,""right"":1510,""bottom"":979.390625,""left"":410}}","[{'blue': 0}, {'purple': 0}, {'green': 9}, {'yellow': 5}, {'cyan': 0}, {'red': 23}]",{'red_1': 23},red_1
249,,,,819.0,7.0,7.0,"[""purple"",""yellow"",""green"",""red"",""cyan"",""blue""]",yellow_1,True,"[{""x"":857,""y"":835,""t"":4},{""x"":931,""y"":787,""t"":49},{""x"":941,""y"":743,""t"":83},{""x"":944,""y"":679,""t"":115},{""x"":983,""y"":685,""t"":144},{""x"":983,""y"":656,""t"":175},{""x"":943,""y"":590,""t"":208},{""x"":936,""y"":545,""t"":242},{""x"":945,""y"":562,""t"":276},{""x"":900,""y"":609,""t"":310},{""x"":913,""y"":604,""t"":344},{""x"":940,""y"":564,""t"":379},{""x"":938,""y"":537,""t"":411},{""x"":929,""y"":510,""t"":445},{""x"":914,""y"":481,""t"":480},{""x"":911,""y"":446,""t"":514},{""x"":897,""y"":419,""t"":548},{""x"":879,""y"":394,""t"":581},{""x"":896,""y"":362,""t"":616},{""x"":887,""y"":346,""t"":651},{""x"":893,""y"":339,""t"":683},{""x"":883,""y"":343,""t"":718},{""x"":843,""y"":345,""t"":752},{""x"":844,""y"":365,""t"":786},{""x"":867,""y"":318,""t"":820},{""x"":845,""y"":272,""t"":854},{""x"":905,""y"":268,""t"":888},{""x"":947,""y"":251,""t"":922},{""x"":947,""y"":191,""t"":956},{""x"":979,""y"":196,""t"":991},{""x"":989,""y"":238,""t"":1024},{""x"":1026,""y"":262,""t"":1057},{""x"":1075,""y"":372,""t"":1092},{""x"":1113,""y"":432,""t"":1126},{""x"":1156,""y"":504,""t"":1160},{""x"":1187,""y"":489,""t"":1194},{""x"":1179,""y"":554,""t"":1227},{""x"":1193,""y"":559,""t"":1261},{""x"":1202,""y"":559,""t"":1294},{""x"":1189,""y"":589,""t"":1331},{""x"":1183,""y"":554,""t"":1364},{""x"":1181,""y"":559,""t"":1398},{""x"":1178,""y"":545,""t"":1432},{""x"":1191,""y"":570,""t"":1469},{""x"":1215,""y"":572,""t"":1497},{""x"":1216,""y"":548,""t"":1534},{""x"":1183,""y"":590,""t"":1568},{""x"":1182,""y"":594,""t"":1602},{""x"":1167,""y"":626,""t"":1636},{""x"":1129,""y"":604,""t"":1671},{""x"":1112,""y"":604,""t"":1703},{""x"":1138,""y"":568,""t"":1738},{""x"":1130,""y"":547,""t"":1772},{""x"":1137,""y"":556,""t"":1807},{""x"":1105,""y"":579,""t"":1841},{""x"":1117,""y"":605,""t"":1874},{""x"":1073,""y"":647,""t"":1908},{""x"":1064,""y"":664,""t"":1942},{""x"":1078,""y"":687,""t"":1977}]","[{""x"":250,""y"":425,""width"":80,""height"":80,""top"":385,""right"":290,""bottom"":465,""left"":210},{""x"":400,""y"":165.1923788646684,""width"":80,""height"":80,""top"":125.1923788646684,""right"":440,""bottom"":205.1923788646684,""left"":360},{""x"":700,""y"":165.1923788646684,""width"":80,""height"":80,""top"":125.1923788646684,""right"":740,""bottom"":205.1923788646684,""left"":660},{""x"":850,""y"":425,""width"":80,""height"":80,""top"":385,""right"":890,""bottom"":465,""left"":810},{""x"":700,""y"":684.8076211353316,""width"":80,""height"":80,""top"":644.8076211353316,""right"":740,""bottom"":724.8076211353316,""left"":660},{""x"":400,""y"":684.8076211353316,""width"":80,""height"":80,""top"":644.8076211353316,""right"":440,""bottom"":724.8076211353316,""left"":360}]","{""#container"":{""x"":410,""y"":129.390625,""width"":1100,""height"":850,""top"":129.390625,""right"":1510,""bottom"":979.390625,""left"":410}}","[{'purple': 0}, {'yellow': 11}, {'green': 4}, {'red': 19}, {'cyan': 1}, {'blue': 3}]",{'yellow_1': 11},red
250,,,,804.0,9.0,9.0,"[""purple"",""cyan"",""green"",""yellow"",""blue"",""red""]",green_1,True,"[{""x"":998,""y"":675,""t"":6},{""x"":959,""y"":639,""t"":43},{""x"":908,""y"":641,""t"":74},{""x"":908,""y"":627,""t"":106},{""x"":895,""y"":623,""t"":140},{""x"":881,""y"":617,""t"":174},{""x"":882,""y"":565,""t"":208},{""x"":857,""y"":566,""t"":242},{""x"":855,""y"":563,""t"":276},{""x"":888,""y"":532,""t"":310},{""x"":907,""y"":524,""t"":345},{""x"":918,""y"":505,""t"":378},{""x"":932,""y"":460,""t"":412},{""x"":963,""y"":399,""t"":447},{""x"":972,""y"":425,""t"":479},{""x"":988,""y"":351,""t"":514},{""x"":1023,""y"":335,""t"":548},{""x"":1029,""y"":325,""t"":582},{""x"":1077,""y"":370,""t"":616},{""x"":1117,""y"":401,""t"":650},{""x"":1143,""y"":415,""t"":684},{""x"":1181,""y"":441,""t"":718},{""x"":1150,""y"":418,""t"":751},{""x"":1073,""y"":393,""t"":786},{""x"":1019,""y"":348,""t"":818},{""x"":985,""y"":338,""t"":855},{""x"":937,""y"":390,""t"":888},{""x"":930,""y"":393,""t"":921},{""x"":911,""y"":379,""t"":956},{""x"":952,""y"":360,""t"":990},{""x"":981,""y"":352,""t"":1024},{""x"":996,""y"":321,""t"":1058},{""x"":961,""y"":309,""t"":1092},{""x"":960,""y"":322,""t"":1126},{""x"":954,""y"":345,""t"":1160},{""x"":954,""y"":425,""t"":1194},{""x"":920,""y"":500,""t"":1225},{""x"":898,""y"":560,""t"":1262},{""x"":861,""y"":593,""t"":1295},{""x"":834,""y"":657,""t"":1330},{""x"":819,""y"":710,""t"":1364},{""x"":847,""y"":744,""t"":1398},{""x"":845,""y"":746,""t"":1432},{""x"":857,""y"":764,""t"":1466},{""x"":864,""y"":762,""t"":1500},{""x"":870,""y"":763,""t"":1534},{""x"":871,""y"":766,""t"":1568},{""x"":852,""y"":778,""t"":1602},{""x"":866,""y"":770,""t"":1636},{""x"":868,""y"":814,""t"":1670},{""x"":858,""y"":787,""t"":1705},{""x"":814,""y"":770,""t"":1738},{""x"":823,""y"":793,""t"":1772},{""x"":843,""y"":767,""t"":1807},{""x"":819,""y"":750,""t"":1840},{""x"":826,""y"":774,""t"":1875},{""x"":894,""y"":759,""t"":1908},{""x"":968,""y"":765,""t"":1942},{""x"":1005,""y"":755,""t"":1976}]","[{""x"":250,""y"":425,""width"":80,""height"":80,""top"":385,""right"":290,""bottom"":465,""left"":210},{""x"":400,""y"":165.1923788646684,""width"":80,""height"":80,""top"":125.1923788646684,""right"":440,""bottom"":205.1923788646684,""left"":360},{""x"":700,""y"":165.1923788646684,""width"":80,""height"":80,""top"":125.1923788646684,""right"":740,""bottom"":205.1923788646684,""left"":660},{""x"":850,""y"":425,""width"":80,""height"":80,""top"":385,""right"":890,""bottom"":465,""left"":810},{""x"":700,""y"":684.8076211353316,""width"":80,""height"":80,""top"":644.8076211353316,""right"":740,""bottom"":724.8076211353316,""left"":660},{""x"":400,""y"":684.8076211353316,""width"":80,""height"":80,""top"":644.8076211353316,""right"":440,""bottom"":724.8076211353316,""left"":360}]","{""#container"":{""x"":410,""y"":129.390625,""width"":1100,""height"":850,""top"":129.390625,""right"":1510,""bottom"":979.390625,""left"":410}}","[{'purple': 0}, {'cyan': 1}, {'green': 13}, {'yellow': 1}, {'blue': 1}, {'red': 17}]",{'green_1': 13},red
251,,,,631.0,3.0,3.0,"[""blue"",""yellow"",""green"",""purple"",""cyan"",""red""]",cyan,True,"[{""x"":999,""y"":700,""t"":4},{""x"":985,""y"":674,""t"":47},{""x"":979,""y"":628,""t"":79},{""x"":967,""y"":603,""t"":110},{""x"":958,""y"":602,""t"":142},{""x"":946,""y"":595,""t"":175},{""x"":919,""y"":629,""t"":208},{""x"":876,""y"":606,""t"":242},{""x"":909,""y"":601,""t"":276},{""x"":915,""y"":603,""t"":310},{""x"":884,""y"":628,""t"":344},{""x"":880,""y"":645,""t"":379},{""x"":925,""y"":590,""t"":412},{""x"":948,""y"":547,""t"":446},{""x"":972,""y"":476,""t"":480},{""x"":924,""y"":392,""t"":513},{""x"":892,""y"":363,""t"":547},{""x"":837,""y"":328,""t"":582},{""x"":819,""y"":302,""t"":616},{""x"":814,""y"":288,""t"":649},{""x"":808,""y"":291,""t"":683},{""x"":826,""y"":253,""t"":718},{""x"":862,""y"":207,""t"":751},{""x"":912,""y"":204,""t"":786},{""x"":895,""y"":228,""t"":820},{""x"":918,""y"":197,""t"":853},{""x"":949,""y"":186,""t"":888},{""x"":977,""y"":190,""t"":921},{""x"":1013,""y"":175,""t"":956},{""x"":1044,""y"":173,""t"":990},{""x"":1036,""y"":239,""t"":1024},{""x"":1027,""y"":280,""t"":1057},{""x"":1063,""y"":287,""t"":1092},{""x"":1080,""y"":316,""t"":1126},{""x"":1108,""y"":356,""t"":1157},{""x"":1108,""y"":367,""t"":1194},{""x"":1101,""y"":373,""t"":1228},{""x"":1110,""y"":375,""t"":1263},{""x"":1108,""y"":364,""t"":1296},{""x"":1033,""y"":397,""t"":1329},{""x"":1010,""y"":433,""t"":1364},{""x"":996,""y"":483,""t"":1398},{""x"":995,""y"":539,""t"":1432},{""x"":913,""y"":581,""t"":1466},{""x"":910,""y"":574,""t"":1500},{""x"":896,""y"":586,""t"":1532},{""x"":837,""y"":638,""t"":1569},{""x"":843,""y"":690,""t"":1601},{""x"":851,""y"":728,""t"":1636},{""x"":867,""y"":742,""t"":1671},{""x"":885,""y"":732,""t"":1704},{""x"":858,""y"":748,""t"":1737},{""x"":827,""y"":756,""t"":1772},{""x"":802,""y"":763,""t"":1806},{""x"":826,""y"":781,""t"":1839},{""x"":811,""y"":795,""t"":1874},{""x"":897,""y"":832,""t"":1908},{""x"":875,""y"":844,""t"":1942},{""x"":886,""y"":867,""t"":1976}]","[{""x"":250,""y"":425,""width"":80,""height"":80,""top"":385,""right"":290,""bottom"":465,""left"":210},{""x"":400,""y"":165.1923788646684,""width"":80,""height"":80,""top"":125.1923788646684,""right"":440,""bottom"":205.1923788646684,""left"":360},{""x"":700,""y"":165.1923788646684,""width"":80,""height"":80,""top"":125.1923788646684,""right"":740,""bottom"":205.1923788646684,""left"":660},{""x"":850,""y"":425,""width"":80,""height"":80,""top"":385,""right"":890,""bottom"":465,""left"":810},{""x"":700,""y"":684.8076211353316,""width"":80,""height"":80,""top"":644.8076211353316,""right"":740,""bottom"":724.8076211353316,""left"":660},{""x"":400,""y"":684.8076211353316,""width"":80,""height"":80,""top"":644.8076211353316,""right"":440,""bottom"":724.8076211353316,""left"":360}]","{""#container"":{""x"":410,""y"":129.390625,""width"":1100,""height"":850,""top"":129.390625,""right"":1510,""bottom"":979.390625,""left"":410}}","[{'blue': 0}, {'yellow': 11}, {'green': 11}, {'purple': 0}, {'cyan': 0}, {'red': 12}]",,red
252,,,,829.0,7.0,7.0,"[""purple"",""blue"",""green"",""yellow"",""cyan"",""red""]",blue,True,"[{""x"":860,""y"":796,""t"":5},{""x"":845,""y"":719,""t"":47},{""x"":837,""y"":683,""t"":70},{""x"":851,""y"":655,""t"":107},{""x"":843,""y"":587,""t"":140},{""x"":885,""y"":585,""t"":174},{""x"":872,""y"":564,""t"":207},{""x"":910,""y"":573,""t"":242},{""x"":917,""y"":578,""t"":276},{""x"":915,""y"":598,""t"":311},{""x"":887,""y"":547,""t"":344},{""x"":912,""y"":543,""t"":378},{""x"":930,""y"":544,""t"":413},{""x"":970,""y"":513,""t"":444},{""x"":1008,""y"":464,""t"":480},{""x"":1043,""y"":442,""t"":515},{""x"":1085,""y"":395,""t"":548},{""x"":1107,""y"":381,""t"":583},{""x"":1139,""y"":333,""t"":616},{""x"":1160,""y"":312,""t"":650},{""x"":1184,""y"":298,""t"":684},{""x"":1209,""y"":293,""t"":717},{""x"":1219,""y"":264,""t"":752},{""x"":1203,""y"":244,""t"":786},{""x"":1200,""y"":240,""t"":820},{""x"":1121,""y"":205,""t"":854},{""x"":1072,""y"":140,""t"":887},{""x"":1022,""y"":156,""t"":922},{""x"":950,""y"":96,""t"":956},{""x"":922,""y"":64,""t"":990},{""x"":896,""y"":51,""t"":1024},{""x"":882,""y"":56,""t"":1058},{""x"":903,""y"":53,""t"":1092},{""x"":907,""y"":73,""t"":1126},{""x"":916,""y"":123,""t"":1161},{""x"":937,""y"":179,""t"":1194},{""x"":894,""y"":294,""t"":1229},{""x"":861,""y"":416,""t"":1262},{""x"":842,""y"":503,""t"":1296},{""x"":830,""y"":587,""t"":1331},{""x"":813,""y"":633,""t"":1364},{""x"":837,""y"":679,""t"":1398},{""x"":837,""y"":709,""t"":1433},{""x"":831,""y"":715,""t"":1466},{""x"":833,""y"":720,""t"":1500},{""x"":826,""y"":750,""t"":1534},{""x"":820,""y"":770,""t"":1568},{""x"":818,""y"":780,""t"":1603},{""x"":818,""y"":793,""t"":1634},{""x"":849,""y"":804,""t"":1671},{""x"":829,""y"":825,""t"":1703},{""x"":827,""y"":826,""t"":1738},{""x"":885,""y"":808,""t"":1772},{""x"":929,""y"":798,""t"":1806},{""x"":955,""y"":803,""t"":1840},{""x"":964,""y"":795,""t"":1874},{""x"":975,""y"":840,""t"":1908},{""x"":956,""y"":797,""t"":1942},{""x"":927,""y"":780,""t"":1976}]","[{""x"":250,""y"":425,""width"":80,""height"":80,""top"":385,""right"":290,""bottom"":465,""left"":210},{""x"":400,""y"":165.1923788646684,""width"":80,""height"":80,""top"":125.1923788646684,""right"":440,""bottom"":205.1923788646684,""left"":360},{""x"":700,""y"":165.1923788646684,""width"":80,""height"":80,""top"":125.1923788646684,""right"":740,""bottom"":205.1923788646684,""left"":660},{""x"":850,""y"":425,""width"":80,""height"":80,""top"":385,""right"":890,""bottom"":465,""left"":810},{""x"":700,""y"":684.8076211353316,""width"":80,""height"":80,""top"":644.8076211353316,""right"":740,""bottom"":724.8076211353316,""left"":660},{""x"":400,""y"":684.8076211353316,""width"":80,""height"":80,""top"":644.8076211353316,""right"":440,""bottom"":724.8076211353316,""left"":360}]","{""#container"":{""x"":410,""y"":129.390625,""width"":1100,""height"":850,""top"":129.390625,""right"":1510,""bottom"":979.390625,""left"":410}}","[{'purple': 0}, {'blue': 2}, {'green': 10}, {'yellow': 0}, {'cyan': 2}, {'red': 19}]",{'blue': 2},red
253,,,,844.0,7.0,7.0,"[""blue"",""yellow"",""cyan"",""red"",""green"",""purple""]",yellow,True,"[{""x"":934,""y"":759,""t"":4},{""x"":946,""y"":686,""t"":41},{""x"":935,""y"":673,""t"":74},{""x"":921,""y"":611,""t"":106},{""x"":907,""y"":533,""t"":140},{""x"":910,""y"":529,""t"":174},{""x"":900,""y"":514,""t"":208},{""x"":949,""y"":486,""t"":242},{""x"":926,""y"":542,""t"":276},{""x"":921,""y"":537,""t"":310},{""x"":904,""y"":504,""t"":344},{""x"":875,""y"":452,""t"":378},{""x"":874,""y"":413,""t"":412},{""x"":876,""y"":396,""t"":446},{""x"":851,""y"":344,""t"":480},{""x"":855,""y"":342,""t"":515},{""x"":871,""y"":317,""t"":548},{""x"":901,""y"":293,""t"":582},{""x"":919,""y"":272,""t"":616},{""x"":949,""y"":226,""t"":649},{""x"":963,""y"":186,""t"":685},{""x"":1001,""y"":204,""t"":719},{""x"":1044,""y"":193,""t"":750},{""x"":1100,""y"":259,""t"":786},{""x"":1110,""y"":308,""t"":820},{""x"":1163,""y"":308,""t"":856},{""x"":1150,""y"":341,""t"":889},{""x"":1148,""y"":369,""t"":923},{""x"":1138,""y"":394,""t"":960},{""x"":1136,""y"":387,""t"":990},{""x"":1132,""y"":446,""t"":1023},{""x"":1143,""y"":545,""t"":1058},{""x"":1111,""y"":597,""t"":1092},{""x"":1095,""y"":677,""t"":1126},{""x"":1073,""y"":738,""t"":1157},{""x"":1072,""y"":761,""t"":1193},{""x"":1060,""y"":800,""t"":1229},{""x"":1087,""y"":815,""t"":1263},{""x"":1105,""y"":755,""t"":1297},{""x"":1135,""y"":722,""t"":1332},{""x"":1153,""y"":682,""t"":1365},{""x"":1126,""y"":605,""t"":1399},{""x"":1128,""y"":602,""t"":1432},{""x"":1131,""y"":586,""t"":1465},{""x"":1166,""y"":530,""t"":1500},{""x"":1157,""y"":515,""t"":1534},{""x"":1165,""y"":518,""t"":1567},{""x"":1147,""y"":542,""t"":1602},{""x"":1150,""y"":545,""t"":1635},{""x"":1163,""y"":563,""t"":1671},{""x"":1148,""y"":581,""t"":1703},{""x"":1136,""y"":565,""t"":1738},{""x"":1153,""y"":542,""t"":1772},{""x"":1137,""y"":568,""t"":1807},{""x"":1173,""y"":571,""t"":1840},{""x"":1182,""y"":598,""t"":1875},{""x"":1200,""y"":616,""t"":1908},{""x"":1222,""y"":621,""t"":1942},{""x"":1212,""y"":592,""t"":1975}]","[{""x"":250,""y"":425,""width"":80,""height"":80,""top"":385,""right"":290,""bottom"":465,""left"":210},{""x"":400,""y"":165.1923788646684,""width"":80,""height"":80,""top"":125.1923788646684,""right"":440,""bottom"":205.1923788646684,""left"":360},{""x"":700,""y"":165.1923788646684,""width"":80,""height"":80,""top"":125.1923788646684,""right"":740,""bottom"":205.1923788646684,""left"":660},{""x"":850,""y"":425,""width"":80,""height"":80,""top"":385,""right"":890,""bottom"":465,""left"":810},{""x"":700,""y"":684.8076211353316,""width"":80,""height"":80,""top"":644.8076211353316,""right"":740,""bottom"":724.8076211353316,""left"":660},{""x"":400,""y"":684.8076211353316,""width"":80,""height"":80,""top"":644.8076211353316,""right"":440,""bottom"":724.8076211353316,""left"":360}]","{""#container"":{""x"":410,""y"":129.390625,""width"":1100,""height"":850,""top"":129.390625,""right"":1510,""bottom"":979.390625,""left"":410}}","[{'blue': 0}, {'yellow': 7}, {'cyan': 9}, {'red': 19}, {'green': 8}, {'purple': 1}]",{'yellow': 7},red
254,,,,711.0,3.0,3.0,"[""cyan"",""yellow"",""red"",""purple"",""blue"",""green""]",blue,True,"[{""x"":1117,""y"":577,""t"":5},{""x"":1045,""y"":639,""t"":47},{""x"":967,""y"":680,""t"":77},{""x"":949,""y"":649,""t"":110},{""x"":887,""y"":649,""t"":140},{""x"":870,""y"":658,""t"":175},{""x"":816,""y"":688,""t"":209},{""x"":788,""y"":704,""t"":242},{""x"":760,""y"":661,""t"":277},{""x"":756,""y"":647,""t"":310},{""x"":806,""y"":614,""t"":344},{""x"":813,""y"":643,""t"":378},{""x"":765,""y"":688,""t"":412},{""x"":745,""y"":604,""t"":446},{""x"":732,""y"":560,""t"":480},{""x"":753,""y"":486,""t"":515},{""x"":763,""y"":423,""t"":549},{""x"":766,""y"":417,""t"":581},{""x"":775,""y"":372,""t"":616},{""x"":793,""y"":338,""t"":647},{""x"":801,""y"":306,""t"":684},{""x"":811,""y"":327,""t"":718},{""x"":809,""y"":326,""t"":753},{""x"":820,""y"":303,""t"":785},{""x"":829,""y"":376,""t"":821},{""x"":822,""y"":476,""t"":856},{""x"":842,""y"":571,""t"":887},{""x"":869,""y"":683,""t"":921},{""x"":840,""y"":787,""t"":956},{""x"":821,""y"":835,""t"":990},{""x"":819,""y"":870,""t"":1024},{""x"":800,""y"":906,""t"":1057},{""x"":781,""y"":893,""t"":1094},{""x"":819,""y"":891,""t"":1125},{""x"":848,""y"":770,""t"":1160},{""x"":856,""y"":661,""t"":1194},{""x"":895,""y"":546,""t"":1228},{""x"":937,""y"":435,""t"":1262},{""x"":950,""y"":354,""t"":1296},{""x"":962,""y"":271,""t"":1331},{""x"":1009,""y"":221,""t"":1363},{""x"":987,""y"":213,""t"":1397},{""x"":1016,""y"":215,""t"":1432},{""x"":1030,""y"":170,""t"":1466},{""x"":1070,""y"":179,""t"":1499},{""x"":1110,""y"":176,""t"":1536},{""x"":1141,""y"":195,""t"":1570},{""x"":1156,""y"":254,""t"":1603},{""x"":1144,""y"":233,""t"":1636},{""x"":1127,""y"":281,""t"":1670},{""x"":1123,""y"":245,""t"":1703},{""x"":1109,""y"":247,""t"":1737},{""x"":1117,""y"":318,""t"":1771},{""x"":1097,""y"":303,""t"":1807},{""x"":1105,""y"":300,""t"":1840},{""x"":1059,""y"":349,""t"":1874},{""x"":1058,""y"":286,""t"":1908},{""x"":1061,""y"":316,""t"":1942},{""x"":1082,""y"":277,""t"":1976}]","[{""x"":250,""y"":425,""width"":80,""height"":80,""top"":385,""right"":290,""bottom"":465,""left"":210},{""x"":400,""y"":165.1923788646684,""width"":80,""height"":80,""top"":125.1923788646684,""right"":440,""bottom"":205.1923788646684,""left"":360},{""x"":700,""y"":165.1923788646684,""width"":80,""height"":80,""top"":125.1923788646684,""right"":740,""bottom"":205.1923788646684,""left"":660},{""x"":850,""y"":425,""width"":80,""height"":80,""top"":385,""right"":890,""bottom"":465,""left"":810},{""x"":700,""y"":684.8076211353316,""width"":80,""height"":80,""top"":644.8076211353316,""right"":740,""bottom"":724.8076211353316,""left"":660},{""x"":400,""y"":684.8076211353316,""width"":80,""height"":80,""top"":644.8076211353316,""right"":440,""bottom"":724.8076211353316,""left"":360}]","{""#container"":{""x"":410,""y"":129.390625,""width"":1100,""height"":850,""top"":129.390625,""right"":1510,""bottom"":979.390625,""left"":410}}","[{'cyan': 5}, {'yellow': 9}, {'red': 20}, {'purple': 1}, {'blue': 0}, {'green': 11}]",,red
255,,,,647.0,6.0,6.0,"[""cyan"",""blue"",""green"",""purple"",""red"",""yellow""]",purple_1,True,"[{""x"":1048,""y"":364,""t"":5},{""x"":996,""y"":426,""t"":50},{""x"":976,""y"":497,""t"":81},{""x"":963,""y"":540,""t"":109},{""x"":927,""y"":585,""t"":141},{""x"":949,""y"":627,""t"":174},{""x"":927,""y"":635,""t"":208},{""x"":917,""y"":652,""t"":242},{""x"":918,""y"":667,""t"":276},{""x"":905,""y"":676,""t"":310},{""x"":878,""y"":692,""t"":344},{""x"":879,""y"":652,""t"":377},{""x"":859,""y"":615,""t"":412},{""x"":879,""y"":600,""t"":446},{""x"":883,""y"":589,""t"":480},{""x"":872,""y"":569,""t"":514},{""x"":877,""y"":530,""t"":547},{""x"":844,""y"":553,""t"":582},{""x"":834,""y"":573,""t"":617},{""x"":826,""y"":591,""t"":647},{""x"":790,""y"":612,""t"":684},{""x"":794,""y"":632,""t"":717},{""x"":806,""y"":623,""t"":751},{""x"":790,""y"":696,""t"":786},{""x"":784,""y"":679,""t"":819},{""x"":814,""y"":682,""t"":854},{""x"":819,""y"":701,""t"":887},{""x"":791,""y"":748,""t"":922},{""x"":805,""y"":736,""t"":957},{""x"":805,""y"":727,""t"":990},{""x"":848,""y"":674,""t"":1024},{""x"":869,""y"":642,""t"":1058},{""x"":942,""y"":621,""t"":1092},{""x"":991,""y"":599,""t"":1126},{""x"":1039,""y"":570,""t"":1160},{""x"":1013,""y"":515,""t"":1194},{""x"":1022,""y"":458,""t"":1228},{""x"":1027,""y"":371,""t"":1262},{""x"":1001,""y"":292,""t"":1296},{""x"":1023,""y"":250,""t"":1330},{""x"":1018,""y"":226,""t"":1365},{""x"":1012,""y"":169,""t"":1397},{""x"":1008,""y"":151,""t"":1432},{""x"":1017,""y"":153,""t"":1467},{""x"":1043,""y"":140,""t"":1499},{""x"":1035,""y"":167,""t"":1534},{""x"":1044,""y"":172,""t"":1568},{""x"":1050,""y"":205,""t"":1602},{""x"":1058,""y"":308,""t"":1636},{""x"":1069,""y"":447,""t"":1670},{""x"":1064,""y"":579,""t"":1704},{""x"":1033,""y"":655,""t"":1738},{""x"":1065,""y"":694,""t"":1772},{""x"":1027,""y"":764,""t"":1807},{""x"":1023,""y"":766,""t"":1840},{""x"":1028,""y"":823,""t"":1874},{""x"":1029,""y"":848,""t"":1907},{""x"":992,""y"":878,""t"":1942},{""x"":1001,""y"":870,""t"":1975}]","[{""x"":250,""y"":425,""width"":80,""height"":80,""top"":385,""right"":290,""bottom"":465,""left"":210},{""x"":400,""y"":165.1923788646684,""width"":80,""height"":80,""top"":125.1923788646684,""right"":440,""bottom"":205.1923788646684,""left"":360},{""x"":700,""y"":165.1923788646684,""width"":80,""height"":80,""top"":125.1923788646684,""right"":740,""bottom"":205.1923788646684,""left"":660},{""x"":850,""y"":425,""width"":80,""height"":80,""top"":385,""right"":890,""bottom"":465,""left"":810},{""x"":700,""y"":684.8076211353316,""width"":80,""height"":80,""top"":644.8076211353316,""right"":740,""bottom"":724.8076211353316,""left"":660},{""x"":400,""y"":684.8076211353316,""width"":80,""height"":80,""top"":644.8076211353316,""right"":440,""bottom"":724.8076211353316,""left"":360}]","{""#container"":{""x"":410,""y"":129.390625,""width"":1100,""height"":850,""top"":129.390625,""right"":1510,""bottom"":979.390625,""left"":410}}","[{'cyan': 1}, {'blue': 0}, {'green': 9}, {'purple': 0}, {'red': 7}, {'yellow': 9}]",,green
256,,,,722.0,1.0,1.0,"[""red"",""purple"",""yellow"",""green"",""blue"",""cyan""]",cyan,True,"[{""x"":953,""y"":795,""t"":3},{""x"":939,""y"":752,""t"":39},{""x"":911,""y"":720,""t"":72},{""x"":913,""y"":681,""t"":107},{""x"":920,""y"":635,""t"":139},{""x"":925,""y"":601,""t"":174},{""x"":910,""y"":566,""t"":208},{""x"":916,""y"":567,""t"":242},{""x"":894,""y"":598,""t"":276},{""x"":891,""y"":561,""t"":310},{""x"":875,""y"":573,""t"":344},{""x"":888,""y"":573,""t"":378},{""x"":909,""y"":503,""t"":412},{""x"":943,""y"":480,""t"":446},{""x"":943,""y"":454,""t"":480},{""x"":986,""y"":422,""t"":514},{""x"":977,""y"":382,""t"":548},{""x"":995,""y"":293,""t"":582},{""x"":973,""y"":276,""t"":616},{""x"":1002,""y"":236,""t"":649},{""x"":1018,""y"":199,""t"":684},{""x"":1060,""y"":182,""t"":715},{""x"":1076,""y"":193,""t"":752},{""x"":1061,""y"":193,""t"":787},{""x"":1077,""y"":209,""t"":820},{""x"":1087,""y"":302,""t"":854},{""x"":1093,""y"":369,""t"":887},{""x"":1118,""y"":457,""t"":921},{""x"":1142,""y"":518,""t"":956},{""x"":1114,""y"":514,""t"":990},{""x"":1132,""y"":566,""t"":1024},{""x"":1143,""y"":604,""t"":1058},{""x"":1142,""y"":620,""t"":1092},{""x"":1128,""y"":601,""t"":1125},{""x"":1117,""y"":588,""t"":1160},{""x"":1091,""y"":585,""t"":1194},{""x"":1022,""y"":609,""t"":1229},{""x"":950,""y"":644,""t"":1262},{""x"":874,""y"":733,""t"":1296},{""x"":824,""y"":755,""t"":1331},{""x"":766,""y"":796,""t"":1364},{""x"":724,""y"":826,""t"":1398},{""x"":713,""y"":849,""t"":1432},{""x"":730,""y"":845,""t"":1467},{""x"":698,""y"":858,""t"":1499},{""x"":707,""y"":839,""t"":1534},{""x"":673,""y"":840,""t"":1567},{""x"":699,""y"":825,""t"":1601},{""x"":703,""y"":829,""t"":1636},{""x"":688,""y"":799,""t"":1670},{""x"":671,""y"":829,""t"":1704},{""x"":654,""y"":811,""t"":1739},{""x"":677,""y"":750,""t"":1771},{""x"":711,""y"":754,""t"":1805},{""x"":737,""y"":730,""t"":1840},{""x"":755,""y"":741,""t"":1874},{""x"":768,""y"":700,""t"":1908},{""x"":800,""y"":684,""t"":1942},{""x"":830,""y"":642,""t"":1977}]","[{""x"":250,""y"":425,""width"":80,""height"":80,""top"":385,""right"":290,""bottom"":465,""left"":210},{""x"":400,""y"":165.1923788646684,""width"":80,""height"":80,""top"":125.1923788646684,""right"":440,""bottom"":205.1923788646684,""left"":360},{""x"":700,""y"":165.1923788646684,""width"":80,""height"":80,""top"":125.1923788646684,""right"":740,""bottom"":205.1923788646684,""left"":660},{""x"":850,""y"":425,""width"":80,""height"":80,""top"":385,""right"":890,""bottom"":465,""left"":810},{""x"":700,""y"":684.8076211353316,""width"":80,""height"":80,""top"":644.8076211353316,""right"":740,""bottom"":724.8076211353316,""left"":660},{""x"":400,""y"":684.8076211353316,""width"":80,""height"":80,""top"":644.8076211353316,""right"":440,""bottom"":724.8076211353316,""left"":360}]","{""#container"":{""x"":410,""y"":129.390625,""width"":1100,""height"":850,""top"":129.390625,""right"":1510,""bottom"":979.390625,""left"":410}}","[{'red': 0}, {'purple': 0}, {'yellow': 10}, {'green': 6}, {'blue': 0}, {'cyan': 22}]",{'cyan': 22},cyan
257,,,,524.0,6.0,6.0,"[""red"",""yellow"",""blue"",""purple"",""green"",""cyan""]",purple,True,"[{""x"":853,""y"":631,""t"":5},{""x"":926,""y"":637,""t"":46},{""x"":946,""y"":631,""t"":78},{""x"":987,""y"":616,""t"":112},{""x"":977,""y"":595,""t"":142},{""x"":969,""y"":605,""t"":174},{""x"":959,""y"":606,""t"":209},{""x"":962,""y"":585,""t"":242},{""x"":923,""y"":585,""t"":276},{""x"":946,""y"":575,""t"":311},{""x"":951,""y"":572,""t"":341},{""x"":906,""y"":589,""t"":378},{""x"":878,""y"":575,""t"":412},{""x"":860,""y"":573,""t"":446},{""x"":813,""y"":572,""t"":480},{""x"":790,""y"":514,""t"":514},{""x"":798,""y"":453,""t"":548},{""x"":812,""y"":415,""t"":582},{""x"":811,""y"":407,""t"":616},{""x"":816,""y"":384,""t"":650},{""x"":826,""y"":409,""t"":695},{""x"":829,""y"":392,""t"":723},{""x"":816,""y"":406,""t"":752},{""x"":892,""y"":406,""t"":786},{""x"":959,""y"":500,""t"":820},{""x"":1040,""y"":512,""t"":853},{""x"":1069,""y"":497,""t"":888},{""x"":1088,""y"":534,""t"":922},{""x"":1126,""y"":578,""t"":956},{""x"":1088,""y"":656,""t"":990},{""x"":1090,""y"":711,""t"":1024},{""x"":1066,""y"":776,""t"":1058},{""x"":1046,""y"":849,""t"":1091},{""x"":1069,""y"":861,""t"":1126},{""x"":1021,""y"":888,""t"":1161},{""x"":997,""y"":851,""t"":1193},{""x"":935,""y"":833,""t"":1228},{""x"":913,""y"":827,""t"":1262},{""x"":897,""y"":808,""t"":1296},{""x"":872,""y"":794,""t"":1331},{""x"":849,""y"":712,""t"":1364},{""x"":821,""y"":686,""t"":1398},{""x"":795,""y"":657,""t"":1432},{""x"":762,""y"":693,""t"":1468},{""x"":725,""y"":671,""t"":1500},{""x"":708,""y"":653,""t"":1532},{""x"":702,""y"":662,""t"":1569},{""x"":710,""y"":679,""t"":1602},{""x"":728,""y"":685,""t"":1636},{""x"":743,""y"":699,""t"":1670},{""x"":742,""y"":734,""t"":1704},{""x"":720,""y"":760,""t"":1738},{""x"":715,""y"":733,""t"":1772},{""x"":734,""y"":738,""t"":1806},{""x"":753,""y"":736,""t"":1840},{""x"":765,""y"":722,""t"":1873},{""x"":827,""y"":708,""t"":1909},{""x"":880,""y"":696,""t"":1939},{""x"":930,""y"":681,""t"":1975}]","[{""x"":250,""y"":425,""width"":80,""height"":80,""top"":385,""right"":290,""bottom"":465,""left"":210},{""x"":400,""y"":165.1923788646684,""width"":80,""height"":80,""top"":125.1923788646684,""right"":440,""bottom"":205.1923788646684,""left"":360},{""x"":700,""y"":165.1923788646684,""width"":80,""height"":80,""top"":125.1923788646684,""right"":740,""bottom"":205.1923788646684,""left"":660},{""x"":850,""y"":425,""width"":80,""height"":80,""top"":385,""right"":890,""bottom"":465,""left"":810},{""x"":700,""y"":684.8076211353316,""width"":80,""height"":80,""top"":644.8076211353316,""right"":740,""bottom"":724.8076211353316,""left"":660},{""x"":400,""y"":684.8076211353316,""width"":80,""height"":80,""top"":644.8076211353316,""right"":440,""bottom"":724.8076211353316,""left"":360}]","{""#container"":{""x"":410,""y"":129.390625,""width"":1100,""height"":850,""top"":129.390625,""right"":1510,""bottom"":979.390625,""left"":410}}","[{'red': 6}, {'yellow': 7}, {'blue': 0}, {'purple': 1}, {'green': 6}, {'cyan': 16}]",{'purple': 1},cyan
258,,,,826.0,4.0,4.0,"[""yellow"",""red"",""blue"",""cyan"",""purple"",""green""]",yellow_1,True,"[{""x"":975,""y"":665,""t"":4},{""x"":946,""y"":673,""t"":46},{""x"":998,""y"":676,""t"":78},{""x"":975,""y"":675,""t"":110},{""x"":1003,""y"":695,""t"":140},{""x"":974,""y"":677,""t"":179},{""x"":940,""y"":697,""t"":208},{""x"":935,""y"":651,""t"":242},{""x"":936,""y"":655,""t"":276},{""x"":932,""y"":649,""t"":310},{""x"":938,""y"":631,""t"":344},{""x"":889,""y"":682,""t"":378},{""x"":856,""y"":679,""t"":411},{""x"":811,""y"":676,""t"":447},{""x"":785,""y"":664,""t"":480},{""x"":753,""y"":631,""t"":514},{""x"":747,""y"":645,""t"":545},{""x"":724,""y"":661,""t"":581},{""x"":702,""y"":689,""t"":615},{""x"":736,""y"":676,""t"":651},{""x"":730,""y"":731,""t"":684},{""x"":742,""y"":768,""t"":718},{""x"":749,""y"":771,""t"":752},{""x"":784,""y"":798,""t"":786},{""x"":806,""y"":794,""t"":821},{""x"":833,""y"":780,""t"":856},{""x"":830,""y"":771,""t"":888},{""x"":826,""y"":764,""t"":922},{""x"":823,""y"":757,""t"":954},{""x"":826,""y"":803,""t"":990},{""x"":821,""y"":807,""t"":1024},{""x"":838,""y"":801,""t"":1058},{""x"":854,""y"":797,""t"":1093},{""x"":865,""y"":796,""t"":1126},{""x"":813,""y"":807,""t"":1160},{""x"":821,""y"":807,""t"":1195},{""x"":789,""y"":803,""t"":1230},{""x"":789,""y"":773,""t"":1261},{""x"":829,""y"":726,""t"":1295},{""x"":864,""y"":686,""t"":1327},{""x"":823,""y"":686,""t"":1364},{""x"":807,""y"":620,""t"":1398},{""x"":817,""y"":525,""t"":1432},{""x"":858,""y"":463,""t"":1466},{""x"":851,""y"":335,""t"":1500},{""x"":862,""y"":301,""t"":1535},{""x"":890,""y"":282,""t"":1568},{""x"":872,""y"":265,""t"":1602},{""x"":857,""y"":301,""t"":1636},{""x"":903,""y"":258,""t"":1670},{""x"":954,""y"":264,""t"":1704},{""x"":970,""y"":263,""t"":1738},{""x"":1012,""y"":249,""t"":1772},{""x"":1035,""y"":275,""t"":1806},{""x"":1058,""y"":301,""t"":1840},{""x"":1082,""y"":361,""t"":1874},{""x"":1090,""y"":394,""t"":1907},{""x"":1121,""y"":417,""t"":1942},{""x"":1090,""y"":416,""t"":1976}]","[{""x"":250,""y"":425,""width"":80,""height"":80,""top"":385,""right"":290,""bottom"":465,""left"":210},{""x"":400,""y"":165.1923788646684,""width"":80,""height"":80,""top"":125.1923788646684,""right"":440,""bottom"":205.1923788646684,""left"":360},{""x"":700,""y"":165.1923788646684,""width"":80,""height"":80,""top"":125.1923788646684,""right"":740,""bottom"":205.1923788646684,""left"":660},{""x"":850,""y"":425,""width"":80,""height"":80,""top"":385,""right"":890,""bottom"":465,""left"":810},{""x"":700,""y"":684.8076211353316,""width"":80,""height"":80,""top"":644.8076211353316,""right"":740,""bottom"":724.8076211353316,""left"":660},{""x"":400,""y"":684.8076211353316,""width"":80,""height"":80,""top"":644.8076211353316,""right"":440,""bottom"":724.8076211353316,""left"":360}]","{""#container"":{""x"":410,""y"":129.390625,""width"":1100,""height"":850,""top"":129.390625,""right"":1510,""bottom"":979.390625,""left"":410}}","[{'yellow': 5}, {'red': 7}, {'blue': 8}, {'cyan': 0}, {'purple': 0}, {'green': 23}]",{'yellow_1': 5},green
259,,,,1023.0,3.0,3.0,"[""cyan"",""blue"",""purple"",""red"",""green"",""yellow""]",green_1,True,"[{""x"":1062,""y"":471,""t"":6},{""x"":1008,""y"":530,""t"":46},{""x"":969,""y"":543,""t"":81},{""x"":944,""y"":603,""t"":113},{""x"":916,""y"":615,""t"":141},{""x"":941,""y"":666,""t"":175},{""x"":921,""y"":690,""t"":208},{""x"":900,""y"":702,""t"":242},{""x"":868,""y"":702,""t"":277},{""x"":825,""y"":725,""t"":309},{""x"":844,""y"":725,""t"":344},{""x"":869,""y"":723,""t"":377},{""x"":866,""y"":688,""t"":412},{""x"":875,""y"":675,""t"":446},{""x"":858,""y"":700,""t"":480},{""x"":828,""y"":720,""t"":514},{""x"":838,""y"":745,""t"":548},{""x"":814,""y"":761,""t"":583},{""x"":830,""y"":782,""t"":616},{""x"":838,""y"":785,""t"":650},{""x"":839,""y"":774,""t"":684},{""x"":836,""y"":744,""t"":719},{""x"":885,""y"":766,""t"":752},{""x"":924,""y"":751,""t"":786},{""x"":945,""y"":737,""t"":820},{""x"":978,""y"":713,""t"":854},{""x"":1026,""y"":711,""t"":888},{""x"":1037,""y"":698,""t"":921},{""x"":1047,""y"":726,""t"":955},{""x"":1048,""y"":734,""t"":990},{""x"":1086,""y"":747,""t"":1024},{""x"":1100,""y"":739,""t"":1058},{""x"":1128,""y"":771,""t"":1092},{""x"":1128,""y"":793,""t"":1126},{""x"":1127,""y"":807,""t"":1161},{""x"":1101,""y"":786,""t"":1194},{""x"":1078,""y"":768,""t"":1226},{""x"":1068,""y"":722,""t"":1263},{""x"":1066,""y"":673,""t"":1296},{""x"":1086,""y"":685,""t"":1331},{""x"":1100,""y"":626,""t"":1364},{""x"":1097,""y"":656,""t"":1398},{""x"":1129,""y"":681,""t"":1432},{""x"":1113,""y"":687,""t"":1466},{""x"":1126,""y"":648,""t"":1500},{""x"":1136,""y"":585,""t"":1535},{""x"":1115,""y"":553,""t"":1568},{""x"":1135,""y"":552,""t"":1601},{""x"":1152,""y"":553,""t"":1633},{""x"":1134,""y"":573,""t"":1670},{""x"":1135,""y"":568,""t"":1705},{""x"":1108,""y"":549,""t"":1738},{""x"":1065,""y"":524,""t"":1772},{""x"":1033,""y"":529,""t"":1806},{""x"":1012,""y"":541,""t"":1840},{""x"":967,""y"":564,""t"":1875},{""x"":917,""y"":603,""t"":1908},{""x"":860,""y"":642,""t"":1942},{""x"":824,""y"":574,""t"":1975}]","[{""x"":250,""y"":425,""width"":80,""height"":80,""top"":385,""right"":290,""bottom"":465,""left"":210},{""x"":400,""y"":165.1923788646684,""width"":80,""height"":80,""top"":125.1923788646684,""right"":440,""bottom"":205.1923788646684,""left"":360},{""x"":700,""y"":165.1923788646684,""width"":80,""height"":80,""top"":125.1923788646684,""right"":740,""bottom"":205.1923788646684,""left"":660},{""x"":850,""y"":425,""width"":80,""height"":80,""top"":385,""right"":890,""bottom"":465,""left"":810},{""x"":700,""y"":684.8076211353316,""width"":80,""height"":80,""top"":644.8076211353316,""right"":740,""bottom"":724.8076211353316,""left"":660},{""x"":400,""y"":684.8076211353316,""width"":80,""height"":80,""top"":644.8076211353316,""right"":440,""bottom"":724.8076211353316,""left"":360}]","{""#container"":{""x"":410,""y"":129.390625,""width"":1100,""height"":850,""top"":129.390625,""right"":1510,""bottom"":979.390625,""left"":410}}","[{'cyan': 0}, {'blue': 0}, {'purple': 0}, {'red': 6}, {'green': 16}, {'yellow': 16}]",{'green_1': 16},green_1
260,,,,793.0,7.0,7.0,"[""blue"",""purple"",""red"",""cyan"",""yellow"",""green""]",purple_1,True,"[{""x"":828,""y"":596,""t"":4},{""x"":808,""y"":639,""t"":47},{""x"":804,""y"":654,""t"":82},{""x"":840,""y"":637,""t"":116},{""x"":874,""y"":622,""t"":144},{""x"":860,""y"":630,""t"":174},{""x"":854,""y"":625,""t"":208},{""x"":858,""y"":645,""t"":242},{""x"":856,""y"":636,""t"":276},{""x"":826,""y"":684,""t"":309},{""x"":828,""y"":665,""t"":344},{""x"":894,""y"":641,""t"":378},{""x"":866,""y"":659,""t"":412},{""x"":903,""y"":735,""t"":446},{""x"":970,""y"":783,""t"":480},{""x"":1026,""y"":838,""t"":514},{""x"":1072,""y"":882,""t"":546},{""x"":1027,""y"":865,""t"":582},{""x"":982,""y"":879,""t"":616},{""x"":938,""y"":880,""t"":650},{""x"":929,""y"":856,""t"":684},{""x"":880,""y"":825,""t"":718},{""x"":842,""y"":833,""t"":752},{""x"":810,""y"":804,""t"":786},{""x"":848,""y"":794,""t"":820},{""x"":890,""y"":819,""t"":853},{""x"":927,""y"":816,""t"":888},{""x"":951,""y"":814,""t"":923},{""x"":971,""y"":812,""t"":954},{""x"":989,""y"":815,""t"":990},{""x"":986,""y"":818,""t"":1025},{""x"":996,""y"":839,""t"":1058},{""x"":1021,""y"":847,""t"":1092},{""x"":1012,""y"":809,""t"":1126},{""x"":993,""y"":816,""t"":1160},{""x"":941,""y"":790,""t"":1195},{""x"":881,""y"":778,""t"":1228},{""x"":823,""y"":781,""t"":1262},{""x"":801,""y"":784,""t"":1296},{""x"":781,""y"":781,""t"":1330},{""x"":769,""y"":764,""t"":1363},{""x"":769,""y"":764,""t"":1398},{""x"":745,""y"":779,""t"":1435},{""x"":745,""y"":751,""t"":1466},{""x"":741,""y"":744,""t"":1500},{""x"":765,""y"":740,""t"":1534},{""x"":834,""y"":664,""t"":1568},{""x"":858,""y"":551,""t"":1603},{""x"":903,""y"":458,""t"":1636},{""x"":922,""y"":367,""t"":1669},{""x"":931,""y"":262,""t"":1703},{""x"":939,""y"":256,""t"":1738},{""x"":957,""y"":241,""t"":1773},{""x"":954,""y"":223,""t"":1808},{""x"":953,""y"":230,""t"":1839},{""x"":976,""y"":241,""t"":1874},{""x"":994,""y"":276,""t"":1908},{""x"":986,""y"":299,""t"":1943},{""x"":985,""y"":289,""t"":1976}]","[{""x"":250,""y"":425,""width"":80,""height"":80,""top"":385,""right"":290,""bottom"":465,""left"":210},{""x"":400,""y"":165.1923788646684,""width"":80,""height"":80,""top"":125.1923788646684,""right"":440,""bottom"":205.1923788646684,""left"":360},{""x"":700,""y"":165.1923788646684,""width"":80,""height"":80,""top"":125.1923788646684,""right"":740,""bottom"":205.1923788646684,""left"":660},{""x"":850,""y"":425,""width"":80,""height"":80,""top"":385,""right"":890,""bottom"":465,""left"":810},{""x"":700,""y"":684.8076211353316,""width"":80,""height"":80,""top"":644.8076211353316,""right"":740,""bottom"":724.8076211353316,""left"":660},{""x"":400,""y"":684.8076211353316,""width"":80,""height"":80,""top"":644.8076211353316,""right"":440,""bottom"":724.8076211353316,""left"":360}]","{""#container"":{""x"":410,""y"":129.390625,""width"":1100,""height"":850,""top"":129.390625,""right"":1510,""bottom"":979.390625,""left"":410}}","[{'blue': 0}, {'purple': 3}, {'red': 4}, {'cyan': 0}, {'yellow': 12}, {'green': 22}]",{'purple_1': 3},green
261,,,,1007.0,9.0,9.0,"[""purple"",""blue"",""yellow"",""red"",""green"",""cyan""]",yellow_1,True,"[{""x"":974,""y"":338,""t"":4},{""x"":966,""y"":384,""t"":37},{""x"":954,""y"":437,""t"":71},{""x"":943,""y"":481,""t"":104},{""x"":938,""y"":536,""t"":141},{""x"":978,""y"":555,""t"":174},{""x"":959,""y"":603,""t"":208},{""x"":956,""y"":585,""t"":241},{""x"":940,""y"":651,""t"":276},{""x"":930,""y"":618,""t"":309},{""x"":923,""y"":645,""t"":343},{""x"":908,""y"":657,""t"":379},{""x"":898,""y"":669,""t"":412},{""x"":935,""y"":650,""t"":446},{""x"":940,""y"":719,""t"":481},{""x"":950,""y"":718,""t"":514},{""x"":952,""y"":729,""t"":548},{""x"":974,""y"":717,""t"":582},{""x"":991,""y"":640,""t"":615},{""x"":986,""y"":566,""t"":650},{""x"":1013,""y"":496,""t"":683},{""x"":1057,""y"":474,""t"":718},{""x"":1075,""y"":450,""t"":752},{""x"":1102,""y"":441,""t"":786},{""x"":1114,""y"":474,""t"":821},{""x"":1126,""y"":599,""t"":854},{""x"":1120,""y"":667,""t"":887},{""x"":1081,""y"":694,""t"":922},{""x"":1080,""y"":749,""t"":957},{""x"":1076,""y"":761,""t"":989},{""x"":1074,""y"":693,""t"":1023},{""x"":1090,""y"":534,""t"":1058},{""x"":1074,""y"":440,""t"":1092},{""x"":1091,""y"":350,""t"":1126},{""x"":1102,""y"":259,""t"":1160},{""x"":1124,""y"":204,""t"":1194},{""x"":1128,""y"":193,""t"":1227},{""x"":1111,""y"":196,""t"":1262},{""x"":1121,""y"":189,""t"":1296},{""x"":1090,""y"":200,""t"":1331},{""x"":1091,""y"":212,""t"":1364},{""x"":1115,""y"":281,""t"":1398},{""x"":1103,""y"":395,""t"":1431},{""x"":1116,""y"":483,""t"":1467},{""x"":1088,""y"":550,""t"":1499},{""x"":1125,""y"":631,""t"":1534},{""x"":1157,""y"":686,""t"":1567},{""x"":1158,""y"":739,""t"":1601},{""x"":1179,""y"":784,""t"":1636},{""x"":1164,""y"":823,""t"":1667},{""x"":1189,""y"":812,""t"":1705},{""x"":1188,""y"":748,""t"":1738},{""x"":1198,""y"":645,""t"":1772},{""x"":1194,""y"":607,""t"":1806},{""x"":1177,""y"":609,""t"":1839},{""x"":1183,""y"":572,""t"":1874},{""x"":1186,""y"":572,""t"":1908},{""x"":1209,""y"":513,""t"":1942},{""x"":1194,""y"":474,""t"":1976}]","[{""x"":250,""y"":425,""width"":80,""height"":80,""top"":385,""right"":290,""bottom"":465,""left"":210},{""x"":400,""y"":165.1923788646684,""width"":80,""height"":80,""top"":125.1923788646684,""right"":440,""bottom"":205.1923788646684,""left"":360},{""x"":700,""y"":165.1923788646684,""width"":80,""height"":80,""top"":125.1923788646684,""right"":740,""bottom"":205.1923788646684,""left"":660},{""x"":850,""y"":425,""width"":80,""height"":80,""top"":385,""right"":890,""bottom"":465,""left"":810},{""x"":700,""y"":684.8076211353316,""width"":80,""height"":80,""top"":644.8076211353316,""right"":740,""bottom"":724.8076211353316,""left"":660},{""x"":400,""y"":684.8076211353316,""width"":80,""height"":80,""top"":644.8076211353316,""right"":440,""bottom"":724.8076211353316,""left"":360}]","{""#container"":{""x"":410,""y"":129.390625,""width"":1100,""height"":850,""top"":129.390625,""right"":1510,""bottom"":979.390625,""left"":410}}","[{'purple': 0}, {'blue': 0}, {'yellow': 13}, {'red': 8}, {'green': 11}, {'cyan': 0}]",{'yellow_1': 13},yellow_1
262,,,,742.0,4.0,4.0,"[""blue"",""green"",""cyan"",""red"",""yellow"",""purple""]",blue,True,"[{""x"":1125,""y"":481,""t"":5},{""x"":1058,""y"":466,""t"":47},{""x"":995,""y"":503,""t"":77},{""x"":963,""y"":549,""t"":108},{""x"":922,""y"":538,""t"":140},{""x"":941,""y"":546,""t"":174},{""x"":933,""y"":551,""t"":206},{""x"":920,""y"":555,""t"":242},{""x"":893,""y"":561,""t"":276},{""x"":912,""y"":581,""t"":310},{""x"":887,""y"":572,""t"":344},{""x"":864,""y"":589,""t"":378},{""x"":887,""y"":604,""t"":412},{""x"":862,""y"":548,""t"":446},{""x"":824,""y"":533,""t"":480},{""x"":802,""y"":454,""t"":514},{""x"":770,""y"":399,""t"":548},{""x"":764,""y"":407,""t"":581},{""x"":743,""y"":385,""t"":616},{""x"":791,""y"":342,""t"":650},{""x"":840,""y"":343,""t"":684},{""x"":881,""y"":406,""t"":718},{""x"":899,""y"":465,""t"":751},{""x"":982,""y"":541,""t"":786},{""x"":1022,""y"":581,""t"":820},{""x"":1081,""y"":650,""t"":853},{""x"":1078,""y"":675,""t"":888},{""x"":1029,""y"":693,""t"":923},{""x"":958,""y"":648,""t"":956},{""x"":914,""y"":633,""t"":990},{""x"":914,""y"":600,""t"":1023},{""x"":899,""y"":570,""t"":1057},{""x"":867,""y"":491,""t"":1092},{""x"":931,""y"":477,""t"":1126},{""x"":994,""y"":479,""t"":1161},{""x"":1040,""y"":479,""t"":1193},{""x"":1073,""y"":518,""t"":1227},{""x"":1085,""y"":446,""t"":1262},{""x"":1101,""y"":488,""t"":1296},{""x"":1122,""y"":498,""t"":1330},{""x"":1131,""y"":509,""t"":1362},{""x"":1131,""y"":506,""t"":1397},{""x"":1153,""y"":525,""t"":1432},{""x"":1170,""y"":546,""t"":1466},{""x"":1163,""y"":572,""t"":1501},{""x"":1158,""y"":581,""t"":1534},{""x"":1163,""y"":628,""t"":1568},{""x"":1167,""y"":599,""t"":1602},{""x"":1178,""y"":552,""t"":1637},{""x"":1161,""y"":508,""t"":1670},{""x"":1176,""y"":543,""t"":1704},{""x"":1171,""y"":551,""t"":1739},{""x"":1186,""y"":484,""t"":1769},{""x"":1182,""y"":507,""t"":1806},{""x"":1160,""y"":546,""t"":1840},{""x"":1172,""y"":509,""t"":1874},{""x"":1160,""y"":522,""t"":1907},{""x"":1155,""y"":519,""t"":1942},{""x"":1150,""y"":507,""t"":1976}]","[{""x"":250,""y"":425,""width"":80,""height"":80,""top"":385,""right"":290,""bottom"":465,""left"":210},{""x"":400,""y"":165.1923788646684,""width"":80,""height"":80,""top"":125.1923788646684,""right"":440,""bottom"":205.1923788646684,""left"":360},{""x"":700,""y"":165.1923788646684,""width"":80,""height"":80,""top"":125.1923788646684,""right"":740,""bottom"":205.1923788646684,""left"":660},{""x"":850,""y"":425,""width"":80,""height"":80,""top"":385,""right"":890,""bottom"":465,""left"":810},{""x"":700,""y"":684.8076211353316,""width"":80,""height"":80,""top"":644.8076211353316,""right"":740,""bottom"":724.8076211353316,""left"":660},{""x"":400,""y"":684.8076211353316,""width"":80,""height"":80,""top"":644.8076211353316,""right"":440,""bottom"":724.8076211353316,""left"":360}]","{""#container"":{""x"":410,""y"":129.390625,""width"":1100,""height"":850,""top"":129.390625,""right"":1510,""bottom"":979.390625,""left"":410}}","[{'blue': 0}, {'green': 6}, {'cyan': 0}, {'red': 20}, {'yellow': 2}, {'purple': 0}]",,red
263,,,,664.0,7.0,7.0,"[""green"",""cyan"",""purple"",""blue"",""yellow"",""red""]",cyan_1,True,"[{""x"":1107,""y"":531,""t"":5},{""x"":1073,""y"":542,""t"":50},{""x"":1044,""y"":551,""t"":75},{""x"":1037,""y"":549,""t"":106},{""x"":1004,""y"":546,""t"":140},{""x"":969,""y"":567,""t"":174},{""x"":941,""y"":585,""t"":206},{""x"":902,""y"":608,""t"":242},{""x"":922,""y"":582,""t"":276},{""x"":898,""y"":562,""t"":310},{""x"":903,""y"":589,""t"":345},{""x"":941,""y"":577,""t"":378},{""x"":931,""y"":584,""t"":412},{""x"":890,""y"":564,""t"":446},{""x"":903,""y"":568,""t"":481},{""x"":928,""y"":576,""t"":515},{""x"":903,""y"":585,""t"":548},{""x"":883,""y"":628,""t"":583},{""x"":861,""y"":678,""t"":617},{""x"":845,""y"":691,""t"":649},{""x"":824,""y"":718,""t"":684},{""x"":782,""y"":769,""t"":719},{""x"":791,""y"":764,""t"":754},{""x"":755,""y"":777,""t"":786},{""x"":747,""y"":802,""t"":820},{""x"":724,""y"":868,""t"":854},{""x"":668,""y"":875,""t"":889},{""x"":670,""y"":865,""t"":922},{""x"":684,""y"":826,""t"":956},{""x"":689,""y"":821,""t"":990},{""x"":705,""y"":848,""t"":1024},{""x"":715,""y"":842,""t"":1058},{""x"":700,""y"":823,""t"":1092},{""x"":691,""y"":818,""t"":1127},{""x"":698,""y"":796,""t"":1162},{""x"":721,""y"":816,""t"":1194},{""x"":746,""y"":789,""t"":1228},{""x"":775,""y"":773,""t"":1263},{""x"":788,""y"":766,""t"":1296},{""x"":797,""y"":740,""t"":1330},{""x"":814,""y"":714,""t"":1361},{""x"":833,""y"":706,""t"":1398},{""x"":839,""y"":710,""t"":1431},{""x"":856,""y"":706,""t"":1466},{""x"":846,""y"":700,""t"":1501},{""x"":821,""y"":686,""t"":1536},{""x"":835,""y"":746,""t"":1568},{""x"":846,""y"":792,""t"":1602},{""x"":831,""y"":774,""t"":1636},{""x"":838,""y"":795,""t"":1670},{""x"":855,""y"":812,""t"":1704},{""x"":901,""y"":848,""t"":1739},{""x"":958,""y"":844,""t"":1770},{""x"":936,""y"":822,""t"":1807},{""x"":903,""y"":810,""t"":1840},{""x"":882,""y"":816,""t"":1874},{""x"":847,""y"":830,""t"":1908},{""x"":815,""y"":846,""t"":1942},{""x"":796,""y"":828,""t"":1975}]","[{""x"":250,""y"":425,""width"":80,""height"":80,""top"":385,""right"":290,""bottom"":465,""left"":210},{""x"":400,""y"":165.1923788646684,""width"":80,""height"":80,""top"":125.1923788646684,""right"":440,""bottom"":205.1923788646684,""left"":360},{""x"":700,""y"":165.1923788646684,""width"":80,""height"":80,""top"":125.1923788646684,""right"":740,""bottom"":205.1923788646684,""left"":660},{""x"":850,""y"":425,""width"":80,""height"":80,""top"":385,""right"":890,""bottom"":465,""left"":810},{""x"":700,""y"":684.8076211353316,""width"":80,""height"":80,""top"":644.8076211353316,""right"":740,""bottom"":724.8076211353316,""left"":660},{""x"":400,""y"":684.8076211353316,""width"":80,""height"":80,""top"":644.8076211353316,""right"":440,""bottom"":724.8076211353316,""left"":360}]","{""#container"":{""x"":410,""y"":129.390625,""width"":1100,""height"":850,""top"":129.390625,""right"":1510,""bottom"":979.390625,""left"":410}}","[{'green': 0}, {'cyan': 0}, {'purple': 0}, {'blue': 0}, {'yellow': 0}, {'red': 39}]",,red
264,,,,663.0,6.0,6.0,"[""red"",""yellow"",""green"",""blue"",""cyan"",""purple""]",blue_1,True,"[{""x"":797,""y"":796,""t"":4},{""x"":834,""y"":766,""t"":40},{""x"":839,""y"":740,""t"":72},{""x"":846,""y"":717,""t"":106},{""x"":862,""y"":674,""t"":140},{""x"":907,""y"":690,""t"":174},{""x"":903,""y"":697,""t"":209},{""x"":895,""y"":689,""t"":239},{""x"":889,""y"":684,""t"":275},{""x"":872,""y"":703,""t"":311},{""x"":860,""y"":692,""t"":343},{""x"":884,""y"":697,""t"":378},{""x"":901,""y"":704,""t"":412},{""x"":906,""y"":689,""t"":447},{""x"":895,""y"":661,""t"":479},{""x"":948,""y"":687,""t"":514},{""x"":925,""y"":707,""t"":548},{""x"":921,""y"":705,""t"":582},{""x"":921,""y"":691,""t"":616},{""x"":922,""y"":647,""t"":650},{""x"":914,""y"":639,""t"":684},{""x"":885,""y"":621,""t"":718},{""x"":868,""y"":587,""t"":752},{""x"":848,""y"":557,""t"":786},{""x"":841,""y"":567,""t"":820},{""x"":821,""y"":548,""t"":853},{""x"":850,""y"":513,""t"":889},{""x"":842,""y"":520,""t"":922},{""x"":803,""y"":494,""t"":955},{""x"":833,""y"":478,""t"":990},{""x"":859,""y"":434,""t"":1024},{""x"":823,""y"":466,""t"":1058},{""x"":832,""y"":531,""t"":1092},{""x"":850,""y"":540,""t"":1125},{""x"":896,""y"":454,""t"":1160},{""x"":969,""y"":433,""t"":1194},{""x"":1006,""y"":386,""t"":1228},{""x"":1027,""y"":367,""t"":1262},{""x"":1045,""y"":381,""t"":1297},{""x"":1046,""y"":338,""t"":1330},{""x"":1029,""y"":325,""t"":1363},{""x"":1011,""y"":291,""t"":1395},{""x"":1010,""y"":360,""t"":1431},{""x"":1045,""y"":377,""t"":1466},{""x"":1052,""y"":386,""t"":1500},{""x"":1031,""y"":409,""t"":1534},{""x"":975,""y"":474,""t"":1568},{""x"":921,""y"":537,""t"":1602},{""x"":917,""y"":581,""t"":1636},{""x"":867,""y"":642,""t"":1670},{""x"":851,""y"":672,""t"":1703},{""x"":812,""y"":656,""t"":1737},{""x"":791,""y"":666,""t"":1771},{""x"":778,""y"":725,""t"":1804},{""x"":763,""y"":707,""t"":1840},{""x"":742,""y"":715,""t"":1874},{""x"":743,""y"":702,""t"":1907},{""x"":732,""y"":741,""t"":1942},{""x"":720,""y"":779,""t"":1976}]","[{""x"":250,""y"":425,""width"":80,""height"":80,""top"":385,""right"":290,""bottom"":465,""left"":210},{""x"":400,""y"":165.1923788646684,""width"":80,""height"":80,""top"":125.1923788646684,""right"":440,""bottom"":205.1923788646684,""left"":360},{""x"":700,""y"":165.1923788646684,""width"":80,""height"":80,""top"":125.1923788646684,""right"":740,""bottom"":205.1923788646684,""left"":660},{""x"":850,""y"":425,""width"":80,""height"":80,""top"":385,""right"":890,""bottom"":465,""left"":810},{""x"":700,""y"":684.8076211353316,""width"":80,""height"":80,""top"":644.8076211353316,""right"":740,""bottom"":724.8076211353316,""left"":660},{""x"":400,""y"":684.8076211353316,""width"":80,""height"":80,""top"":644.8076211353316,""right"":440,""bottom"":724.8076211353316,""left"":360}]","{""#container"":{""x"":410,""y"":129.390625,""width"":1100,""height"":850,""top"":129.390625,""right"":1510,""bottom"":979.390625,""left"":410}}","[{'red': 0}, {'yellow': 1}, {'green': 10}, {'blue': 0}, {'cyan': 0}, {'purple': 18}]",,purple
265,,,,1059.0,3.0,3.0,"[""cyan"",""purple"",""red"",""blue"",""green"",""yellow""]",green,True,"[{""x"":786,""y"":724,""t"":4},{""x"":883,""y"":679,""t"":51},{""x"":916,""y"":644,""t"":82},{""x"":913,""y"":581,""t"":116},{""x"":938,""y"":565,""t"":145},{""x"":935,""y"":528,""t"":174},{""x"":916,""y"":536,""t"":209},{""x"":946,""y"":574,""t"":242},{""x"":927,""y"":568,""t"":277},{""x"":905,""y"":604,""t"":310},{""x"":910,""y"":609,""t"":344},{""x"":909,""y"":646,""t"":378},{""x"":918,""y"":616,""t"":412},{""x"":947,""y"":677,""t"":446},{""x"":901,""y"":734,""t"":480},{""x"":881,""y"":793,""t"":515},{""x"":843,""y"":853,""t"":548},{""x"":819,""y"":848,""t"":582},{""x"":828,""y"":848,""t"":616},{""x"":813,""y"":857,""t"":650},{""x"":792,""y"":861,""t"":684},{""x"":762,""y"":874,""t"":718},{""x"":770,""y"":856,""t"":752},{""x"":802,""y"":835,""t"":786},{""x"":813,""y"":815,""t"":819},{""x"":789,""y"":816,""t"":855},{""x"":760,""y"":793,""t"":888},{""x"":767,""y"":794,""t"":922},{""x"":762,""y"":786,""t"":957},{""x"":750,""y"":794,""t"":990},{""x"":765,""y"":780,""t"":1024},{""x"":827,""y"":762,""t"":1058},{""x"":866,""y"":742,""t"":1090},{""x"":909,""y"":735,""t"":1126},{""x"":900,""y"":714,""t"":1161},{""x"":966,""y"":757,""t"":1194},{""x"":1021,""y"":760,""t"":1228},{""x"":1025,""y"":748,""t"":1263},{""x"":1030,""y"":748,""t"":1296},{""x"":1013,""y"":744,""t"":1330},{""x"":1041,""y"":683,""t"":1364},{""x"":1067,""y"":601,""t"":1398},{""x"":1094,""y"":562,""t"":1432},{""x"":1107,""y"":574,""t"":1467},{""x"":1120,""y"":545,""t"":1497},{""x"":1099,""y"":506,""t"":1534},{""x"":1140,""y"":456,""t"":1568},{""x"":1152,""y"":443,""t"":1602},{""x"":1168,""y"":416,""t"":1636},{""x"":1163,""y"":340,""t"":1670},{""x"":1131,""y"":329,""t"":1703},{""x"":1128,""y"":308,""t"":1742},{""x"":1141,""y"":342,""t"":1772},{""x"":1137,""y"":362,""t"":1806},{""x"":1124,""y"":379,""t"":1840},{""x"":1136,""y"":426,""t"":1874},{""x"":1130,""y"":432,""t"":1908},{""x"":1078,""y"":437,""t"":1942},{""x"":1090,""y"":457,""t"":1976}]","[{""x"":250,""y"":425,""width"":80,""height"":80,""top"":385,""right"":290,""bottom"":465,""left"":210},{""x"":400,""y"":165.1923788646684,""width"":80,""height"":80,""top"":125.1923788646684,""right"":440,""bottom"":205.1923788646684,""left"":360},{""x"":700,""y"":165.1923788646684,""width"":80,""height"":80,""top"":125.1923788646684,""right"":740,""bottom"":205.1923788646684,""left"":660},{""x"":850,""y"":425,""width"":80,""height"":80,""top"":385,""right"":890,""bottom"":465,""left"":810},{""x"":700,""y"":684.8076211353316,""width"":80,""height"":80,""top"":644.8076211353316,""right"":740,""bottom"":724.8076211353316,""left"":660},{""x"":400,""y"":684.8076211353316,""width"":80,""height"":80,""top"":644.8076211353316,""right"":440,""bottom"":724.8076211353316,""left"":360}]","{""#container"":{""x"":410,""y"":129.390625,""width"":1100,""height"":850,""top"":129.390625,""right"":1510,""bottom"":979.390625,""left"":410}}","[{'cyan': 0}, {'purple': 0}, {'red': 10}, {'blue': 1}, {'green': 5}, {'yellow': 22}]",{'green': 5},yellow
266,,,,814.0,4.0,4.0,"[""purple"",""green"",""yellow"",""blue"",""red"",""cyan""]",purple_1,True,"[{""x"":1042,""y"":501,""t"":5},{""x"":988,""y"":545,""t"":50},{""x"":977,""y"":541,""t"":82},{""x"":975,""y"":548,""t"":113},{""x"":922,""y"":545,""t"":146},{""x"":923,""y"":578,""t"":176},{""x"":925,""y"":602,""t"":208},{""x"":941,""y"":608,""t"":243},{""x"":915,""y"":594,""t"":276},{""x"":925,""y"":615,""t"":310},{""x"":934,""y"":602,""t"":345},{""x"":901,""y"":611,""t"":378},{""x"":877,""y"":587,""t"":412},{""x"":882,""y"":515,""t"":446},{""x"":844,""y"":502,""t"":481},{""x"":861,""y"":470,""t"":514},{""x"":845,""y"":444,""t"":547},{""x"":845,""y"":419,""t"":582},{""x"":800,""y"":422,""t"":616},{""x"":777,""y"":406,""t"":649},{""x"":799,""y"":433,""t"":685},{""x"":865,""y"":423,""t"":718},{""x"":922,""y"":415,""t"":750},{""x"":950,""y"":374,""t"":787},{""x"":951,""y"":329,""t"":819},{""x"":966,""y"":278,""t"":854},{""x"":1004,""y"":233,""t"":888},{""x"":963,""y"":228,""t"":922},{""x"":923,""y"":193,""t"":956},{""x"":894,""y"":174,""t"":990},{""x"":856,""y"":220,""t"":1024},{""x"":831,""y"":233,""t"":1058},{""x"":835,""y"":286,""t"":1094},{""x"":826,""y"":227,""t"":1128},{""x"":831,""y"":224,""t"":1158},{""x"":897,""y"":325,""t"":1193},{""x"":929,""y"":426,""t"":1228},{""x"":941,""y"":511,""t"":1262},{""x"":995,""y"":602,""t"":1296},{""x"":1020,""y"":693,""t"":1330},{""x"":1012,""y"":694,""t"":1364},{""x"":1033,""y"":733,""t"":1398},{""x"":1044,""y"":729,""t"":1432},{""x"":1049,""y"":792,""t"":1466},{""x"":1042,""y"":787,""t"":1500},{""x"":1069,""y"":841,""t"":1534},{""x"":1074,""y"":829,""t"":1567},{""x"":1105,""y"":826,""t"":1602},{""x"":1075,""y"":807,""t"":1635},{""x"":1067,""y"":809,""t"":1670},{""x"":1064,""y"":790,""t"":1704},{""x"":1094,""y"":810,""t"":1738},{""x"":1046,""y"":818,""t"":1772},{""x"":1050,""y"":774,""t"":1805},{""x"":1043,""y"":778,""t"":1840},{""x"":1038,""y"":777,""t"":1874},{""x"":1044,""y"":740,""t"":1908},{""x"":1018,""y"":747,""t"":1942},{""x"":1002,""y"":725,""t"":1976}]","[{""x"":250,""y"":425,""width"":80,""height"":80,""top"":385,""right"":290,""bottom"":465,""left"":210},{""x"":400,""y"":165.1923788646684,""width"":80,""height"":80,""top"":125.1923788646684,""right"":440,""bottom"":205.1923788646684,""left"":360},{""x"":700,""y"":165.1923788646684,""width"":80,""height"":80,""top"":125.1923788646684,""right"":740,""bottom"":205.1923788646684,""left"":660},{""x"":850,""y"":425,""width"":80,""height"":80,""top"":385,""right"":890,""bottom"":465,""left"":810},{""x"":700,""y"":684.8076211353316,""width"":80,""height"":80,""top"":644.8076211353316,""right"":740,""bottom"":724.8076211353316,""left"":660},{""x"":400,""y"":684.8076211353316,""width"":80,""height"":80,""top"":644.8076211353316,""right"":440,""bottom"":724.8076211353316,""left"":360}]","{""#container"":{""x"":410,""y"":129.390625,""width"":1100,""height"":850,""top"":129.390625,""right"":1510,""bottom"":979.390625,""left"":410}}","[{'purple': 0}, {'green': 13}, {'yellow': 2}, {'blue': 0}, {'red': 18}, {'cyan': 0}]",,red
267,,,,789.0,3.0,3.0,"[""red"",""yellow"",""blue"",""purple"",""cyan"",""green""]",cyan_1,True,"[{""x"":1027,""y"":658,""t"":5},{""x"":975,""y"":623,""t"":47},{""x"":999,""y"":612,""t"":78},{""x"":995,""y"":617,""t"":110},{""x"":981,""y"":622,""t"":139},{""x"":977,""y"":606,""t"":174},{""x"":950,""y"":572,""t"":207},{""x"":947,""y"":552,""t"":242},{""x"":946,""y"":536,""t"":274},{""x"":940,""y"":545,""t"":310},{""x"":921,""y"":555,""t"":344},{""x"":909,""y"":607,""t"":378},{""x"":930,""y"":610,""t"":412},{""x"":914,""y"":616,""t"":447},{""x"":888,""y"":596,""t"":480},{""x"":838,""y"":508,""t"":514},{""x"":805,""y"":488,""t"":548},{""x"":780,""y"":476,""t"":582},{""x"":752,""y"":483,""t"":617},{""x"":755,""y"":508,""t"":649},{""x"":742,""y"":504,""t"":684},{""x"":749,""y"":490,""t"":717},{""x"":790,""y"":470,""t"":751},{""x"":774,""y"":447,""t"":786},{""x"":799,""y"":468,""t"":820},{""x"":775,""y"":516,""t"":854},{""x"":745,""y"":561,""t"":887},{""x"":740,""y"":575,""t"":922},{""x"":718,""y"":565,""t"":956},{""x"":701,""y"":575,""t"":990},{""x"":712,""y"":627,""t"":1024},{""x"":701,""y"":617,""t"":1057},{""x"":726,""y"":627,""t"":1093},{""x"":740,""y"":639,""t"":1126},{""x"":744,""y"":606,""t"":1160},{""x"":718,""y"":586,""t"":1194},{""x"":717,""y"":630,""t"":1228},{""x"":714,""y"":622,""t"":1261},{""x"":764,""y"":621,""t"":1296},{""x"":796,""y"":599,""t"":1330},{""x"":853,""y"":552,""t"":1365},{""x"":898,""y"":527,""t"":1398},{""x"":875,""y"":467,""t"":1432},{""x"":888,""y"":436,""t"":1466},{""x"":899,""y"":416,""t"":1499},{""x"":921,""y"":394,""t"":1534},{""x"":876,""y"":428,""t"":1568},{""x"":852,""y"":540,""t"":1602},{""x"":847,""y"":597,""t"":1637},{""x"":825,""y"":623,""t"":1670},{""x"":833,""y"":668,""t"":1705},{""x"":843,""y"":686,""t"":1739},{""x"":818,""y"":694,""t"":1772},{""x"":818,""y"":734,""t"":1805},{""x"":825,""y"":766,""t"":1840},{""x"":828,""y"":801,""t"":1875},{""x"":893,""y"":749,""t"":1908},{""x"":977,""y"":643,""t"":1941},{""x"":1001,""y"":530,""t"":1977}]","[{""x"":250,""y"":425,""width"":80,""height"":80,""top"":385,""right"":290,""bottom"":465,""left"":210},{""x"":400,""y"":165.1923788646684,""width"":80,""height"":80,""top"":125.1923788646684,""right"":440,""bottom"":205.1923788646684,""left"":360},{""x"":700,""y"":165.1923788646684,""width"":80,""height"":80,""top"":125.1923788646684,""right"":740,""bottom"":205.1923788646684,""left"":660},{""x"":850,""y"":425,""width"":80,""height"":80,""top"":385,""right"":890,""bottom"":465,""left"":810},{""x"":700,""y"":684.8076211353316,""width"":80,""height"":80,""top"":644.8076211353316,""right"":740,""bottom"":724.8076211353316,""left"":660},{""x"":400,""y"":684.8076211353316,""width"":80,""height"":80,""top"":644.8076211353316,""right"":440,""bottom"":724.8076211353316,""left"":360}]","{""#container"":{""x"":410,""y"":129.390625,""width"":1100,""height"":850,""top"":129.390625,""right"":1510,""bottom"":979.390625,""left"":410}}","[{'red': 20}, {'yellow': 2}, {'blue': 0}, {'purple': 0}, {'cyan': 0}, {'green': 7}]",,red
268,,,,1091.0,1.0,1.0,"[""blue"",""cyan"",""green"",""purple"",""red"",""yellow""]",yellow_1,True,"[{""x"":1003,""y"":498,""t"":6},{""x"":996,""y"":495,""t"":46},{""x"":995,""y"":483,""t"":77},{""x"":955,""y"":502,""t"":106},{""x"":922,""y"":494,""t"":140},{""x"":942,""y"":515,""t"":174},{""x"":942,""y"":553,""t"":205},{""x"":948,""y"":558,""t"":242},{""x"":946,""y"":574,""t"":276},{""x"":927,""y"":592,""t"":310},{""x"":924,""y"":632,""t"":344},{""x"":904,""y"":568,""t"":378},{""x"":893,""y"":517,""t"":411},{""x"":905,""y"":464,""t"":446},{""x"":886,""y"":434,""t"":480},{""x"":870,""y"":347,""t"":514},{""x"":863,""y"":291,""t"":548},{""x"":861,""y"":247,""t"":581},{""x"":877,""y"":185,""t"":617},{""x"":883,""y"":176,""t"":650},{""x"":882,""y"":158,""t"":684},{""x"":852,""y"":141,""t"":724},{""x"":864,""y"":95,""t"":755},{""x"":877,""y"":108,""t"":787},{""x"":877,""y"":171,""t"":821},{""x"":896,""y"":216,""t"":853},{""x"":898,""y"":346,""t"":888},{""x"":898,""y"":451,""t"":922},{""x"":914,""y"":502,""t"":959},{""x"":912,""y"":537,""t"":990},{""x"":900,""y"":543,""t"":1023},{""x"":908,""y"":594,""t"":1058},{""x"":932,""y"":590,""t"":1092},{""x"":942,""y"":531,""t"":1126},{""x"":932,""y"":517,""t"":1160},{""x"":924,""y"":446,""t"":1194},{""x"":933,""y"":367,""t"":1227},{""x"":942,""y"":287,""t"":1262},{""x"":945,""y"":196,""t"":1295},{""x"":961,""y"":127,""t"":1330},{""x"":969,""y"":59,""t"":1364},{""x"":968,""y"":59,""t"":1396},{""x"":978,""y"":74,""t"":1432},{""x"":965,""y"":126,""t"":1466},{""x"":1012,""y"":254,""t"":1501},{""x"":1064,""y"":399,""t"":1534},{""x"":1096,""y"":503,""t"":1567},{""x"":1144,""y"":545,""t"":1602},{""x"":1098,""y"":615,""t"":1636},{""x"":1107,""y"":668,""t"":1670},{""x"":1105,""y"":648,""t"":1704},{""x"":1095,""y"":657,""t"":1738},{""x"":1082,""y"":689,""t"":1772},{""x"":1071,""y"":713,""t"":1803},{""x"":1049,""y"":667,""t"":1840},{""x"":1070,""y"":674,""t"":1874},{""x"":1096,""y"":657,""t"":1907},{""x"":1111,""y"":609,""t"":1942},{""x"":1125,""y"":643,""t"":1976}]","[{""x"":250,""y"":425,""width"":80,""height"":80,""top"":385,""right"":290,""bottom"":465,""left"":210},{""x"":400,""y"":165.1923788646684,""width"":80,""height"":80,""top"":125.1923788646684,""right"":440,""bottom"":205.1923788646684,""left"":360},{""x"":700,""y"":165.1923788646684,""width"":80,""height"":80,""top"":125.1923788646684,""right"":740,""bottom"":205.1923788646684,""left"":660},{""x"":850,""y"":425,""width"":80,""height"":80,""top"":385,""right"":890,""bottom"":465,""left"":810},{""x"":700,""y"":684.8076211353316,""width"":80,""height"":80,""top"":644.8076211353316,""right"":740,""bottom"":724.8076211353316,""left"":660},{""x"":400,""y"":684.8076211353316,""width"":80,""height"":80,""top"":644.8076211353316,""right"":440,""bottom"":724.8076211353316,""left"":360}]","{""#container"":{""x"":410,""y"":129.390625,""width"":1100,""height"":850,""top"":129.390625,""right"":1510,""bottom"":979.390625,""left"":410}}","[{'blue': 0}, {'cyan': 10}, {'green': 2}, {'purple': 1}, {'red': 4}, {'yellow': 0}]",,cyan
269,,,,652.0,6.0,6.0,"[""purple"",""green"",""red"",""cyan"",""blue"",""yellow""]",cyan_1,True,"[{""x"":1084,""y"":622,""t"":5},{""x"":1067,""y"":647,""t"":47},{""x"":1010,""y"":640,""t"":73},{""x"":955,""y"":587,""t"":106},{""x"":925,""y"":609,""t"":140},{""x"":906,""y"":578,""t"":175},{""x"":893,""y"":572,""t"":207},{""x"":891,""y"":554,""t"":241},{""x"":899,""y"":566,""t"":277},{""x"":880,""y"":539,""t"":310},{""x"":852,""y"":513,""t"":343},{""x"":812,""y"":475,""t"":378},{""x"":785,""y"":448,""t"":411},{""x"":749,""y"":418,""t"":446},{""x"":735,""y"":393,""t"":480},{""x"":748,""y"":372,""t"":514},{""x"":778,""y"":345,""t"":549},{""x"":774,""y"":317,""t"":582},{""x"":795,""y"":388,""t"":616},{""x"":785,""y"":449,""t"":648},{""x"":788,""y"":534,""t"":685},{""x"":769,""y"":599,""t"":719},{""x"":796,""y"":678,""t"":751},{""x"":820,""y"":706,""t"":786},{""x"":837,""y"":724,""t"":820},{""x"":811,""y"":734,""t"":855},{""x"":830,""y"":706,""t"":887},{""x"":802,""y"":730,""t"":923},{""x"":790,""y"":749,""t"":956},{""x"":805,""y"":679,""t"":997},{""x"":795,""y"":694,""t"":1027},{""x"":804,""y"":680,""t"":1058},{""x"":774,""y"":602,""t"":1092},{""x"":800,""y"":572,""t"":1126},{""x"":792,""y"":577,""t"":1160},{""x"":809,""y"":536,""t"":1194},{""x"":801,""y"":483,""t"":1228},{""x"":807,""y"":507,""t"":1263},{""x"":855,""y"":475,""t"":1296},{""x"":846,""y"":510,""t"":1330},{""x"":843,""y"":533,""t"":1364},{""x"":864,""y"":492,""t"":1399},{""x"":879,""y"":467,""t"":1432},{""x"":887,""y"":401,""t"":1465},{""x"":879,""y"":415,""t"":1500},{""x"":893,""y"":408,""t"":1535},{""x"":914,""y"":434,""t"":1568},{""x"":945,""y"":494,""t"":1601},{""x"":975,""y"":513,""t"":1635},{""x"":992,""y"":540,""t"":1671},{""x"":1020,""y"":555,""t"":1704},{""x"":1024,""y"":613,""t"":1737},{""x"":1070,""y"":657,""t"":1772},{""x"":1034,""y"":650,""t"":1806},{""x"":1001,""y"":637,""t"":1840},{""x"":991,""y"":683,""t"":1875},{""x"":997,""y"":675,""t"":1909},{""x"":949,""y"":674,""t"":1944},{""x"":982,""y"":666,""t"":1976}]","[{""x"":250,""y"":425,""width"":80,""height"":80,""top"":385,""right"":290,""bottom"":465,""left"":210},{""x"":400,""y"":165.1923788646684,""width"":80,""height"":80,""top"":125.1923788646684,""right"":440,""bottom"":205.1923788646684,""left"":360},{""x"":700,""y"":165.1923788646684,""width"":80,""height"":80,""top"":125.1923788646684,""right"":740,""bottom"":205.1923788646684,""left"":660},{""x"":850,""y"":425,""width"":80,""height"":80,""top"":385,""right"":890,""bottom"":465,""left"":810},{""x"":700,""y"":684.8076211353316,""width"":80,""height"":80,""top"":644.8076211353316,""right"":740,""bottom"":724.8076211353316,""left"":660},{""x"":400,""y"":684.8076211353316,""width"":80,""height"":80,""top"":644.8076211353316,""right"":440,""bottom"":724.8076211353316,""left"":360}]","{""#container"":{""x"":410,""y"":129.390625,""width"":1100,""height"":850,""top"":129.390625,""right"":1510,""bottom"":979.390625,""left"":410}}","[{'purple': 5}, {'green': 9}, {'red': 0}, {'cyan': 0}, {'blue': 0}, {'yellow': 10}]",,yellow
270,,,,998.0,3.0,3.0,"[""cyan"",""yellow"",""purple"",""green"",""red"",""blue""]",red_1,True,"[{""x"":1049,""y"":668,""t"":5},{""x"":1040,""y"":665,""t"":47},{""x"":1074,""y"":643,""t"":77},{""x"":1072,""y"":594,""t"":107},{""x"":1116,""y"":564,""t"":140},{""x"":1119,""y"":509,""t"":175},{""x"":1124,""y"":475,""t"":208},{""x"":1088,""y"":490,""t"":242},{""x"":1084,""y"":498,""t"":276},{""x"":1090,""y"":503,""t"":308},{""x"":1102,""y"":564,""t"":343},{""x"":1132,""y"":556,""t"":378},{""x"":1096,""y"":580,""t"":412},{""x"":1045,""y"":550,""t"":446},{""x"":997,""y"":539,""t"":480},{""x"":968,""y"":492,""t"":514},{""x"":895,""y"":434,""t"":549},{""x"":876,""y"":431,""t"":582},{""x"":832,""y"":429,""t"":617},{""x"":798,""y"":369,""t"":650},{""x"":787,""y"":315,""t"":684},{""x"":835,""y"":295,""t"":718},{""x"":813,""y"":267,""t"":752},{""x"":841,""y"":249,""t"":785},{""x"":854,""y"":232,""t"":819},{""x"":840,""y"":234,""t"":855},{""x"":824,""y"":254,""t"":888},{""x"":791,""y"":295,""t"":921},{""x"":802,""y"":356,""t"":956},{""x"":822,""y"":405,""t"":991},{""x"":836,""y"":448,""t"":1026},{""x"":867,""y"":498,""t"":1058},{""x"":885,""y"":532,""t"":1092},{""x"":961,""y"":565,""t"":1126},{""x"":1023,""y"":543,""t"":1160},{""x"":1065,""y"":563,""t"":1195},{""x"":1136,""y"":579,""t"":1228},{""x"":1168,""y"":563,""t"":1262},{""x"":1210,""y"":535,""t"":1297},{""x"":1211,""y"":514,""t"":1330},{""x"":1223,""y"":532,""t"":1363},{""x"":1276,""y"":504,""t"":1397},{""x"":1292,""y"":516,""t"":1432},{""x"":1294,""y"":485,""t"":1466},{""x"":1297,""y"":454,""t"":1498},{""x"":1311,""y"":420,""t"":1534},{""x"":1276,""y"":424,""t"":1568},{""x"":1238,""y"":424,""t"":1603},{""x"":1217,""y"":429,""t"":1637},{""x"":1221,""y"":482,""t"":1670},{""x"":1199,""y"":563,""t"":1704},{""x"":1151,""y"":592,""t"":1738},{""x"":1119,""y"":627,""t"":1773},{""x"":1090,""y"":646,""t"":1805},{""x"":1085,""y"":673,""t"":1840},{""x"":1060,""y"":639,""t"":1874},{""x"":1107,""y"":646,""t"":1905},{""x"":1108,""y"":650,""t"":1942},{""x"":1103,""y"":638,""t"":1976}]","[{""x"":250,""y"":425,""width"":80,""height"":80,""top"":385,""right"":290,""bottom"":465,""left"":210},{""x"":400,""y"":165.1923788646684,""width"":80,""height"":80,""top"":125.1923788646684,""right"":440,""bottom"":205.1923788646684,""left"":360},{""x"":700,""y"":165.1923788646684,""width"":80,""height"":80,""top"":125.1923788646684,""right"":740,""bottom"":205.1923788646684,""left"":660},{""x"":850,""y"":425,""width"":80,""height"":80,""top"":385,""right"":890,""bottom"":465,""left"":810},{""x"":700,""y"":684.8076211353316,""width"":80,""height"":80,""top"":644.8076211353316,""right"":740,""bottom"":724.8076211353316,""left"":660},{""x"":400,""y"":684.8076211353316,""width"":80,""height"":80,""top"":644.8076211353316,""right"":440,""bottom"":724.8076211353316,""left"":360}]","{""#container"":{""x"":410,""y"":129.390625,""width"":1100,""height"":850,""top"":129.390625,""right"":1510,""bottom"":979.390625,""left"":410}}","[{'cyan': 0}, {'yellow': 12}, {'purple': 0}, {'green': 19}, {'red': 1}, {'blue': 0}]",{'red_1': 1},green
271,,,,795.0,9.0,9.0,"[""purple"",""yellow"",""blue"",""red"",""green"",""cyan""]",blue,True,"[{""x"":1018,""y"":640,""t"":5},{""x"":998,""y"":608,""t"":44},{""x"":971,""y"":626,""t"":76},{""x"":957,""y"":564,""t"":107},{""x"":938,""y"":567,""t"":141},{""x"":914,""y"":580,""t"":174},{""x"":923,""y"":570,""t"":207},{""x"":922,""y"":516,""t"":242},{""x"":929,""y"":483,""t"":277},{""x"":931,""y"":502,""t"":311},{""x"":868,""y"":516,""t"":344},{""x"":825,""y"":500,""t"":378},{""x"":789,""y"":475,""t"":412},{""x"":779,""y"":482,""t"":443},{""x"":756,""y"":494,""t"":479},{""x"":775,""y"":436,""t"":513},{""x"":765,""y"":385,""t"":548},{""x"":727,""y"":311,""t"":582},{""x"":715,""y"":301,""t"":616},{""x"":704,""y"":342,""t"":650},{""x"":702,""y"":311,""t"":685},{""x"":672,""y"":265,""t"":718},{""x"":689,""y"":288,""t"":751},{""x"":687,""y"":264,""t"":786},{""x"":743,""y"":273,""t"":820},{""x"":824,""y"":353,""t"":853},{""x"":866,""y"":430,""t"":888},{""x"":915,""y"":483,""t"":922},{""x"":947,""y"":496,""t"":956},{""x"":1000,""y"":504,""t"":989},{""x"":1036,""y"":470,""t"":1024},{""x"":1109,""y"":457,""t"":1058},{""x"":1093,""y"":436,""t"":1092},{""x"":1116,""y"":380,""t"":1126},{""x"":1144,""y"":366,""t"":1160},{""x"":1152,""y"":397,""t"":1194},{""x"":1151,""y"":414,""t"":1229},{""x"":1151,""y"":400,""t"":1263},{""x"":1167,""y"":404,""t"":1295},{""x"":1170,""y"":395,""t"":1330},{""x"":1166,""y"":406,""t"":1363},{""x"":1151,""y"":406,""t"":1398},{""x"":1100,""y"":441,""t"":1433},{""x"":1065,""y"":420,""t"":1466},{""x"":1042,""y"":412,""t"":1500},{""x"":981,""y"":438,""t"":1534},{""x"":970,""y"":404,""t"":1567},{""x"":945,""y"":380,""t"":1603},{""x"":934,""y"":367,""t"":1634},{""x"":936,""y"":385,""t"":1671},{""x"":903,""y"":389,""t"":1703},{""x"":901,""y"":372,""t"":1738},{""x"":881,""y"":439,""t"":1773},{""x"":855,""y"":419,""t"":1806},{""x"":831,""y"":399,""t"":1841},{""x"":821,""y"":424,""t"":1874},{""x"":799,""y"":378,""t"":1907},{""x"":808,""y"":391,""t"":1942},{""x"":799,""y"":363,""t"":1976}]","[{""x"":250,""y"":425,""width"":80,""height"":80,""top"":385,""right"":290,""bottom"":465,""left"":210},{""x"":400,""y"":165.1923788646684,""width"":80,""height"":80,""top"":125.1923788646684,""right"":440,""bottom"":205.1923788646684,""left"":360},{""x"":700,""y"":165.1923788646684,""width"":80,""height"":80,""top"":125.1923788646684,""right"":740,""bottom"":205.1923788646684,""left"":660},{""x"":850,""y"":425,""width"":80,""height"":80,""top"":385,""right"":890,""bottom"":465,""left"":810},{""x"":700,""y"":684.8076211353316,""width"":80,""height"":80,""top"":644.8076211353316,""right"":740,""bottom"":724.8076211353316,""left"":660},{""x"":400,""y"":684.8076211353316,""width"":80,""height"":80,""top"":644.8076211353316,""right"":440,""bottom"":724.8076211353316,""left"":360}]","{""#container"":{""x"":410,""y"":129.390625,""width"":1100,""height"":850,""top"":129.390625,""right"":1510,""bottom"":979.390625,""left"":410}}","[{'purple': 2}, {'yellow': 21}, {'blue': 13}, {'red': 0}, {'green': 0}, {'cyan': 0}]",{'blue': 13},yellow
272,,,,962.0,7.0,7.0,"[""blue"",""purple"",""cyan"",""green"",""yellow"",""red""]",purple,True,"[{""x"":825,""y"":389,""t"":4},{""x"":866,""y"":444,""t"":48},{""x"":884,""y"":486,""t"":75},{""x"":920,""y"":507,""t"":106},{""x"":914,""y"":569,""t"":140},{""x"":930,""y"":626,""t"":174},{""x"":919,""y"":651,""t"":208},{""x"":897,""y"":686,""t"":242},{""x"":878,""y"":706,""t"":275},{""x"":886,""y"":672,""t"":310},{""x"":880,""y"":689,""t"":343},{""x"":875,""y"":701,""t"":377},{""x"":842,""y"":709,""t"":412},{""x"":834,""y"":717,""t"":446},{""x"":844,""y"":694,""t"":480},{""x"":866,""y"":684,""t"":514},{""x"":870,""y"":679,""t"":548},{""x"":915,""y"":659,""t"":582},{""x"":946,""y"":654,""t"":615},{""x"":966,""y"":692,""t"":650},{""x"":981,""y"":724,""t"":683},{""x"":1021,""y"":749,""t"":718},{""x"":1045,""y"":785,""t"":749},{""x"":1079,""y"":754,""t"":787},{""x"":1086,""y"":704,""t"":820},{""x"":1106,""y"":665,""t"":853},{""x"":1128,""y"":582,""t"":887},{""x"":1156,""y"":465,""t"":922},{""x"":1121,""y"":450,""t"":956},{""x"":1131,""y"":383,""t"":990},{""x"":1151,""y"":375,""t"":1024},{""x"":1159,""y"":334,""t"":1057},{""x"":1177,""y"":277,""t"":1092},{""x"":1150,""y"":319,""t"":1126},{""x"":1086,""y"":390,""t"":1160},{""x"":1061,""y"":460,""t"":1194},{""x"":1012,""y"":552,""t"":1228},{""x"":959,""y"":591,""t"":1262},{""x"":924,""y"":611,""t"":1295},{""x"":896,""y"":633,""t"":1330},{""x"":863,""y"":665,""t"":1364},{""x"":832,""y"":679,""t"":1398},{""x"":832,""y"":691,""t"":1432},{""x"":815,""y"":694,""t"":1467},{""x"":798,""y"":722,""t"":1500},{""x"":833,""y"":716,""t"":1534},{""x"":853,""y"":715,""t"":1572},{""x"":881,""y"":727,""t"":1604},{""x"":872,""y"":741,""t"":1635},{""x"":859,""y"":731,""t"":1670},{""x"":829,""y"":710,""t"":1704},{""x"":814,""y"":700,""t"":1739},{""x"":778,""y"":624,""t"":1772},{""x"":781,""y"":563,""t"":1806},{""x"":779,""y"":522,""t"":1840},{""x"":767,""y"":469,""t"":1875},{""x"":739,""y"":412,""t"":1908},{""x"":752,""y"":364,""t"":1942},{""x"":757,""y"":340,""t"":1976}]","[{""x"":250,""y"":425,""width"":80,""height"":80,""top"":385,""right"":290,""bottom"":465,""left"":210},{""x"":400,""y"":165.1923788646684,""width"":80,""height"":80,""top"":125.1923788646684,""right"":440,""bottom"":205.1923788646684,""left"":360},{""x"":700,""y"":165.1923788646684,""width"":80,""height"":80,""top"":125.1923788646684,""right"":740,""bottom"":205.1923788646684,""left"":660},{""x"":850,""y"":425,""width"":80,""height"":80,""top"":385,""right"":890,""bottom"":465,""left"":810},{""x"":700,""y"":684.8076211353316,""width"":80,""height"":80,""top"":644.8076211353316,""right"":740,""bottom"":724.8076211353316,""left"":660},{""x"":400,""y"":684.8076211353316,""width"":80,""height"":80,""top"":644.8076211353316,""right"":440,""bottom"":724.8076211353316,""left"":360}]","{""#container"":{""x"":410,""y"":129.390625,""width"":1100,""height"":850,""top"":129.390625,""right"":1510,""bottom"":979.390625,""left"":410}}","[{'blue': 4}, {'purple': 4}, {'cyan': 6}, {'green': 2}, {'yellow': 5}, {'red': 19}]",{'purple': 4},red
273,,,,1020.0,4.0,4.0,"[""cyan"",""purple"",""yellow"",""green"",""blue"",""red""]",cyan,True,"[{""x"":799,""y"":379,""t"":5},{""x"":872,""y"":408,""t"":39},{""x"":875,""y"":451,""t"":73},{""x"":895,""y"":501,""t"":107},{""x"":889,""y"":525,""t"":140},{""x"":935,""y"":569,""t"":174},{""x"":943,""y"":568,""t"":208},{""x"":965,""y"":551,""t"":242},{""x"":980,""y"":547,""t"":276},{""x"":994,""y"":572,""t"":309},{""x"":992,""y"":575,""t"":344},{""x"":981,""y"":586,""t"":378},{""x"":999,""y"":577,""t"":412},{""x"":1016,""y"":537,""t"":446},{""x"":1028,""y"":537,""t"":480},{""x"":1022,""y"":454,""t"":514},{""x"":1039,""y"":421,""t"":548},{""x"":1045,""y"":397,""t"":582},{""x"":1038,""y"":422,""t"":617},{""x"":1052,""y"":378,""t"":650},{""x"":1058,""y"":357,""t"":684},{""x"":1080,""y"":335,""t"":719},{""x"":1113,""y"":320,""t"":752},{""x"":1150,""y"":329,""t"":787},{""x"":1135,""y"":330,""t"":820},{""x"":1160,""y"":358,""t"":854},{""x"":1169,""y"":381,""t"":887},{""x"":1173,""y"":387,""t"":922},{""x"":1167,""y"":408,""t"":957},{""x"":1192,""y"":417,""t"":990},{""x"":1190,""y"":404,""t"":1024},{""x"":1169,""y"":431,""t"":1060},{""x"":1172,""y"":438,""t"":1091},{""x"":1130,""y"":506,""t"":1127},{""x"":1121,""y"":492,""t"":1159},{""x"":1136,""y"":557,""t"":1194},{""x"":1129,""y"":571,""t"":1228},{""x"":1110,""y"":608,""t"":1263},{""x"":1072,""y"":636,""t"":1296},{""x"":1040,""y"":657,""t"":1328},{""x"":995,""y"":697,""t"":1364},{""x"":977,""y"":720,""t"":1398},{""x"":950,""y"":726,""t"":1433},{""x"":941,""y"":765,""t"":1467},{""x"":916,""y"":758,""t"":1501},{""x"":882,""y"":777,""t"":1534},{""x"":875,""y"":796,""t"":1568},{""x"":876,""y"":814,""t"":1602},{""x"":864,""y"":822,""t"":1636},{""x"":901,""y"":813,""t"":1670},{""x"":900,""y"":810,""t"":1704},{""x"":888,""y"":802,""t"":1738},{""x"":893,""y"":808,""t"":1773},{""x"":887,""y"":812,""t"":1806},{""x"":893,""y"":810,""t"":1843},{""x"":907,""y"":828,""t"":1875},{""x"":918,""y"":837,""t"":1908},{""x"":902,""y"":827,""t"":1941},{""x"":896,""y"":834,""t"":1977}]","[{""x"":250,""y"":425,""width"":80,""height"":80,""top"":385,""right"":290,""bottom"":465,""left"":210},{""x"":400,""y"":165.1923788646684,""width"":80,""height"":80,""top"":125.1923788646684,""right"":440,""bottom"":205.1923788646684,""left"":360},{""x"":700,""y"":165.1923788646684,""width"":80,""height"":80,""top"":125.1923788646684,""right"":740,""bottom"":205.1923788646684,""left"":660},{""x"":850,""y"":425,""width"":80,""height"":80,""top"":385,""right"":890,""bottom"":465,""left"":810},{""x"":700,""y"":684.8076211353316,""width"":80,""height"":80,""top"":644.8076211353316,""right"":740,""bottom"":724.8076211353316,""left"":660},{""x"":400,""y"":684.8076211353316,""width"":80,""height"":80,""top"":644.8076211353316,""right"":440,""bottom"":724.8076211353316,""left"":360}]","{""#container"":{""x"":410,""y"":129.390625,""width"":1100,""height"":850,""top"":129.390625,""right"":1510,""bottom"":979.390625,""left"":410}}","[{'cyan': 0}, {'purple': 2}, {'yellow': 16}, {'green': 4}, {'blue': 0}, {'red': 16}]",,yellow
274,,,,828.0,1.0,1.0,"[""yellow"",""cyan"",""green"",""blue"",""red"",""purple""]",purple_1,True,"[{""x"":952,""y"":765,""t"":5},{""x"":938,""y"":695,""t"":43},{""x"":903,""y"":677,""t"":80},{""x"":895,""y"":623,""t"":111},{""x"":864,""y"":617,""t"":143},{""x"":863,""y"":637,""t"":176},{""x"":862,""y"":647,""t"":206},{""x"":874,""y"":615,""t"":242},{""x"":901,""y"":615,""t"":276},{""x"":881,""y"":572,""t"":310},{""x"":883,""y"":547,""t"":344},{""x"":906,""y"":558,""t"":379},{""x"":883,""y"":621,""t"":412},{""x"":840,""y"":644,""t"":446},{""x"":834,""y"":668,""t"":479},{""x"":827,""y"":644,""t"":514},{""x"":792,""y"":650,""t"":549},{""x"":757,""y"":652,""t"":582},{""x"":736,""y"":682,""t"":616},{""x"":698,""y"":705,""t"":649},{""x"":689,""y"":704,""t"":684},{""x"":653,""y"":690,""t"":718},{""x"":635,""y"":679,""t"":751},{""x"":734,""y"":568,""t"":786},{""x"":802,""y"":494,""t"":821},{""x"":835,""y"":377,""t"":854},{""x"":872,""y"":287,""t"":888},{""x"":891,""y"":203,""t"":922},{""x"":909,""y"":173,""t"":956},{""x"":924,""y"":103,""t"":989},{""x"":946,""y"":87,""t"":1024},{""x"":958,""y"":50,""t"":1059},{""x"":973,""y"":95,""t"":1092},{""x"":1008,""y"":61,""t"":1125},{""x"":1061,""y"":128,""t"":1160},{""x"":1117,""y"":301,""t"":1193},{""x"":1102,""y"":390,""t"":1229},{""x"":1092,""y"":501,""t"":1262},{""x"":1120,""y"":599,""t"":1296},{""x"":1138,""y"":685,""t"":1330},{""x"":1101,""y"":756,""t"":1364},{""x"":1066,""y"":797,""t"":1398},{""x"":1087,""y"":799,""t"":1432},{""x"":1067,""y"":847,""t"":1465},{""x"":1015,""y"":877,""t"":1500},{""x"":1023,""y"":882,""t"":1534},{""x"":1054,""y"":869,""t"":1568},{""x"":1055,""y"":858,""t"":1603},{""x"":1054,""y"":847,""t"":1637},{""x"":1071,""y"":848,""t"":1671},{""x"":1062,""y"":835,""t"":1704},{""x"":1046,""y"":806,""t"":1738},{""x"":1036,""y"":780,""t"":1771},{""x"":1057,""y"":769,""t"":1806},{""x"":1064,""y"":750,""t"":1840},{""x"":1078,""y"":742,""t"":1874},{""x"":1069,""y"":695,""t"":1908},{""x"":1066,""y"":728,""t"":1944},{""x"":1079,""y"":761,""t"":1977}]","[{""x"":250,""y"":425,""width"":80,""height"":80,""top"":385,""right"":290,""bottom"":465,""left"":210},{""x"":400,""y"":165.1923788646684,""width"":80,""height"":80,""top"":125.1923788646684,""right"":440,""bottom"":205.1923788646684,""left"":360},{""x"":700,""y"":165.1923788646684,""width"":80,""height"":80,""top"":125.1923788646684,""right"":740,""bottom"":205.1923788646684,""left"":660},{""x"":850,""y"":425,""width"":80,""height"":80,""top"":385,""right"":890,""bottom"":465,""left"":810},{""x"":700,""y"":684.8076211353316,""width"":80,""height"":80,""top"":644.8076211353316,""right"":740,""bottom"":724.8076211353316,""left"":660},{""x"":400,""y"":684.8076211353316,""width"":80,""height"":80,""top"":644.8076211353316,""right"":440,""bottom"":724.8076211353316,""left"":360}]","{""#container"":{""x"":410,""y"":129.390625,""width"":1100,""height"":850,""top"":129.390625,""right"":1510,""bottom"":979.390625,""left"":410}}","[{'yellow': 5}, {'cyan': 3}, {'green': 2}, {'blue': 1}, {'red': 20}, {'purple': 1}]",{'purple_1': 1},red
275,,,,1033.0,4.0,4.0,"[""red"",""yellow"",""blue"",""cyan"",""green"",""purple""]",red_1,True,"[{""x"":1028,""y"":702,""t"":5},{""x"":992,""y"":662,""t"":49},{""x"":962,""y"":629,""t"":72},{""x"":935,""y"":608,""t"":107},{""x"":944,""y"":577,""t"":139},{""x"":945,""y"":584,""t"":173},{""x"":931,""y"":603,""t"":208},{""x"":924,""y"":663,""t"":241},{""x"":891,""y"":645,""t"":276},{""x"":898,""y"":627,""t"":310},{""x"":900,""y"":594,""t"":344},{""x"":880,""y"":592,""t"":378},{""x"":854,""y"":628,""t"":412},{""x"":825,""y"":629,""t"":446},{""x"":780,""y"":583,""t"":480},{""x"":724,""y"":484,""t"":514},{""x"":690,""y"":380,""t"":548},{""x"":667,""y"":310,""t"":582},{""x"":670,""y"":236,""t"":616},{""x"":676,""y"":175,""t"":650},{""x"":665,""y"":93,""t"":684},{""x"":680,""y"":47,""t"":717},{""x"":685,""y"":36,""t"":752},{""x"":734,""y"":123,""t"":786},{""x"":821,""y"":208,""t"":820},{""x"":891,""y"":315,""t"":854},{""x"":954,""y"":379,""t"":888},{""x"":993,""y"":444,""t"":922},{""x"":1045,""y"":479,""t"":956},{""x"":1042,""y"":572,""t"":990},{""x"":1047,""y"":625,""t"":1025},{""x"":1049,""y"":647,""t"":1058},{""x"":1059,""y"":647,""t"":1092},{""x"":1079,""y"":632,""t"":1125},{""x"":1073,""y"":657,""t"":1160},{""x"":1029,""y"":651,""t"":1193},{""x"":938,""y"":638,""t"":1228},{""x"":851,""y"":607,""t"":1262},{""x"":750,""y"":591,""t"":1295},{""x"":688,""y"":522,""t"":1328},{""x"":645,""y"":491,""t"":1365},{""x"":615,""y"":485,""t"":1399},{""x"":599,""y"":492,""t"":1432},{""x"":602,""y"":484,""t"":1466},{""x"":618,""y"":474,""t"":1499},{""x"":625,""y"":475,""t"":1534},{""x"":643,""y"":474,""t"":1567},{""x"":667,""y"":580,""t"":1601},{""x"":676,""y"":567,""t"":1636},{""x"":669,""y"":490,""t"":1676},{""x"":690,""y"":510,""t"":1709},{""x"":702,""y"":549,""t"":1740},{""x"":707,""y"":593,""t"":1771},{""x"":698,""y"":610,""t"":1807},{""x"":702,""y"":661,""t"":1839},{""x"":732,""y"":647,""t"":1873},{""x"":811,""y"":660,""t"":1907},{""x"":825,""y"":630,""t"":1942},{""x"":873,""y"":609,""t"":1975}]","[{""x"":250,""y"":425,""width"":80,""height"":80,""top"":385,""right"":290,""bottom"":465,""left"":210},{""x"":400,""y"":165.1923788646684,""width"":80,""height"":80,""top"":125.1923788646684,""right"":440,""bottom"":205.1923788646684,""left"":360},{""x"":700,""y"":165.1923788646684,""width"":80,""height"":80,""top"":125.1923788646684,""right"":740,""bottom"":205.1923788646684,""left"":660},{""x"":850,""y"":425,""width"":80,""height"":80,""top"":385,""right"":890,""bottom"":465,""left"":810},{""x"":700,""y"":684.8076211353316,""width"":80,""height"":80,""top"":644.8076211353316,""right"":740,""bottom"":724.8076211353316,""left"":660},{""x"":400,""y"":684.8076211353316,""width"":80,""height"":80,""top"":644.8076211353316,""right"":440,""bottom"":724.8076211353316,""left"":360}]","{""#container"":{""x"":410,""y"":129.390625,""width"":1100,""height"":850,""top"":129.390625,""right"":1510,""bottom"":979.390625,""left"":410}}","[{'red': 20}, {'yellow': 4}, {'blue': 0}, {'cyan': 0}, {'green': 1}, {'purple': 0}]",{'red_1': 20},red_1
276,,,,894.0,7.0,7.0,"[""purple"",""cyan"",""yellow"",""red"",""blue"",""green""]",cyan,True,"[{""x"":894,""y"":620,""t"":5},{""x"":899,""y"":651,""t"":44},{""x"":893,""y"":659,""t"":82},{""x"":905,""y"":670,""t"":111},{""x"":932,""y"":623,""t"":144},{""x"":939,""y"":628,""t"":176},{""x"":955,""y"":606,""t"":205},{""x"":925,""y"":621,""t"":242},{""x"":919,""y"":606,""t"":276},{""x"":926,""y"":572,""t"":310},{""x"":950,""y"":585,""t"":345},{""x"":946,""y"":601,""t"":378},{""x"":941,""y"":654,""t"":412},{""x"":932,""y"":667,""t"":445},{""x"":931,""y"":641,""t"":480},{""x"":941,""y"":659,""t"":514},{""x"":924,""y"":653,""t"":548},{""x"":918,""y"":653,""t"":581},{""x"":919,""y"":597,""t"":616},{""x"":922,""y"":575,""t"":650},{""x"":906,""y"":583,""t"":684},{""x"":912,""y"":534,""t"":717},{""x"":883,""y"":543,""t"":751},{""x"":903,""y"":522,""t"":785},{""x"":886,""y"":524,""t"":820},{""x"":904,""y"":550,""t"":855},{""x"":917,""y"":573,""t"":888},{""x"":877,""y"":627,""t"":922},{""x"":880,""y"":665,""t"":956},{""x"":861,""y"":703,""t"":989},{""x"":859,""y"":745,""t"":1024},{""x"":859,""y"":812,""t"":1058},{""x"":864,""y"":842,""t"":1092},{""x"":856,""y"":870,""t"":1126},{""x"":843,""y"":902,""t"":1160},{""x"":821,""y"":927,""t"":1193},{""x"":826,""y"":919,""t"":1228},{""x"":888,""y"":888,""t"":1262},{""x"":964,""y"":821,""t"":1296},{""x"":1017,""y"":716,""t"":1330},{""x"":1028,""y"":619,""t"":1364},{""x"":1005,""y"":553,""t"":1398},{""x"":1032,""y"":533,""t"":1431},{""x"":1060,""y"":514,""t"":1466},{""x"":1102,""y"":489,""t"":1500},{""x"":1119,""y"":508,""t"":1535},{""x"":1164,""y"":536,""t"":1568},{""x"":1146,""y"":546,""t"":1602},{""x"":1178,""y"":596,""t"":1636},{""x"":1137,""y"":603,""t"":1670},{""x"":1145,""y"":583,""t"":1704},{""x"":1116,""y"":552,""t"":1738},{""x"":1120,""y"":547,""t"":1772},{""x"":1091,""y"":523,""t"":1804},{""x"":1089,""y"":505,""t"":1840},{""x"":1057,""y"":452,""t"":1874},{""x"":1059,""y"":445,""t"":1908},{""x"":1039,""y"":446,""t"":1942},{""x"":1059,""y"":441,""t"":1977}]","[{""x"":250,""y"":425,""width"":80,""height"":80,""top"":385,""right"":290,""bottom"":465,""left"":210},{""x"":400,""y"":165.1923788646684,""width"":80,""height"":80,""top"":125.1923788646684,""right"":440,""bottom"":205.1923788646684,""left"":360},{""x"":700,""y"":165.1923788646684,""width"":80,""height"":80,""top"":125.1923788646684,""right"":740,""bottom"":205.1923788646684,""left"":660},{""x"":850,""y"":425,""width"":80,""height"":80,""top"":385,""right"":890,""bottom"":465,""left"":810},{""x"":700,""y"":684.8076211353316,""width"":80,""height"":80,""top"":644.8076211353316,""right"":740,""bottom"":724.8076211353316,""left"":660},{""x"":400,""y"":684.8076211353316,""width"":80,""height"":80,""top"":644.8076211353316,""right"":440,""bottom"":724.8076211353316,""left"":360}]","{""#container"":{""x"":410,""y"":129.390625,""width"":1100,""height"":850,""top"":129.390625,""right"":1510,""bottom"":979.390625,""left"":410}}","[{'purple': 0}, {'cyan': 0}, {'yellow': 0}, {'red': 8}, {'blue': 2}, {'green': 9}]",,green
277,张昊,23.0,男,,,,,,,,,,,,
278,,,,519.0,9.0,3.0,"[""green"",""cyan"",""purple"",""yellow"",""red"",""blue""]",red,False,"[{""x"":1238,""y"":422,""t"":4},{""x"":1192,""y"":390,""t"":40},{""x"":1185,""y"":444,""t"":73},{""x"":1158,""y"":497,""t"":105},{""x"":1112,""y"":482,""t"":140},{""x"":1111,""y"":528,""t"":173},{""x"":1100,""y"":472,""t"":207},{""x"":1060,""y"":500,""t"":242},{""x"":1032,""y"":499,""t"":275},{""x"":1050,""y"":459,""t"":309},{""x"":1035,""y"":454,""t"":344},{""x"":1026,""y"":483,""t"":378},{""x"":1018,""y"":501,""t"":411},{""x"":1031,""y"":519,""t"":447},{""x"":988,""y"":561,""t"":480},{""x"":1002,""y"":539,""t"":514},{""x"":992,""y"":575,""t"":548},{""x"":980,""y"":572,""t"":582},{""x"":981,""y"":565,""t"":616},{""x"":1009,""y"":507,""t"":650},{""x"":988,""y"":533,""t"":684},{""x"":1001,""y"":477,""t"":718},{""x"":987,""y"":467,""t"":753},{""x"":1003,""y"":516,""t"":785},{""x"":1004,""y"":536,""t"":820},{""x"":970,""y"":529,""t"":854},{""x"":969,""y"":523,""t"":888},{""x"":954,""y"":517,""t"":922},{""x"":946,""y"":499,""t"":956},{""x"":964,""y"":489,""t"":991},{""x"":972,""y"":420,""t"":1024},{""x"":988,""y"":428,""t"":1057},{""x"":989,""y"":471,""t"":1092},{""x"":936,""y"":457,""t"":1126},{""x"":905,""y"":454,""t"":1158},{""x"":863,""y"":475,""t"":1194},{""x"":860,""y"":455,""t"":1229},{""x"":868,""y"":453,""t"":1262},{""x"":842,""y"":530,""t"":1296},{""x"":857,""y"":546,""t"":1329},{""x"":914,""y"":554,""t"":1364},{""x"":965,""y"":585,""t"":1399},{""x"":1021,""y"":541,""t"":1432},{""x"":1057,""y"":503,""t"":1466},{""x"":1073,""y"":492,""t"":1500},{""x"":1098,""y"":501,""t"":1535},{""x"":1123,""y"":494,""t"":1565},{""x"":1115,""y"":539,""t"":1602},{""x"":1096,""y"":550,""t"":1635},{""x"":1110,""y"":535,""t"":1671},{""x"":1107,""y"":546,""t"":1704},{""x"":1128,""y"":516,""t"":1738},{""x"":1151,""y"":505,""t"":1772},{""x"":1232,""y"":476,""t"":1806},{""x"":1272,""y"":446,""t"":1840},{""x"":1302,""y"":448,""t"":1873},{""x"":1375,""y"":439,""t"":1908},{""x"":1391,""y"":453,""t"":1942},{""x"":1402,""y"":480,""t"":1976}]","[{""x"":250,""y"":425,""width"":80,""height"":80,""top"":385,""right"":290,""bottom"":465,""left"":210},{""x"":400,""y"":165.1923788646684,""width"":80,""height"":80,""top"":125.1923788646684,""right"":440,""bottom"":205.1923788646684,""left"":360},{""x"":700,""y"":165.1923788646684,""width"":80,""height"":80,""top"":125.1923788646684,""right"":740,""bottom"":205.1923788646684,""left"":660},{""x"":850,""y"":425,""width"":80,""height"":80,""top"":385,""right"":890,""bottom"":465,""left"":810},{""x"":700,""y"":684.8076211353316,""width"":80,""height"":80,""top"":644.8076211353316,""right"":740,""bottom"":724.8076211353316,""left"":660},{""x"":400,""y"":684.8076211353316,""width"":80,""height"":80,""top"":644.8076211353316,""right"":440,""bottom"":724.8076211353316,""left"":360}]","{""#container"":{""x"":410,""y"":129.390625,""width"":1100,""height"":850,""top"":129.390625,""right"":1510,""bottom"":979.390625,""left"":410}}","[{'green': 0}, {'cyan': 0}, {'purple': 1}, {'yellow': 10}, {'red': 0}, {'blue': 0}]",,yellow
279,,,,498.0,4.0,7.0,"[""red"",""purple"",""cyan"",""green"",""yellow"",""blue""]",purple,False,"[{""x"":1344,""y"":458,""t"":4},{""x"":1281,""y"":462,""t"":38},{""x"":1233,""y"":472,""t"":73},{""x"":1164,""y"":457,""t"":106},{""x"":1114,""y"":457,""t"":139},{""x"":1075,""y"":494,""t"":174},{""x"":1060,""y"":522,""t"":208},{""x"":1034,""y"":524,""t"":243},{""x"":997,""y"":493,""t"":276},{""x"":981,""y"":471,""t"":310},{""x"":969,""y"":473,""t"":343},{""x"":998,""y"":494,""t"":378},{""x"":953,""y"":489,""t"":412},{""x"":928,""y"":502,""t"":446},{""x"":926,""y"":521,""t"":480},{""x"":886,""y"":485,""t"":513},{""x"":880,""y"":493,""t"":548},{""x"":863,""y"":494,""t"":582},{""x"":867,""y"":522,""t"":616},{""x"":862,""y"":537,""t"":649},{""x"":862,""y"":517,""t"":683},{""x"":911,""y"":550,""t"":718},{""x"":950,""y"":561,""t"":750},{""x"":973,""y"":601,""t"":785},{""x"":1006,""y"":589,""t"":819},{""x"":1103,""y"":518,""t"":853},{""x"":1201,""y"":475,""t"":888},{""x"":1284,""y"":508,""t"":921},{""x"":1237,""y"":595,""t"":957},{""x"":1144,""y"":561,""t"":989},{""x"":1064,""y"":580,""t"":1024},{""x"":996,""y"":639,""t"":1057},{""x"":959,""y"":694,""t"":1092},{""x"":964,""y"":791,""t"":1125},{""x"":971,""y"":872,""t"":1158},{""x"":1008,""y"":873,""t"":1193},{""x"":1059,""y"":841,""t"":1228},{""x"":1094,""y"":780,""t"":1262},{""x"":1142,""y"":686,""t"":1296},{""x"":1186,""y"":669,""t"":1329},{""x"":1205,""y"":616,""t"":1364},{""x"":1200,""y"":556,""t"":1398},{""x"":1257,""y"":557,""t"":1432},{""x"":1271,""y"":489,""t"":1465},{""x"":1278,""y"":435,""t"":1499},{""x"":1302,""y"":435,""t"":1534},{""x"":1331,""y"":380,""t"":1567},{""x"":1342,""y"":373,""t"":1602},{""x"":1343,""y"":337,""t"":1636},{""x"":1367,""y"":391,""t"":1669},{""x"":1386,""y"":364,""t"":1704},{""x"":1421,""y"":433,""t"":1737},{""x"":1438,""y"":398,""t"":1772},{""x"":1459,""y"":428,""t"":1805},{""x"":1472,""y"":442,""t"":1839},{""x"":1472,""y"":478,""t"":1874},{""x"":1533,""y"":484,""t"":1908},{""x"":1629,""y"":521,""t"":1943},{""x"":1647,""y"":468,""t"":1976}]","[{""x"":250,""y"":425,""width"":80,""height"":80,""top"":385,""right"":290,""bottom"":465,""left"":210},{""x"":400,""y"":165.1923788646684,""width"":80,""height"":80,""top"":125.1923788646684,""right"":440,""bottom"":205.1923788646684,""left"":360},{""x"":700,""y"":165.1923788646684,""width"":80,""height"":80,""top"":125.1923788646684,""right"":740,""bottom"":205.1923788646684,""left"":660},{""x"":850,""y"":425,""width"":80,""height"":80,""top"":385,""right"":890,""bottom"":465,""left"":810},{""x"":700,""y"":684.8076211353316,""width"":80,""height"":80,""top"":644.8076211353316,""right"":740,""bottom"":724.8076211353316,""left"":660},{""x"":400,""y"":684.8076211353316,""width"":80,""height"":80,""top"":644.8076211353316,""right"":440,""bottom"":724.8076211353316,""left"":360}]","{""#container"":{""x"":410,""y"":129.390625,""width"":1100,""height"":850,""top"":129.390625,""right"":1510,""bottom"":979.390625,""left"":410}}","[{'red': 0}, {'purple': 0}, {'cyan': 0}, {'green': 15}, {'yellow': 5}, {'blue': 0}]",,green
280,,,,567.0,7.0,7.0,"[""purple"",""blue"",""red"",""green"",""yellow"",""cyan""]",blue_1,True,"[{""x"":1510,""y"":473,""t"":4},{""x"":1388,""y"":508,""t"":39},{""x"":1261,""y"":513,""t"":72},{""x"":1193,""y"":571,""t"":105},{""x"":1092,""y"":600,""t"":141},{""x"":1055,""y"":625,""t"":175},{""x"":1045,""y"":627,""t"":207},{""x"":1034,""y"":617,""t"":242},{""x"":1012,""y"":621,""t"":275},{""x"":1001,""y"":575,""t"":310},{""x"":995,""y"":607,""t"":344},{""x"":978,""y"":566,""t"":378},{""x"":986,""y"":588,""t"":412},{""x"":971,""y"":578,""t"":446},{""x"":913,""y"":527,""t"":480},{""x"":864,""y"":512,""t"":514},{""x"":822,""y"":505,""t"":548},{""x"":772,""y"":456,""t"":582},{""x"":751,""y"":432,""t"":616},{""x"":758,""y"":479,""t"":650},{""x"":777,""y"":518,""t"":684},{""x"":878,""y"":513,""t"":718},{""x"":984,""y"":476,""t"":752},{""x"":1077,""y"":497,""t"":785},{""x"":1161,""y"":522,""t"":820},{""x"":1212,""y"":515,""t"":853},{""x"":1287,""y"":518,""t"":888},{""x"":1343,""y"":507,""t"":921},{""x"":1374,""y"":527,""t"":957},{""x"":1393,""y"":505,""t"":989},{""x"":1372,""y"":507,""t"":1024},{""x"":1337,""y"":465,""t"":1057},{""x"":1211,""y"":554,""t"":1093},{""x"":1116,""y"":600,""t"":1126},{""x"":1080,""y"":616,""t"":1159},{""x"":1069,""y"":637,""t"":1193},{""x"":1046,""y"":622,""t"":1228},{""x"":1015,""y"":608,""t"":1263},{""x"":973,""y"":622,""t"":1296},{""x"":985,""y"":688,""t"":1329},{""x"":1038,""y"":729,""t"":1364},{""x"":1076,""y"":758,""t"":1398},{""x"":1099,""y"":751,""t"":1432},{""x"":1069,""y"":738,""t"":1465},{""x"":1065,""y"":686,""t"":1500},{""x"":1001,""y"":630,""t"":1533},{""x"":1002,""y"":546,""t"":1566},{""x"":1032,""y"":523,""t"":1602},{""x"":1081,""y"":511,""t"":1636},{""x"":1122,""y"":464,""t"":1669},{""x"":1071,""y"":498,""t"":1703},{""x"":1097,""y"":471,""t"":1737},{""x"":1121,""y"":458,""t"":1771},{""x"":1142,""y"":430,""t"":1805},{""x"":1182,""y"":440,""t"":1840},{""x"":1198,""y"":444,""t"":1874},{""x"":1229,""y"":468,""t"":1908},{""x"":1197,""y"":593,""t"":1942},{""x"":1167,""y"":699,""t"":1973}]","[{""x"":250,""y"":425,""width"":80,""height"":80,""top"":385,""right"":290,""bottom"":465,""left"":210},{""x"":400,""y"":165.1923788646684,""width"":80,""height"":80,""top"":125.1923788646684,""right"":440,""bottom"":205.1923788646684,""left"":360},{""x"":700,""y"":165.1923788646684,""width"":80,""height"":80,""top"":125.1923788646684,""right"":740,""bottom"":205.1923788646684,""left"":660},{""x"":850,""y"":425,""width"":80,""height"":80,""top"":385,""right"":890,""bottom"":465,""left"":810},{""x"":700,""y"":684.8076211353316,""width"":80,""height"":80,""top"":644.8076211353316,""right"":740,""bottom"":724.8076211353316,""left"":660},{""x"":400,""y"":684.8076211353316,""width"":80,""height"":80,""top"":644.8076211353316,""right"":440,""bottom"":724.8076211353316,""left"":360}]","{""#container"":{""x"":410,""y"":129.390625,""width"":1100,""height"":850,""top"":129.390625,""right"":1510,""bottom"":979.390625,""left"":410}}","[{'purple': 3}, {'blue': 1}, {'red': 1}, {'green': 16}, {'yellow': 6}, {'cyan': 0}]",{'blue_1': 1},green
281,,,,714.0,9.0,9.0,"[""blue"",""green"",""red"",""yellow"",""cyan"",""purple""]",red,True,"[{""x"":1089,""y"":703,""t"":4},{""x"":1056,""y"":713,""t"":39},{""x"":1025,""y"":743,""t"":73},{""x"":1014,""y"":764,""t"":106},{""x"":997,""y"":750,""t"":140},{""x"":985,""y"":735,""t"":171},{""x"":979,""y"":669,""t"":208},{""x"":991,""y"":626,""t"":241},{""x"":1015,""y"":621,""t"":278},{""x"":1035,""y"":619,""t"":310},{""x"":1042,""y"":590,""t"":344},{""x"":1069,""y"":584,""t"":378},{""x"":1084,""y"":570,""t"":413},{""x"":1023,""y"":517,""t"":446},{""x"":963,""y"":475,""t"":479},{""x"":915,""y"":445,""t"":513},{""x"":866,""y"":442,""t"":549},{""x"":857,""y"":453,""t"":583},{""x"":901,""y"":465,""t"":616},{""x"":951,""y"":485,""t"":650},{""x"":980,""y"":493,""t"":684},{""x"":1024,""y"":497,""t"":718},{""x"":1063,""y"":504,""t"":752},{""x"":1089,""y"":534,""t"":786},{""x"":1108,""y"":535,""t"":820},{""x"":1151,""y"":526,""t"":854},{""x"":1188,""y"":591,""t"":888},{""x"":1218,""y"":572,""t"":922},{""x"":1234,""y"":592,""t"":956},{""x"":1236,""y"":576,""t"":990},{""x"":1234,""y"":582,""t"":1024},{""x"":1258,""y"":590,""t"":1057},{""x"":1250,""y"":558,""t"":1093},{""x"":1247,""y"":591,""t"":1126},{""x"":1195,""y"":674,""t"":1159},{""x"":1135,""y"":671,""t"":1194},{""x"":1081,""y"":618,""t"":1228},{""x"":1006,""y"":639,""t"":1262},{""x"":987,""y"":680,""t"":1296},{""x"":979,""y"":751,""t"":1329},{""x"":988,""y"":761,""t"":1364},{""x"":1014,""y"":806,""t"":1398},{""x"":1031,""y"":751,""t"":1433},{""x"":1049,""y"":724,""t"":1466},{""x"":1044,""y"":729,""t"":1500},{""x"":1045,""y"":721,""t"":1534},{""x"":1063,""y"":650,""t"":1567},{""x"":1061,""y"":562,""t"":1601},{""x"":1074,""y"":527,""t"":1636},{""x"":1039,""y"":487,""t"":1669},{""x"":1013,""y"":528,""t"":1704},{""x"":1005,""y"":520,""t"":1736},{""x"":1091,""y"":545,""t"":1772},{""x"":1167,""y"":499,""t"":1806},{""x"":1187,""y"":514,""t"":1840},{""x"":1240,""y"":527,""t"":1873},{""x"":1274,""y"":540,""t"":1909},{""x"":1334,""y"":561,""t"":1942},{""x"":1341,""y"":539,""t"":1977}]","[{""x"":250,""y"":425,""width"":80,""height"":80,""top"":385,""right"":290,""bottom"":465,""left"":210},{""x"":400,""y"":165.1923788646684,""width"":80,""height"":80,""top"":125.1923788646684,""right"":440,""bottom"":205.1923788646684,""left"":360},{""x"":700,""y"":165.1923788646684,""width"":80,""height"":80,""top"":125.1923788646684,""right"":740,""bottom"":205.1923788646684,""left"":660},{""x"":850,""y"":425,""width"":80,""height"":80,""top"":385,""right"":890,""bottom"":465,""left"":810},{""x"":700,""y"":684.8076211353316,""width"":80,""height"":80,""top"":644.8076211353316,""right"":740,""bottom"":724.8076211353316,""left"":660},{""x"":400,""y"":684.8076211353316,""width"":80,""height"":80,""top"":644.8076211353316,""right"":440,""bottom"":724.8076211353316,""left"":360}]","{""#container"":{""x"":410,""y"":129.390625,""width"":1100,""height"":850,""top"":129.390625,""right"":1510,""bottom"":979.390625,""left"":410}}","[{'blue': 0}, {'green': 0}, {'red': 0}, {'yellow': 16}, {'cyan': 14}, {'purple': 0}]",,yellow
282,,,,825.0,3.0,6.0,"[""cyan"",""yellow"",""green"",""purple"",""red"",""blue""]",purple_1,False,"[{""x"":1249,""y"":541,""t"":5},{""x"":1133,""y"":640,""t"":38},{""x"":1079,""y"":723,""t"":73},{""x"":1032,""y"":752,""t"":106},{""x"":1036,""y"":748,""t"":140},{""x"":1012,""y"":734,""t"":173},{""x"":1000,""y"":789,""t"":209},{""x"":982,""y"":703,""t"":242},{""x"":1023,""y"":657,""t"":276},{""x"":1017,""y"":659,""t"":310},{""x"":1010,""y"":641,""t"":343},{""x"":1014,""y"":588,""t"":379},{""x"":1036,""y"":538,""t"":411},{""x"":1027,""y"":501,""t"":446},{""x"":1019,""y"":514,""t"":479},{""x"":983,""y"":528,""t"":514},{""x"":997,""y"":563,""t"":548},{""x"":1024,""y"":528,""t"":582},{""x"":998,""y"":599,""t"":615},{""x"":959,""y"":541,""t"":650},{""x"":943,""y"":568,""t"":683},{""x"":937,""y"":556,""t"":717},{""x"":937,""y"":559,""t"":751},{""x"":915,""y"":517,""t"":785},{""x"":908,""y"":469,""t"":820},{""x"":931,""y"":480,""t"":854},{""x"":986,""y"":459,""t"":887},{""x"":1047,""y"":390,""t"":921},{""x"":1087,""y"":387,""t"":956},{""x"":1117,""y"":355,""t"":989},{""x"":1090,""y"":456,""t"":1024},{""x"":1013,""y"":460,""t"":1058},{""x"":981,""y"":463,""t"":1091},{""x"":900,""y"":396,""t"":1125},{""x"":890,""y"":392,""t"":1160},{""x"":854,""y"":472,""t"":1193},{""x"":904,""y"":540,""t"":1228},{""x"":935,""y"":554,""t"":1261},{""x"":1004,""y"":583,""t"":1296},{""x"":1042,""y"":638,""t"":1330},{""x"":1096,""y"":684,""t"":1361},{""x"":1089,""y"":698,""t"":1398},{""x"":1140,""y"":640,""t"":1431},{""x"":1142,""y"":647,""t"":1465},{""x"":1213,""y"":624,""t"":1500},{""x"":1215,""y"":640,""t"":1533},{""x"":1203,""y"":628,""t"":1568},{""x"":1164,""y"":680,""t"":1602},{""x"":1107,""y"":676,""t"":1636},{""x"":1003,""y"":695,""t"":1669},{""x"":1013,""y"":647,""t"":1704},{""x"":966,""y"":660,""t"":1738},{""x"":956,""y"":647,""t"":1772},{""x"":925,""y"":658,""t"":1806},{""x"":948,""y"":600,""t"":1839},{""x"":941,""y"":620,""t"":1873},{""x"":952,""y"":602,""t"":1907},{""x"":942,""y"":588,""t"":1942},{""x"":940,""y"":523,""t"":1975}]","[{""x"":250,""y"":425,""width"":80,""height"":80,""top"":385,""right"":290,""bottom"":465,""left"":210},{""x"":400,""y"":165.1923788646684,""width"":80,""height"":80,""top"":125.1923788646684,""right"":440,""bottom"":205.1923788646684,""left"":360},{""x"":700,""y"":165.1923788646684,""width"":80,""height"":80,""top"":125.1923788646684,""right"":740,""bottom"":205.1923788646684,""left"":660},{""x"":850,""y"":425,""width"":80,""height"":80,""top"":385,""right"":890,""bottom"":465,""left"":810},{""x"":700,""y"":684.8076211353316,""width"":80,""height"":80,""top"":644.8076211353316,""right"":740,""bottom"":724.8076211353316,""left"":660},{""x"":400,""y"":684.8076211353316,""width"":80,""height"":80,""top"":644.8076211353316,""right"":440,""bottom"":724.8076211353316,""left"":360}]","{""#container"":{""x"":410,""y"":129.390625,""width"":1100,""height"":850,""top"":129.390625,""right"":1510,""bottom"":979.390625,""left"":410}}","[{'cyan': 0}, {'yellow': 2}, {'green': 3}, {'purple': 5}, {'red': 9}, {'blue': 0}]",{'purple_1': 5},red
283,,,,833.0,1.0,1.0,"[""purple"",""green"",""red"",""blue"",""yellow"",""cyan""]",cyan_1,True,"[{""x"":898,""y"":494,""t"":4},{""x"":904,""y"":504,""t"":45},{""x"":860,""y"":465,""t"":77},{""x"":844,""y"":459,""t"":106},{""x"":892,""y"":466,""t"":139},{""x"":860,""y"":500,""t"":174},{""x"":908,""y"":483,""t"":208},{""x"":880,""y"":513,""t"":241},{""x"":904,""y"":483,""t"":275},{""x"":909,""y"":497,""t"":310},{""x"":880,""y"":503,""t"":344},{""x"":881,""y"":499,""t"":378},{""x"":883,""y"":496,""t"":412},{""x"":917,""y"":507,""t"":446},{""x"":993,""y"":467,""t"":480},{""x"":1010,""y"":480,""t"":514},{""x"":1038,""y"":488,""t"":547},{""x"":1062,""y"":482,""t"":582},{""x"":1083,""y"":509,""t"":615},{""x"":1102,""y"":536,""t"":647},{""x"":1129,""y"":501,""t"":684},{""x"":1085,""y"":513,""t"":718},{""x"":987,""y"":488,""t"":752},{""x"":858,""y"":436,""t"":786},{""x"":853,""y"":534,""t"":819},{""x"":882,""y"":679,""t"":853},{""x"":878,""y"":768,""t"":887},{""x"":872,""y"":849,""t"":922},{""x"":944,""y"":878,""t"":956},{""x"":1041,""y"":872,""t"":989},{""x"":1069,""y"":836,""t"":1023},{""x"":1069,""y"":792,""t"":1055},{""x"":1096,""y"":758,""t"":1091},{""x"":1100,""y"":740,""t"":1126},{""x"":1075,""y"":739,""t"":1161},{""x"":1046,""y"":720,""t"":1194},{""x"":1064,""y"":788,""t"":1227},{""x"":1058,""y"":766,""t"":1262},{""x"":1065,""y"":826,""t"":1296},{""x"":1046,""y"":871,""t"":1330},{""x"":1023,""y"":838,""t"":1364},{""x"":979,""y"":785,""t"":1398},{""x"":960,""y"":738,""t"":1432},{""x"":912,""y"":737,""t"":1465},{""x"":887,""y"":732,""t"":1500},{""x"":917,""y"":662,""t"":1534},{""x"":930,""y"":623,""t"":1568},{""x"":934,""y"":542,""t"":1602},{""x"":932,""y"":510,""t"":1635},{""x"":965,""y"":557,""t"":1670},{""x"":963,""y"":589,""t"":1704},{""x"":1034,""y"":536,""t"":1737},{""x"":1080,""y"":535,""t"":1772},{""x"":1145,""y"":485,""t"":1805},{""x"":1186,""y"":500,""t"":1840},{""x"":1224,""y"":411,""t"":1873},{""x"":1238,""y"":385,""t"":1908},{""x"":1231,""y"":368,""t"":1942},{""x"":1218,""y"":360,""t"":1976}]","[{""x"":250,""y"":425,""width"":80,""height"":80,""top"":385,""right"":290,""bottom"":465,""left"":210},{""x"":400,""y"":165.1923788646684,""width"":80,""height"":80,""top"":125.1923788646684,""right"":440,""bottom"":205.1923788646684,""left"":360},{""x"":700,""y"":165.1923788646684,""width"":80,""height"":80,""top"":125.1923788646684,""right"":740,""bottom"":205.1923788646684,""left"":660},{""x"":850,""y"":425,""width"":80,""height"":80,""top"":385,""right"":890,""bottom"":465,""left"":810},{""x"":700,""y"":684.8076211353316,""width"":80,""height"":80,""top"":644.8076211353316,""right"":740,""bottom"":724.8076211353316,""left"":660},{""x"":400,""y"":684.8076211353316,""width"":80,""height"":80,""top"":644.8076211353316,""right"":440,""bottom"":724.8076211353316,""left"":360}]","{""#container"":{""x"":410,""y"":129.390625,""width"":1100,""height"":850,""top"":129.390625,""right"":1510,""bottom"":979.390625,""left"":410}}","[{'purple': 0}, {'green': 1}, {'red': 2}, {'blue': 4}, {'yellow': 13}, {'cyan': 5}]",{'cyan_1': 5},yellow
284,,,,743.0,9.0,6.0,"[""yellow"",""blue"",""red"",""purple"",""green"",""cyan""]",purple,False,"[{""x"":1172,""y"":380,""t"":4},{""x"":1165,""y"":422,""t"":39},{""x"":1157,""y"":430,""t"":73},{""x"":1095,""y"":441,""t"":106},{""x"":1092,""y"":487,""t"":140},{""x"":1058,""y"":603,""t"":174},{""x"":1024,""y"":582,""t"":208},{""x"":986,""y"":567,""t"":242},{""x"":965,""y"":546,""t"":276},{""x"":890,""y"":582,""t"":310},{""x"":807,""y"":511,""t"":345},{""x"":776,""y"":470,""t"":378},{""x"":772,""y"":454,""t"":412},{""x"":736,""y"":514,""t"":445},{""x"":740,""y"":591,""t"":480},{""x"":776,""y"":655,""t"":514},{""x"":831,""y"":673,""t"":547},{""x"":871,""y"":624,""t"":582},{""x"":924,""y"":619,""t"":616},{""x"":944,""y"":601,""t"":650},{""x"":951,""y"":543,""t"":691},{""x"":979,""y"":518,""t"":717},{""x"":983,""y"":459,""t"":753},{""x"":953,""y"":434,""t"":785},{""x"":953,""y"":429,""t"":820},{""x"":929,""y"":456,""t"":854},{""x"":962,""y"":451,""t"":888},{""x"":971,""y"":487,""t"":923},{""x"":980,""y"":476,""t"":957},{""x"":1007,""y"":476,""t"":991},{""x"":1055,""y"":486,""t"":1024},{""x"":1102,""y"":481,""t"":1057},{""x"":1129,""y"":491,""t"":1092},{""x"":1140,""y"":488,""t"":1126},{""x"":1165,""y"":501,""t"":1160},{""x"":1170,""y"":495,""t"":1194},{""x"":1177,""y"":509,""t"":1229},{""x"":1168,""y"":522,""t"":1262},{""x"":1154,""y"":576,""t"":1297},{""x"":1138,""y"":624,""t"":1328},{""x"":1136,""y"":624,""t"":1365},{""x"":1119,""y"":632,""t"":1398},{""x"":1104,""y"":648,""t"":1431},{""x"":1119,""y"":619,""t"":1466},{""x"":1113,""y"":648,""t"":1500},{""x"":1097,""y"":648,""t"":1533},{""x"":1042,""y"":667,""t"":1568},{""x"":977,""y"":700,""t"":1602},{""x"":951,""y"":705,""t"":1637},{""x"":916,""y"":682,""t"":1670},{""x"":857,""y"":730,""t"":1703},{""x"":810,""y"":770,""t"":1735},{""x"":787,""y"":663,""t"":1772},{""x"":788,""y"":623,""t"":1807},{""x"":760,""y"":647,""t"":1839},{""x"":763,""y"":698,""t"":1873},{""x"":778,""y"":682,""t"":1907},{""x"":830,""y"":664,""t"":1942},{""x"":848,""y"":647,""t"":1975}]","[{""x"":250,""y"":425,""width"":80,""height"":80,""top"":385,""right"":290,""bottom"":465,""left"":210},{""x"":400,""y"":165.1923788646684,""width"":80,""height"":80,""top"":125.1923788646684,""right"":440,""bottom"":205.1923788646684,""left"":360},{""x"":700,""y"":165.1923788646684,""width"":80,""height"":80,""top"":125.1923788646684,""right"":740,""bottom"":205.1923788646684,""left"":660},{""x"":850,""y"":425,""width"":80,""height"":80,""top"":385,""right"":890,""bottom"":465,""left"":810},{""x"":700,""y"":684.8076211353316,""width"":80,""height"":80,""top"":644.8076211353316,""right"":740,""bottom"":724.8076211353316,""left"":660},{""x"":400,""y"":684.8076211353316,""width"":80,""height"":80,""top"":644.8076211353316,""right"":440,""bottom"":724.8076211353316,""left"":360}]","{""#container"":{""x"":410,""y"":129.390625,""width"":1100,""height"":850,""top"":129.390625,""right"":1510,""bottom"":979.390625,""left"":410}}","[{'yellow': 5}, {'blue': 0}, {'red': 4}, {'purple': 9}, {'green': 0}, {'cyan': 5}]",{'purple': 9},purple
285,,,,888.0,6.0,6.0,"[""cyan"",""blue"",""purple"",""green"",""yellow"",""red""]",green,True,"[{""x"":884,""y"":593,""t"":4},{""x"":948,""y"":651,""t"":42},{""x"":1005,""y"":626,""t"":73},{""x"":1028,""y"":606,""t"":106},{""x"":1066,""y"":579,""t"":140},{""x"":1086,""y"":578,""t"":173},{""x"":1097,""y"":549,""t"":208},{""x"":1092,""y"":554,""t"":242},{""x"":1092,""y"":588,""t"":276},{""x"":1091,""y"":617,""t"":308},{""x"":1080,""y"":605,""t"":344},{""x"":1109,""y"":628,""t"":378},{""x"":1048,""y"":587,""t"":412},{""x"":1004,""y"":504,""t"":446},{""x"":923,""y"":450,""t"":480},{""x"":916,""y"":414,""t"":513},{""x"":872,""y"":395,""t"":547},{""x"":840,""y"":454,""t"":581},{""x"":820,""y"":463,""t"":615},{""x"":781,""y"":473,""t"":650},{""x"":880,""y"":475,""t"":683},{""x"":942,""y"":509,""t"":717},{""x"":1063,""y"":489,""t"":752},{""x"":1156,""y"":467,""t"":785},{""x"":1121,""y"":577,""t"":819},{""x"":1071,""y"":549,""t"":854},{""x"":981,""y"":530,""t"":888},{""x"":948,""y"":541,""t"":922},{""x"":907,""y"":494,""t"":956},{""x"":898,""y"":467,""t"":990},{""x"":872,""y"":483,""t"":1024},{""x"":889,""y"":561,""t"":1058},{""x"":903,""y"":676,""t"":1092},{""x"":900,""y"":782,""t"":1125},{""x"":919,""y"":804,""t"":1159},{""x"":952,""y"":828,""t"":1193},{""x"":970,""y"":766,""t"":1228},{""x"":1012,""y"":762,""t"":1261},{""x"":1009,""y"":713,""t"":1296},{""x"":1048,""y"":725,""t"":1329},{""x"":1076,""y"":638,""t"":1364},{""x"":1097,""y"":637,""t"":1397},{""x"":1102,""y"":649,""t"":1431},{""x"":1088,""y"":678,""t"":1466},{""x"":1090,""y"":600,""t"":1500},{""x"":1121,""y"":639,""t"":1535},{""x"":1149,""y"":601,""t"":1567},{""x"":1161,""y"":605,""t"":1601},{""x"":1150,""y"":599,""t"":1636},{""x"":1195,""y"":628,""t"":1670},{""x"":1190,""y"":584,""t"":1703},{""x"":1190,""y"":542,""t"":1738},{""x"":1192,""y"":489,""t"":1773},{""x"":1180,""y"":489,""t"":1805},{""x"":1185,""y"":496,""t"":1840},{""x"":1163,""y"":525,""t"":1874},{""x"":1170,""y"":562,""t"":1908},{""x"":1149,""y"":498,""t"":1942},{""x"":1142,""y"":556,""t"":1976}]","[{""x"":250,""y"":425,""width"":80,""height"":80,""top"":385,""right"":290,""bottom"":465,""left"":210},{""x"":400,""y"":165.1923788646684,""width"":80,""height"":80,""top"":125.1923788646684,""right"":440,""bottom"":205.1923788646684,""left"":360},{""x"":700,""y"":165.1923788646684,""width"":80,""height"":80,""top"":125.1923788646684,""right"":740,""bottom"":205.1923788646684,""left"":660},{""x"":850,""y"":425,""width"":80,""height"":80,""top"":385,""right"":890,""bottom"":465,""left"":810},{""x"":700,""y"":684.8076211353316,""width"":80,""height"":80,""top"":644.8076211353316,""right"":740,""bottom"":724.8076211353316,""left"":660},{""x"":400,""y"":684.8076211353316,""width"":80,""height"":80,""top"":644.8076211353316,""right"":440,""bottom"":724.8076211353316,""left"":360}]","{""#container"":{""x"":410,""y"":129.390625,""width"":1100,""height"":850,""top"":129.390625,""right"":1510,""bottom"":979.390625,""left"":410}}","[{'cyan': 1}, {'blue': 1}, {'purple': 0}, {'green': 15}, {'yellow': 5}, {'red': 3}]",{'green': 15},green
286,,,,595.0,7.0,7.0,"[""purple"",""yellow"",""red"",""cyan"",""green"",""blue""]",yellow_1,True,"[{""x"":1096,""y"":545,""t"":5},{""x"":1087,""y"":560,""t"":39},{""x"":1087,""y"":590,""t"":73},{""x"":1072,""y"":594,""t"":106},{""x"":1061,""y"":595,""t"":139},{""x"":1061,""y"":595,""t"":174},{""x"":1039,""y"":570,""t"":208},{""x"":1023,""y"":565,""t"":243},{""x"":1041,""y"":536,""t"":276},{""x"":1029,""y"":519,""t"":310},{""x"":1026,""y"":480,""t"":344},{""x"":1053,""y"":487,""t"":378},{""x"":1051,""y"":485,""t"":413},{""x"":1076,""y"":449,""t"":447},{""x"":1011,""y"":460,""t"":480},{""x"":972,""y"":462,""t"":514},{""x"":901,""y"":468,""t"":547},{""x"":890,""y"":451,""t"":582},{""x"":881,""y"":464,""t"":616},{""x"":923,""y"":526,""t"":650},{""x"":947,""y"":547,""t"":684},{""x"":997,""y"":586,""t"":718},{""x"":1032,""y"":623,""t"":752},{""x"":1107,""y"":604,""t"":786},{""x"":1189,""y"":619,""t"":819},{""x"":1222,""y"":630,""t"":854},{""x"":1247,""y"":644,""t"":888},{""x"":1239,""y"":630,""t"":922},{""x"":1244,""y"":564,""t"":955},{""x"":1186,""y"":538,""t"":991},{""x"":1197,""y"":487,""t"":1024},{""x"":1176,""y"":427,""t"":1058},{""x"":1173,""y"":487,""t"":1092},{""x"":1158,""y"":416,""t"":1126},{""x"":1053,""y"":397,""t"":1160},{""x"":1035,""y"":371,""t"":1194},{""x"":965,""y"":395,""t"":1227},{""x"":955,""y"":505,""t"":1263},{""x"":935,""y"":568,""t"":1296},{""x"":968,""y"":571,""t"":1329},{""x"":1001,""y"":593,""t"":1364},{""x"":1044,""y"":621,""t"":1397},{""x"":1065,""y"":656,""t"":1432},{""x"":1093,""y"":634,""t"":1466},{""x"":1153,""y"":677,""t"":1500},{""x"":1186,""y"":682,""t"":1533},{""x"":1183,""y"":660,""t"":1568},{""x"":1172,""y"":651,""t"":1602},{""x"":1170,""y"":685,""t"":1636},{""x"":1179,""y"":718,""t"":1669},{""x"":1167,""y"":683,""t"":1704},{""x"":1161,""y"":694,""t"":1736},{""x"":1180,""y"":665,""t"":1772},{""x"":1127,""y"":648,""t"":1806},{""x"":1124,""y"":612,""t"":1840},{""x"":1141,""y"":596,""t"":1873},{""x"":1074,""y"":590,""t"":1908},{""x"":1055,""y"":510,""t"":1941},{""x"":1047,""y"":530,""t"":1977}]","[{""x"":250,""y"":425,""width"":80,""height"":80,""top"":385,""right"":290,""bottom"":465,""left"":210},{""x"":400,""y"":165.1923788646684,""width"":80,""height"":80,""top"":125.1923788646684,""right"":440,""bottom"":205.1923788646684,""left"":360},{""x"":700,""y"":165.1923788646684,""width"":80,""height"":80,""top"":125.1923788646684,""right"":740,""bottom"":205.1923788646684,""left"":660},{""x"":850,""y"":425,""width"":80,""height"":80,""top"":385,""right"":890,""bottom"":465,""left"":810},{""x"":700,""y"":684.8076211353316,""width"":80,""height"":80,""top"":644.8076211353316,""right"":740,""bottom"":724.8076211353316,""left"":660},{""x"":400,""y"":684.8076211353316,""width"":80,""height"":80,""top"":644.8076211353316,""right"":440,""bottom"":724.8076211353316,""left"":360}]","{""#container"":{""x"":410,""y"":129.390625,""width"":1100,""height"":850,""top"":129.390625,""right"":1510,""bottom"":979.390625,""left"":410}}","[{'purple': 0}, {'yellow': 0}, {'red': 4}, {'cyan': 14}, {'green': 5}, {'blue': 0}]",,cyan
287,,,,531.0,7.0,7.0,"[""blue"",""red"",""yellow"",""green"",""cyan"",""purple""]",red,True,"[{""x"":1007,""y"":462,""t"":3},{""x"":1015,""y"":493,""t"":38},{""x"":1029,""y"":525,""t"":71},{""x"":1011,""y"":581,""t"":106},{""x"":1024,""y"":606,""t"":139},{""x"":996,""y"":572,""t"":173},{""x"":960,""y"":597,""t"":209},{""x"":941,""y"":605,""t"":242},{""x"":958,""y"":575,""t"":277},{""x"":967,""y"":597,""t"":310},{""x"":970,""y"":578,""t"":346},{""x"":948,""y"":598,""t"":378},{""x"":977,""y"":600,""t"":411},{""x"":958,""y"":557,""t"":446},{""x"":916,""y"":535,""t"":480},{""x"":881,""y"":557,""t"":514},{""x"":823,""y"":576,""t"":548},{""x"":810,""y"":580,""t"":582},{""x"":857,""y"":532,""t"":616},{""x"":886,""y"":539,""t"":650},{""x"":957,""y"":541,""t"":684},{""x"":1006,""y"":559,""t"":718},{""x"":1038,""y"":628,""t"":752},{""x"":1067,""y"":659,""t"":785},{""x"":1095,""y"":627,""t"":820},{""x"":1112,""y"":633,""t"":854},{""x"":1125,""y"":566,""t"":888},{""x"":1117,""y"":559,""t"":922},{""x"":1080,""y"":550,""t"":955},{""x"":1038,""y"":602,""t"":990},{""x"":1008,""y"":638,""t"":1023},{""x"":1020,""y"":674,""t"":1058},{""x"":1021,""y"":673,""t"":1089},{""x"":1008,""y"":626,""t"":1126},{""x"":1032,""y"":653,""t"":1160},{""x"":1039,""y"":702,""t"":1196},{""x"":1080,""y"":678,""t"":1228},{""x"":1074,""y"":678,""t"":1262},{""x"":1061,""y"":703,""t"":1295},{""x"":983,""y"":633,""t"":1330},{""x"":918,""y"":551,""t"":1364},{""x"":848,""y"":505,""t"":1398},{""x"":839,""y"":560,""t"":1431},{""x"":803,""y"":630,""t"":1467},{""x"":785,""y"":680,""t"":1497},{""x"":766,""y"":757,""t"":1534},{""x"":732,""y"":765,""t"":1568},{""x"":720,""y"":784,""t"":1601},{""x"":727,""y"":882,""t"":1635},{""x"":731,""y"":963,""t"":1670},{""x"":742,""y"":992,""t"":1704},{""x"":765,""y"":996,""t"":1738},{""x"":775,""y"":900,""t"":1772},{""x"":744,""y"":827,""t"":1806},{""x"":784,""y"":747,""t"":1840},{""x"":825,""y"":765,""t"":1874},{""x"":875,""y"":752,""t"":1908},{""x"":901,""y"":753,""t"":1942},{""x"":969,""y"":718,""t"":1976}]","[{""x"":250,""y"":425,""width"":80,""height"":80,""top"":385,""right"":290,""bottom"":465,""left"":210},{""x"":400,""y"":165.1923788646684,""width"":80,""height"":80,""top"":125.1923788646684,""right"":440,""bottom"":205.1923788646684,""left"":360},{""x"":700,""y"":165.1923788646684,""width"":80,""height"":80,""top"":125.1923788646684,""right"":740,""bottom"":205.1923788646684,""left"":660},{""x"":850,""y"":425,""width"":80,""height"":80,""top"":385,""right"":890,""bottom"":465,""left"":810},{""x"":700,""y"":684.8076211353316,""width"":80,""height"":80,""top"":644.8076211353316,""right"":740,""bottom"":724.8076211353316,""left"":660},{""x"":400,""y"":684.8076211353316,""width"":80,""height"":80,""top"":644.8076211353316,""right"":440,""bottom"":724.8076211353316,""left"":360}]","{""#container"":{""x"":410,""y"":129.390625,""width"":1100,""height"":850,""top"":129.390625,""right"":1510,""bottom"":979.390625,""left"":410}}","[{'blue': 0}, {'red': 0}, {'yellow': 0}, {'green': 2}, {'cyan': 4}, {'purple': 11}]",,purple
288,,,,888.0,6.0,6.0,"[""blue"",""yellow"",""purple"",""cyan"",""green"",""red""]",cyan_1,True,"[{""x"":1010,""y"":687,""t"":3},{""x"":1031,""y"":658,""t"":37},{""x"":1081,""y"":634,""t"":72},{""x"":1120,""y"":614,""t"":104},{""x"":1104,""y"":562,""t"":140},{""x"":1103,""y"":541,""t"":173},{""x"":1105,""y"":508,""t"":208},{""x"":1070,""y"":485,""t"":242},{""x"":1067,""y"":458,""t"":275},{""x"":1078,""y"":424,""t"":310},{""x"":1052,""y"":411,""t"":343},{""x"":1055,""y"":423,""t"":378},{""x"":1055,""y"":434,""t"":412},{""x"":1027,""y"":446,""t"":446},{""x"":972,""y"":409,""t"":480},{""x"":968,""y"":368,""t"":514},{""x"":931,""y"":384,""t"":548},{""x"":920,""y"":403,""t"":582},{""x"":1005,""y"":413,""t"":616},{""x"":1065,""y"":419,""t"":649},{""x"":1117,""y"":441,""t"":684},{""x"":1165,""y"":461,""t"":718},{""x"":1191,""y"":483,""t"":752},{""x"":1223,""y"":498,""t"":786},{""x"":1243,""y"":508,""t"":820},{""x"":1232,""y"":533,""t"":854},{""x"":1237,""y"":522,""t"":887},{""x"":1226,""y"":530,""t"":921},{""x"":1229,""y"":511,""t"":956},{""x"":1216,""y"":534,""t"":990},{""x"":1215,""y"":549,""t"":1024},{""x"":1270,""y"":547,""t"":1058},{""x"":1244,""y"":540,""t"":1092},{""x"":1247,""y"":580,""t"":1126},{""x"":1217,""y"":593,""t"":1160},{""x"":1141,""y"":663,""t"":1193},{""x"":1055,""y"":622,""t"":1228},{""x"":977,""y"":560,""t"":1260},{""x"":921,""y"":483,""t"":1296},{""x"":860,""y"":443,""t"":1330},{""x"":840,""y"":455,""t"":1363},{""x"":826,""y"":550,""t"":1398},{""x"":835,""y"":650,""t"":1432},{""x"":842,""y"":632,""t"":1466},{""x"":893,""y"":582,""t"":1500},{""x"":947,""y"":556,""t"":1533},{""x"":1004,""y"":556,""t"":1568},{""x"":1036,""y"":571,""t"":1602},{""x"":1042,""y"":554,""t"":1635},{""x"":1020,""y"":544,""t"":1668},{""x"":1051,""y"":528,""t"":1704},{""x"":1013,""y"":502,""t"":1738},{""x"":1000,""y"":499,""t"":1773},{""x"":1005,""y"":498,""t"":1805},{""x"":996,""y"":461,""t"":1839},{""x"":1010,""y"":446,""t"":1873},{""x"":1018,""y"":362,""t"":1908},{""x"":982,""y"":315,""t"":1942},{""x"":964,""y"":344,""t"":1976}]","[{""x"":250,""y"":425,""width"":80,""height"":80,""top"":385,""right"":290,""bottom"":465,""left"":210},{""x"":400,""y"":165.1923788646684,""width"":80,""height"":80,""top"":125.1923788646684,""right"":440,""bottom"":205.1923788646684,""left"":360},{""x"":700,""y"":165.1923788646684,""width"":80,""height"":80,""top"":125.1923788646684,""right"":740,""bottom"":205.1923788646684,""left"":660},{""x"":850,""y"":425,""width"":80,""height"":80,""top"":385,""right"":890,""bottom"":465,""left"":810},{""x"":700,""y"":684.8076211353316,""width"":80,""height"":80,""top"":644.8076211353316,""right"":740,""bottom"":724.8076211353316,""left"":660},{""x"":400,""y"":684.8076211353316,""width"":80,""height"":80,""top"":644.8076211353316,""right"":440,""bottom"":724.8076211353316,""left"":360}]","{""#container"":{""x"":410,""y"":129.390625,""width"":1100,""height"":850,""top"":129.390625,""right"":1510,""bottom"":979.390625,""left"":410}}","[{'blue': 0}, {'yellow': 0}, {'purple': 8}, {'cyan': 14}, {'green': 0}, {'red': 0}]",{'cyan_1': 14},cyan_1
289,,,,498.0,4.0,4.0,"[""yellow"",""red"",""blue"",""cyan"",""purple"",""green""]",yellow,True,"[{""x"":926,""y"":452,""t"":4},{""x"":935,""y"":508,""t"":39},{""x"":921,""y"":528,""t"":72},{""x"":923,""y"":548,""t"":106},{""x"":971,""y"":536,""t"":140},{""x"":996,""y"":603,""t"":174},{""x"":968,""y"":570,""t"":208},{""x"":990,""y"":557,""t"":242},{""x"":1026,""y"":610,""t"":276},{""x"":1053,""y"":606,""t"":310},{""x"":1065,""y"":625,""t"":344},{""x"":1065,""y"":652,""t"":378},{""x"":1069,""y"":633,""t"":412},{""x"":1096,""y"":646,""t"":446},{""x"":1094,""y"":622,""t"":480},{""x"":1104,""y"":637,""t"":515},{""x"":1120,""y"":643,""t"":548},{""x"":1151,""y"":660,""t"":582},{""x"":1159,""y"":593,""t"":616},{""x"":1153,""y"":530,""t"":650},{""x"":1135,""y"":494,""t"":683},{""x"":1192,""y"":482,""t"":718},{""x"":1208,""y"":528,""t"":752},{""x"":1208,""y"":501,""t"":786},{""x"":1203,""y"":504,""t"":820},{""x"":1242,""y"":497,""t"":854},{""x"":1279,""y"":447,""t"":887},{""x"":1307,""y"":437,""t"":921},{""x"":1298,""y"":417,""t"":957},{""x"":1303,""y"":416,""t"":991},{""x"":1314,""y"":449,""t"":1024},{""x"":1333,""y"":441,""t"":1058},{""x"":1353,""y"":497,""t"":1092},{""x"":1364,""y"":528,""t"":1124},{""x"":1352,""y"":536,""t"":1160},{""x"":1264,""y"":591,""t"":1194},{""x"":1152,""y"":658,""t"":1227},{""x"":1091,""y"":658,""t"":1263},{""x"":1046,""y"":698,""t"":1296},{""x"":1034,""y"":713,""t"":1330},{""x"":978,""y"":754,""t"":1364},{""x"":934,""y"":762,""t"":1398},{""x"":899,""y"":777,""t"":1431},{""x"":887,""y"":736,""t"":1465},{""x"":856,""y"":731,""t"":1500},{""x"":868,""y"":690,""t"":1534},{""x"":819,""y"":650,""t"":1568},{""x"":808,""y"":634,""t"":1602},{""x"":848,""y"":573,""t"":1635},{""x"":869,""y"":578,""t"":1670},{""x"":926,""y"":536,""t"":1704},{""x"":1015,""y"":603,""t"":1738},{""x"":1066,""y"":551,""t"":1771},{""x"":1060,""y"":529,""t"":1806},{""x"":1018,""y"":543,""t"":1840},{""x"":1064,""y"":463,""t"":1874},{""x"":1071,""y"":443,""t"":1907},{""x"":1074,""y"":412,""t"":1941},{""x"":1088,""y"":419,""t"":1976}]","[{""x"":250,""y"":425,""width"":80,""height"":80,""top"":385,""right"":290,""bottom"":465,""left"":210},{""x"":400,""y"":165.1923788646684,""width"":80,""height"":80,""top"":125.1923788646684,""right"":440,""bottom"":205.1923788646684,""left"":360},{""x"":700,""y"":165.1923788646684,""width"":80,""height"":80,""top"":125.1923788646684,""right"":740,""bottom"":205.1923788646684,""left"":660},{""x"":850,""y"":425,""width"":80,""height"":80,""top"":385,""right"":890,""bottom"":465,""left"":810},{""x"":700,""y"":684.8076211353316,""width"":80,""height"":80,""top"":644.8076211353316,""right"":740,""bottom"":724.8076211353316,""left"":660},{""x"":400,""y"":684.8076211353316,""width"":80,""height"":80,""top"":644.8076211353316,""right"":440,""bottom"":724.8076211353316,""left"":360}]","{""#container"":{""x"":410,""y"":129.390625,""width"":1100,""height"":850,""top"":129.390625,""right"":1510,""bottom"":979.390625,""left"":410}}","[{'yellow': 0}, {'red': 0}, {'blue': 2}, {'cyan': 19}, {'purple': 3}, {'green': 5}]",,cyan
290,,,,511.0,9.0,9.0,"[""purple"",""red"",""yellow"",""cyan"",""blue"",""green""]",yellow_1,True,"[{""x"":1117,""y"":420,""t"":5},{""x"":1126,""y"":436,""t"":38},{""x"":1129,""y"":451,""t"":72},{""x"":1088,""y"":452,""t"":106},{""x"":1089,""y"":467,""t"":140},{""x"":1081,""y"":514,""t"":171},{""x"":1061,""y"":529,""t"":208},{""x"":1056,""y"":503,""t"":241},{""x"":1022,""y"":506,""t"":277},{""x"":1035,""y"":514,""t"":311},{""x"":978,""y"":502,""t"":344},{""x"":909,""y"":490,""t"":378},{""x"":828,""y"":460,""t"":412},{""x"":852,""y"":432,""t"":445},{""x"":893,""y"":455,""t"":480},{""x"":924,""y"":494,""t"":513},{""x"":995,""y"":557,""t"":548},{""x"":1061,""y"":576,""t"":582},{""x"":1112,""y"":536,""t"":616},{""x"":1158,""y"":560,""t"":650},{""x"":1211,""y"":551,""t"":684},{""x"":1271,""y"":518,""t"":718},{""x"":1293,""y"":535,""t"":752},{""x"":1281,""y"":549,""t"":785},{""x"":1316,""y"":494,""t"":820},{""x"":1336,""y"":517,""t"":854},{""x"":1356,""y"":516,""t"":888},{""x"":1335,""y"":535,""t"":922},{""x"":1305,""y"":550,""t"":956},{""x"":1281,""y"":524,""t"":990},{""x"":1252,""y"":531,""t"":1023},{""x"":1221,""y"":562,""t"":1059},{""x"":1223,""y"":562,""t"":1092},{""x"":1228,""y"":512,""t"":1126},{""x"":1227,""y"":515,""t"":1161},{""x"":1219,""y"":546,""t"":1194},{""x"":1240,""y"":522,""t"":1228},{""x"":1216,""y"":533,""t"":1261},{""x"":1159,""y"":542,""t"":1296},{""x"":1101,""y"":522,""t"":1329},{""x"":1077,""y"":514,""t"":1361},{""x"":1014,""y"":532,""t"":1398},{""x"":981,""y"":536,""t"":1432},{""x"":936,""y"":572,""t"":1466},{""x"":922,""y"":576,""t"":1500},{""x"":905,""y"":612,""t"":1533},{""x"":906,""y"":559,""t"":1570},{""x"":910,""y"":513,""t"":1599},{""x"":935,""y"":471,""t"":1637},{""x"":929,""y"":438,""t"":1671},{""x"":935,""y"":461,""t"":1704},{""x"":941,""y"":429,""t"":1737},{""x"":948,""y"":403,""t"":1770},{""x"":955,""y"":401,""t"":1806},{""x"":972,""y"":406,""t"":1841},{""x"":956,""y"":374,""t"":1873},{""x"":982,""y"":309,""t"":1908},{""x"":1005,""y"":305,""t"":1942},{""x"":1039,""y"":294,""t"":1976}]","[{""x"":250,""y"":425,""width"":80,""height"":80,""top"":385,""right"":290,""bottom"":465,""left"":210},{""x"":400,""y"":165.1923788646684,""width"":80,""height"":80,""top"":125.1923788646684,""right"":440,""bottom"":205.1923788646684,""left"":360},{""x"":700,""y"":165.1923788646684,""width"":80,""height"":80,""top"":125.1923788646684,""right"":740,""bottom"":205.1923788646684,""left"":660},{""x"":850,""y"":425,""width"":80,""height"":80,""top"":385,""right"":890,""bottom"":465,""left"":810},{""x"":700,""y"":684.8076211353316,""width"":80,""height"":80,""top"":644.8076211353316,""right"":740,""bottom"":724.8076211353316,""left"":660},{""x"":400,""y"":684.8076211353316,""width"":80,""height"":80,""top"":644.8076211353316,""right"":440,""bottom"":724.8076211353316,""left"":360}]","{""#container"":{""x"":410,""y"":129.390625,""width"":1100,""height"":850,""top"":129.390625,""right"":1510,""bottom"":979.390625,""left"":410}}","[{'purple': 0}, {'red': 1}, {'yellow': 5}, {'cyan': 21}, {'blue': 0}, {'green': 0}]",{'yellow_1': 5},cyan
291,,,,817.0,9.0,9.0,"[""blue"",""cyan"",""purple"",""red"",""yellow"",""green""]",purple_1,True,"[{""x"":1056,""y"":321,""t"":5},{""x"":1085,""y"":390,""t"":40},{""x"":1098,""y"":506,""t"":72},{""x"":1090,""y"":501,""t"":106},{""x"":1087,""y"":473,""t"":141},{""x"":1065,""y"":474,""t"":174},{""x"":1079,""y"":440,""t"":207},{""x"":1117,""y"":443,""t"":241},{""x"":1125,""y"":447,""t"":276},{""x"":1124,""y"":460,""t"":310},{""x"":1089,""y"":446,""t"":344},{""x"":1058,""y"":435,""t"":375},{""x"":1027,""y"":413,""t"":413},{""x"":971,""y"":390,""t"":446},{""x"":956,""y"":369,""t"":479},{""x"":929,""y"":383,""t"":513},{""x"":904,""y"":332,""t"":548},{""x"":908,""y"":356,""t"":582},{""x"":940,""y"":349,""t"":616},{""x"":944,""y"":353,""t"":650},{""x"":979,""y"":382,""t"":684},{""x"":957,""y"":358,""t"":718},{""x"":940,""y"":320,""t"":751},{""x"":958,""y"":333,""t"":786},{""x"":985,""y"":329,""t"":820},{""x"":989,""y"":322,""t"":853},{""x"":992,""y"":356,""t"":888},{""x"":1021,""y"":430,""t"":922},{""x"":1092,""y"":417,""t"":956},{""x"":1108,""y"":396,""t"":990},{""x"":1116,""y"":424,""t"":1023},{""x"":1150,""y"":447,""t"":1058},{""x"":1153,""y"":500,""t"":1093},{""x"":1159,""y"":541,""t"":1126},{""x"":1054,""y"":604,""t"":1160},{""x"":963,""y"":614,""t"":1194},{""x"":909,""y"":551,""t"":1228},{""x"":850,""y"":522,""t"":1263},{""x"":808,""y"":584,""t"":1296},{""x"":773,""y"":628,""t"":1330},{""x"":780,""y"":715,""t"":1365},{""x"":796,""y"":733,""t"":1397},{""x"":855,""y"":740,""t"":1431},{""x"":881,""y"":762,""t"":1465},{""x"":942,""y"":762,""t"":1500},{""x"":967,""y"":759,""t"":1534},{""x"":994,""y"":728,""t"":1565},{""x"":1017,""y"":723,""t"":1602},{""x"":1047,""y"":704,""t"":1636},{""x"":1064,""y"":662,""t"":1670},{""x"":1082,""y"":603,""t"":1703},{""x"":1143,""y"":621,""t"":1738},{""x"":1207,""y"":547,""t"":1772},{""x"":1268,""y"":522,""t"":1806},{""x"":1324,""y"":475,""t"":1840},{""x"":1357,""y"":513,""t"":1874},{""x"":1358,""y"":503,""t"":1909},{""x"":1339,""y"":497,""t"":1942},{""x"":1336,""y"":477,""t"":1974}]","[{""x"":250,""y"":425,""width"":80,""height"":80,""top"":385,""right"":290,""bottom"":465,""left"":210},{""x"":400,""y"":165.1923788646684,""width"":80,""height"":80,""top"":125.1923788646684,""right"":440,""bottom"":205.1923788646684,""left"":360},{""x"":700,""y"":165.1923788646684,""width"":80,""height"":80,""top"":125.1923788646684,""right"":740,""bottom"":205.1923788646684,""left"":660},{""x"":850,""y"":425,""width"":80,""height"":80,""top"":385,""right"":890,""bottom"":465,""left"":810},{""x"":700,""y"":684.8076211353316,""width"":80,""height"":80,""top"":644.8076211353316,""right"":740,""bottom"":724.8076211353316,""left"":660},{""x"":400,""y"":684.8076211353316,""width"":80,""height"":80,""top"":644.8076211353316,""right"":440,""bottom"":724.8076211353316,""left"":360}]","{""#container"":{""x"":410,""y"":129.390625,""width"":1100,""height"":850,""top"":129.390625,""right"":1510,""bottom"":979.390625,""left"":410}}","[{'blue': 1}, {'cyan': 6}, {'purple': 12}, {'red': 10}, {'yellow': 3}, {'green': 5}]",{'purple_1': 12},purple_1
292,,,,926.0,9.0,1.0,"[""blue"",""green"",""purple"",""yellow"",""cyan"",""red""]",red,False,"[{""x"":1284,""y"":480,""t"":5},{""x"":1221,""y"":502,""t"":38},{""x"":1149,""y"":566,""t"":72},{""x"":1099,""y"":598,""t"":106},{""x"":1073,""y"":610,""t"":140},{""x"":1039,""y"":647,""t"":174},{""x"":1044,""y"":656,""t"":208},{""x"":1005,""y"":653,""t"":242},{""x"":991,""y"":673,""t"":275},{""x"":889,""y"":689,""t"":309},{""x"":823,""y"":712,""t"":344},{""x"":780,""y"":730,""t"":378},{""x"":743,""y"":748,""t"":413},{""x"":765,""y"":719,""t"":446},{""x"":793,""y"":706,""t"":480},{""x"":815,""y"":664,""t"":514},{""x"":797,""y"":639,""t"":548},{""x"":826,""y"":637,""t"":582},{""x"":866,""y"":576,""t"":616},{""x"":863,""y"":605,""t"":650},{""x"":819,""y"":574,""t"":684},{""x"":806,""y"":529,""t"":717},{""x"":801,""y"":553,""t"":751},{""x"":806,""y"":557,""t"":786},{""x"":876,""y"":589,""t"":820},{""x"":939,""y"":595,""t"":854},{""x"":971,""y"":634,""t"":888},{""x"":1003,""y"":619,""t"":921},{""x"":1059,""y"":631,""t"":956},{""x"":1075,""y"":662,""t"":990},{""x"":1083,""y"":698,""t"":1024},{""x"":1097,""y"":708,""t"":1057},{""x"":1106,""y"":714,""t"":1090},{""x"":1130,""y"":745,""t"":1126},{""x"":1123,""y"":736,""t"":1160},{""x"":1086,""y"":706,""t"":1193},{""x"":1013,""y"":727,""t"":1228},{""x"":957,""y"":751,""t"":1261},{""x"":965,""y"":732,""t"":1296},{""x"":899,""y"":644,""t"":1329},{""x"":826,""y"":567,""t"":1364},{""x"":776,""y"":473,""t"":1398},{""x"":750,""y"":454,""t"":1433},{""x"":751,""y"":426,""t"":1464},{""x"":742,""y"":507,""t"":1500},{""x"":714,""y"":526,""t"":1534},{""x"":740,""y"":587,""t"":1568},{""x"":817,""y"":584,""t"":1601},{""x"":908,""y"":595,""t"":1635},{""x"":977,""y"":585,""t"":1669},{""x"":1016,""y"":587,""t"":1703},{""x"":1061,""y"":610,""t"":1738},{""x"":1099,""y"":628,""t"":1771},{""x"":1119,""y"":629,""t"":1806},{""x"":1144,""y"":562,""t"":1839},{""x"":1166,""y"":519,""t"":1871},{""x"":1211,""y"":490,""t"":1908},{""x"":1249,""y"":503,""t"":1941},{""x"":1249,""y"":486,""t"":1976}]","[{""x"":250,""y"":425,""width"":80,""height"":80,""top"":385,""right"":290,""bottom"":465,""left"":210},{""x"":400,""y"":165.1923788646684,""width"":80,""height"":80,""top"":125.1923788646684,""right"":440,""bottom"":205.1923788646684,""left"":360},{""x"":700,""y"":165.1923788646684,""width"":80,""height"":80,""top"":125.1923788646684,""right"":740,""bottom"":205.1923788646684,""left"":660},{""x"":850,""y"":425,""width"":80,""height"":80,""top"":385,""right"":890,""bottom"":465,""left"":810},{""x"":700,""y"":684.8076211353316,""width"":80,""height"":80,""top"":644.8076211353316,""right"":740,""bottom"":724.8076211353316,""left"":660},{""x"":400,""y"":684.8076211353316,""width"":80,""height"":80,""top"":644.8076211353316,""right"":440,""bottom"":724.8076211353316,""left"":360}]","{""#container"":{""x"":410,""y"":129.390625,""width"":1100,""height"":850,""top"":129.390625,""right"":1510,""bottom"":979.390625,""left"":410}}","[{'blue': 8}, {'green': 1}, {'purple': 0}, {'yellow': 8}, {'cyan': 7}, {'red': 6}]",{'red': 6},blue
293,,,,507.0,9.0,9.0,"[""red"",""purple"",""yellow"",""blue"",""cyan"",""green""]",yellow,True,"[{""x"":1211,""y"":485,""t"":4},{""x"":1194,""y"":437,""t"":39},{""x"":1175,""y"":440,""t"":73},{""x"":1178,""y"":452,""t"":106},{""x"":1162,""y"":449,""t"":139},{""x"":1163,""y"":456,""t"":173},{""x"":1158,""y"":492,""t"":208},{""x"":1126,""y"":470,""t"":242},{""x"":1124,""y"":466,""t"":274},{""x"":1075,""y"":472,""t"":309},{""x"":991,""y"":525,""t"":344},{""x"":869,""y"":592,""t"":378},{""x"":823,""y"":532,""t"":411},{""x"":752,""y"":584,""t"":446},{""x"":723,""y"":659,""t"":479},{""x"":691,""y"":683,""t"":513},{""x"":715,""y"":724,""t"":547},{""x"":719,""y"":740,""t"":582},{""x"":753,""y"":704,""t"":616},{""x"":740,""y"":719,""t"":651},{""x"":750,""y"":740,""t"":681},{""x"":775,""y"":693,""t"":717},{""x"":789,""y"":612,""t"":752},{""x"":802,""y"":558,""t"":786},{""x"":814,""y"":580,""t"":819},{""x"":831,""y"":594,""t"":854},{""x"":866,""y"":644,""t"":887},{""x"":924,""y"":694,""t"":922},{""x"":997,""y"":705,""t"":956},{""x"":1049,""y"":705,""t"":989},{""x"":1118,""y"":735,""t"":1023},{""x"":1152,""y"":739,""t"":1057},{""x"":1187,""y"":719,""t"":1091},{""x"":1197,""y"":717,""t"":1126},{""x"":1232,""y"":725,""t"":1159},{""x"":1257,""y"":660,""t"":1194},{""x"":1245,""y"":676,""t"":1227},{""x"":1274,""y"":648,""t"":1262},{""x"":1277,""y"":586,""t"":1297},{""x"":1269,""y"":578,""t"":1329},{""x"":1251,""y"":557,""t"":1364},{""x"":1218,""y"":500,""t"":1398},{""x"":1247,""y"":469,""t"":1432},{""x"":1201,""y"":469,""t"":1465},{""x"":1200,""y"":496,""t"":1499},{""x"":1177,""y"":459,""t"":1533},{""x"":1146,""y"":504,""t"":1569},{""x"":1141,""y"":500,""t"":1602},{""x"":1111,""y"":507,""t"":1636},{""x"":1103,""y"":570,""t"":1669},{""x"":1007,""y"":614,""t"":1704},{""x"":932,""y"":649,""t"":1737},{""x"":868,""y"":682,""t"":1772},{""x"":840,""y"":715,""t"":1805},{""x"":807,""y"":741,""t"":1840},{""x"":782,""y"":761,""t"":1872},{""x"":774,""y"":759,""t"":1909},{""x"":765,""y"":774,""t"":1942},{""x"":814,""y"":730,""t"":1975}]","[{""x"":250,""y"":425,""width"":80,""height"":80,""top"":385,""right"":290,""bottom"":465,""left"":210},{""x"":400,""y"":165.1923788646684,""width"":80,""height"":80,""top"":125.1923788646684,""right"":440,""bottom"":205.1923788646684,""left"":360},{""x"":700,""y"":165.1923788646684,""width"":80,""height"":80,""top"":125.1923788646684,""right"":740,""bottom"":205.1923788646684,""left"":660},{""x"":850,""y"":425,""width"":80,""height"":80,""top"":385,""right"":890,""bottom"":465,""left"":810},{""x"":700,""y"":684.8076211353316,""width"":80,""height"":80,""top"":644.8076211353316,""right"":740,""bottom"":724.8076211353316,""left"":660},{""x"":400,""y"":684.8076211353316,""width"":80,""height"":80,""top"":644.8076211353316,""right"":440,""bottom"":724.8076211353316,""left"":360}]","{""#container"":{""x"":410,""y"":129.390625,""width"":1100,""height"":850,""top"":129.390625,""right"":1510,""bottom"":979.390625,""left"":410}}","[{'red': 5}, {'purple': 0}, {'yellow': 0}, {'blue': 20}, {'cyan': 5}, {'green': 13}]",,blue
294,,,,964.0,3.0,3.0,"[""blue"",""red"",""green"",""yellow"",""cyan"",""purple""]",cyan,True,"[{""x"":880,""y"":679,""t"":4},{""x"":947,""y"":654,""t"":40},{""x"":952,""y"":581,""t"":73},{""x"":990,""y"":544,""t"":106},{""x"":1038,""y"":555,""t"":139},{""x"":1075,""y"":579,""t"":174},{""x"":1118,""y"":569,""t"":208},{""x"":1140,""y"":510,""t"":242},{""x"":1140,""y"":523,""t"":276},{""x"":1150,""y"":504,""t"":310},{""x"":1175,""y"":537,""t"":344},{""x"":1190,""y"":541,""t"":379},{""x"":1171,""y"":544,""t"":411},{""x"":1059,""y"":519,""t"":446},{""x"":976,""y"":511,""t"":480},{""x"":921,""y"":532,""t"":512},{""x"":874,""y"":513,""t"":548},{""x"":871,""y"":457,""t"":582},{""x"":827,""y"":542,""t"":616},{""x"":814,""y"":600,""t"":650},{""x"":841,""y"":665,""t"":683},{""x"":866,""y"":660,""t"":718},{""x"":885,""y"":724,""t"":752},{""x"":926,""y"":754,""t"":785},{""x"":934,""y"":738,""t"":820},{""x"":915,""y"":731,""t"":854},{""x"":873,""y"":714,""t"":888},{""x"":846,""y"":688,""t"":920},{""x"":895,""y"":712,""t"":956},{""x"":925,""y"":656,""t"":990},{""x"":928,""y"":614,""t"":1024},{""x"":933,""y"":540,""t"":1058},{""x"":896,""y"":460,""t"":1092},{""x"":835,""y"":390,""t"":1126},{""x"":766,""y"":273,""t"":1160},{""x"":700,""y"":208,""t"":1194},{""x"":666,""y"":153,""t"":1228},{""x"":606,""y"":54,""t"":1261},{""x"":558,""y"":-48,""t"":1296},{""x"":532,""y"":-136,""t"":1330},{""x"":504,""y"":-124,""t"":1364},{""x"":457,""y"":-189,""t"":1397},{""x"":447,""y"":-135,""t"":1432},{""x"":429,""y"":-52,""t"":1466},{""x"":392,""y"":-103,""t"":1500},{""x"":408,""y"":-57,""t"":1534},{""x"":454,""y"":-64,""t"":1568},{""x"":478,""y"":-22,""t"":1601},{""x"":506,""y"":25,""t"":1635},{""x"":563,""y"":25,""t"":1670},{""x"":563,""y"":-8,""t"":1703},{""x"":602,""y"":16,""t"":1738},{""x"":634,""y"":21,""t"":1771},{""x"":651,""y"":35,""t"":1805},{""x"":661,""y"":25,""t"":1839},{""x"":653,""y"":13,""t"":1874},{""x"":677,""y"":14,""t"":1908},{""x"":688,""y"":-15,""t"":1941},{""x"":690,""y"":-51,""t"":1976}]","[{""x"":250,""y"":425,""width"":80,""height"":80,""top"":385,""right"":290,""bottom"":465,""left"":210},{""x"":400,""y"":165.1923788646684,""width"":80,""height"":80,""top"":125.1923788646684,""right"":440,""bottom"":205.1923788646684,""left"":360},{""x"":700,""y"":165.1923788646684,""width"":80,""height"":80,""top"":125.1923788646684,""right"":740,""bottom"":205.1923788646684,""left"":660},{""x"":850,""y"":425,""width"":80,""height"":80,""top"":385,""right"":890,""bottom"":465,""left"":810},{""x"":700,""y"":684.8076211353316,""width"":80,""height"":80,""top"":644.8076211353316,""right"":740,""bottom"":724.8076211353316,""left"":660},{""x"":400,""y"":684.8076211353316,""width"":80,""height"":80,""top"":644.8076211353316,""right"":440,""bottom"":724.8076211353316,""left"":360}]","{""#container"":{""x"":410,""y"":129.390625,""width"":1100,""height"":850,""top"":129.390625,""right"":1510,""bottom"":979.390625,""left"":410}}","[{'blue': 0}, {'red': 3}, {'green': 0}, {'yellow': 7}, {'cyan': 0}, {'purple': 7}]",,yellow
295,,,,682.0,3.0,3.0,"[""red"",""blue"",""green"",""cyan"",""purple"",""yellow""]",purple,True,"[{""x"":747,""y"":89,""t"":4},{""x"":817,""y"":238,""t"":40},{""x"":835,""y"":306,""t"":72},{""x"":910,""y"":423,""t"":105},{""x"":959,""y"":515,""t"":139},{""x"":1020,""y"":566,""t"":175},{""x"":1057,""y"":608,""t"":207},{""x"":1077,""y"":623,""t"":242},{""x"":1057,""y"":628,""t"":276},{""x"":1011,""y"":671,""t"":311},{""x"":926,""y"":622,""t"":345},{""x"":809,""y"":568,""t"":377},{""x"":800,""y"":483,""t"":412},{""x"":745,""y"":489,""t"":447},{""x"":710,""y"":548,""t"":480},{""x"":701,""y"":564,""t"":514},{""x"":716,""y"":624,""t"":547},{""x"":737,""y"":685,""t"":581},{""x"":789,""y"":728,""t"":615},{""x"":843,""y"":741,""t"":650},{""x"":893,""y"":789,""t"":683},{""x"":974,""y"":801,""t"":717},{""x"":1027,""y"":748,""t"":751},{""x"":1080,""y"":755,""t"":785},{""x"":1137,""y"":707,""t"":819},{""x"":1148,""y"":693,""t"":854},{""x"":1134,""y"":704,""t"":888},{""x"":1147,""y"":709,""t"":922},{""x"":1160,""y"":667,""t"":956},{""x"":1147,""y"":641,""t"":991},{""x"":1143,""y"":611,""t"":1024},{""x"":1209,""y"":606,""t"":1057},{""x"":1203,""y"":565,""t"":1091},{""x"":1238,""y"":594,""t"":1125},{""x"":1245,""y"":568,""t"":1160},{""x"":1260,""y"":575,""t"":1194},{""x"":1262,""y"":704,""t"":1229},{""x"":1225,""y"":754,""t"":1261},{""x"":1169,""y"":794,""t"":1297},{""x"":1090,""y"":847,""t"":1330},{""x"":1010,""y"":917,""t"":1363},{""x"":958,""y"":1003,""t"":1398},{""x"":921,""y"":1040,""t"":1431},{""x"":893,""y"":1067,""t"":1463},{""x"":878,""y"":1069,""t"":1500},{""x"":809,""y"":1076,""t"":1534},{""x"":766,""y"":1035,""t"":1567},{""x"":765,""y"":952,""t"":1602},{""x"":752,""y"":854,""t"":1635},{""x"":797,""y"":892,""t"":1669},{""x"":826,""y"":876,""t"":1704},{""x"":869,""y"":817,""t"":1737},{""x"":929,""y"":818,""t"":1772},{""x"":1022,""y"":775,""t"":1805},{""x"":1037,""y"":741,""t"":1840},{""x"":1047,""y"":714,""t"":1872},{""x"":1088,""y"":697,""t"":1907},{""x"":1066,""y"":665,""t"":1942},{""x"":1070,""y"":638,""t"":1976}]","[{""x"":250,""y"":425,""width"":80,""height"":80,""top"":385,""right"":290,""bottom"":465,""left"":210},{""x"":400,""y"":165.1923788646684,""width"":80,""height"":80,""top"":125.1923788646684,""right"":440,""bottom"":205.1923788646684,""left"":360},{""x"":700,""y"":165.1923788646684,""width"":80,""height"":80,""top"":125.1923788646684,""right"":740,""bottom"":205.1923788646684,""left"":660},{""x"":850,""y"":425,""width"":80,""height"":80,""top"":385,""right"":890,""bottom"":465,""left"":810},{""x"":700,""y"":684.8076211353316,""width"":80,""height"":80,""top"":644.8076211353316,""right"":740,""bottom"":724.8076211353316,""left"":660},{""x"":400,""y"":684.8076211353316,""width"":80,""height"":80,""top"":644.8076211353316,""right"":440,""bottom"":724.8076211353316,""left"":360}]","{""#container"":{""x"":410,""y"":129.390625,""width"":1100,""height"":850,""top"":129.390625,""right"":1510,""bottom"":979.390625,""left"":410}}","[{'red': 5}, {'blue': 2}, {'green': 0}, {'cyan': 8}, {'purple': 15}, {'yellow': 10}]",{'purple': 15},purple
296,,,,634.0,1.0,6.0,"[""green"",""blue"",""yellow"",""red"",""cyan"",""purple""]",red_1,False,"[{""x"":1011,""y"":514,""t"":4},{""x"":1014,""y"":424,""t"":38},{""x"":994,""y"":359,""t"":72},{""x"":945,""y"":295,""t"":106},{""x"":962,""y"":265,""t"":140},{""x"":936,""y"":219,""t"":174},{""x"":973,""y"":239,""t"":209},{""x"":962,""y"":183,""t"":242},{""x"":1005,""y"":228,""t"":276},{""x"":963,""y"":281,""t"":310},{""x"":938,""y"":376,""t"":344},{""x"":888,""y"":461,""t"":377},{""x"":869,""y"":536,""t"":411},{""x"":878,""y"":601,""t"":445},{""x"":931,""y"":661,""t"":480},{""x"":999,""y"":709,""t"":513},{""x"":1040,""y"":710,""t"":547},{""x"":1139,""y"":600,""t"":581},{""x"":1196,""y"":581,""t"":617},{""x"":1194,""y"":538,""t"":649},{""x"":1147,""y"":528,""t"":684},{""x"":1105,""y"":520,""t"":715},{""x"":1082,""y"":468,""t"":751},{""x"":1061,""y"":418,""t"":786},{""x"":1092,""y"":410,""t"":820},{""x"":1051,""y"":389,""t"":853},{""x"":1039,""y"":397,""t"":887},{""x"":973,""y"":391,""t"":922},{""x"":903,""y"":384,""t"":956},{""x"":969,""y"":450,""t"":989},{""x"":1022,""y"":423,""t"":1024},{""x"":1058,""y"":462,""t"":1058},{""x"":1098,""y"":434,""t"":1092},{""x"":1142,""y"":464,""t"":1123},{""x"":1171,""y"":440,""t"":1160},{""x"":1180,""y"":515,""t"":1193},{""x"":1196,""y"":535,""t"":1228},{""x"":1212,""y"":505,""t"":1261},{""x"":1211,""y"":462,""t"":1296},{""x"":1223,""y"":430,""t"":1329},{""x"":1228,""y"":442,""t"":1365},{""x"":1215,""y"":433,""t"":1398},{""x"":1226,""y"":503,""t"":1432},{""x"":1211,""y"":553,""t"":1467},{""x"":1225,""y"":553,""t"":1499},{""x"":1250,""y"":626,""t"":1534},{""x"":1241,""y"":760,""t"":1567},{""x"":1224,""y"":839,""t"":1602},{""x"":1186,""y"":835,""t"":1636},{""x"":1170,""y"":822,""t"":1671},{""x"":1118,""y"":906,""t"":1703},{""x"":1029,""y"":975,""t"":1738},{""x"":1009,""y"":950,""t"":1772},{""x"":984,""y"":903,""t"":1807},{""x"":955,""y"":836,""t"":1840},{""x"":952,""y"":829,""t"":1874},{""x"":905,""y"":772,""t"":1907},{""x"":873,""y"":717,""t"":1943},{""x"":886,""y"":725,""t"":1976}]","[{""x"":250,""y"":425,""width"":80,""height"":80,""top"":385,""right"":290,""bottom"":465,""left"":210},{""x"":400,""y"":165.1923788646684,""width"":80,""height"":80,""top"":125.1923788646684,""right"":440,""bottom"":205.1923788646684,""left"":360},{""x"":700,""y"":165.1923788646684,""width"":80,""height"":80,""top"":125.1923788646684,""right"":740,""bottom"":205.1923788646684,""left"":660},{""x"":850,""y"":425,""width"":80,""height"":80,""top"":385,""right"":890,""bottom"":465,""left"":810},{""x"":700,""y"":684.8076211353316,""width"":80,""height"":80,""top"":644.8076211353316,""right"":740,""bottom"":724.8076211353316,""left"":660},{""x"":400,""y"":684.8076211353316,""width"":80,""height"":80,""top"":644.8076211353316,""right"":440,""bottom"":724.8076211353316,""left"":360}]","{""#container"":{""x"":410,""y"":129.390625,""width"":1100,""height"":850,""top"":129.390625,""right"":1510,""bottom"":979.390625,""left"":410}}","[{'green': 0}, {'blue': 3}, {'yellow': 9}, {'red': 17}, {'cyan': 6}, {'purple': 5}]",{'red_1': 17},red_1
297,,,,543.0,9.0,9.0,"[""blue"",""red"",""green"",""cyan"",""yellow"",""purple""]",green_1,True,"[{""x"":858,""y"":632,""t"":5},{""x"":838,""y"":591,""t"":39},{""x"":827,""y"":629,""t"":74},{""x"":834,""y"":640,""t"":106},{""x"":812,""y"":678,""t"":140},{""x"":812,""y"":677,""t"":174},{""x"":814,""y"":664,""t"":207},{""x"":784,""y"":684,""t"":241},{""x"":814,""y"":666,""t"":276},{""x"":810,""y"":685,""t"":309},{""x"":821,""y"":680,""t"":344},{""x"":845,""y"":661,""t"":378},{""x"":799,""y"":688,""t"":411},{""x"":733,""y"":713,""t"":446},{""x"":710,""y"":657,""t"":480},{""x"":692,""y"":650,""t"":516},{""x"":707,""y"":623,""t"":548},{""x"":778,""y"":639,""t"":582},{""x"":886,""y"":617,""t"":616},{""x"":962,""y"":614,""t"":650},{""x"":1005,""y"":569,""t"":683},{""x"":965,""y"":565,""t"":717},{""x"":899,""y"":481,""t"":752},{""x"":803,""y"":403,""t"":786},{""x"":779,""y"":451,""t"":819},{""x"":746,""y"":466,""t"":854},{""x"":764,""y"":541,""t"":888},{""x"":786,""y"":540,""t"":923},{""x"":838,""y"":541,""t"":956},{""x"":883,""y"":542,""t"":988},{""x"":892,""y"":504,""t"":1024},{""x"":959,""y"":524,""t"":1058},{""x"":971,""y"":516,""t"":1092},{""x"":994,""y"":485,""t"":1126},{""x"":1012,""y"":461,""t"":1160},{""x"":1024,""y"":435,""t"":1195},{""x"":1045,""y"":427,""t"":1228},{""x"":1129,""y"":419,""t"":1262},{""x"":1228,""y"":397,""t"":1296},{""x"":1294,""y"":361,""t"":1329},{""x"":1366,""y"":344,""t"":1364},{""x"":1423,""y"":313,""t"":1396},{""x"":1434,""y"":321,""t"":1431},{""x"":1283,""y"":316,""t"":1467},{""x"":1137,""y"":290,""t"":1500},{""x"":1087,""y"":354,""t"":1534},{""x"":1124,""y"":410,""t"":1568},{""x"":1133,""y"":386,""t"":1601},{""x"":1252,""y"":215,""t"":1636},{""x"":1316,""y"":148,""t"":1670},{""x"":1411,""y"":125,""t"":1703},{""x"":1535,""y"":28,""t"":1738},{""x"":1552,""y"":-58,""t"":1772},{""x"":1548,""y"":-123,""t"":1806},{""x"":1519,""y"":-200,""t"":1840},{""x"":1528,""y"":-120,""t"":1873},{""x"":1429,""y"":56,""t"":1908},{""x"":1341,""y"":171,""t"":1942},{""x"":1321,""y"":278,""t"":1975}]","[{""x"":250,""y"":425,""width"":80,""height"":80,""top"":385,""right"":290,""bottom"":465,""left"":210},{""x"":400,""y"":165.1923788646684,""width"":80,""height"":80,""top"":125.1923788646684,""right"":440,""bottom"":205.1923788646684,""left"":360},{""x"":700,""y"":165.1923788646684,""width"":80,""height"":80,""top"":125.1923788646684,""right"":740,""bottom"":205.1923788646684,""left"":660},{""x"":850,""y"":425,""width"":80,""height"":80,""top"":385,""right"":890,""bottom"":465,""left"":810},{""x"":700,""y"":684.8076211353316,""width"":80,""height"":80,""top"":644.8076211353316,""right"":740,""bottom"":724.8076211353316,""left"":660},{""x"":400,""y"":684.8076211353316,""width"":80,""height"":80,""top"":644.8076211353316,""right"":440,""bottom"":724.8076211353316,""left"":360}]","{""#container"":{""x"":410,""y"":129.390625,""width"":1100,""height"":850,""top"":129.390625,""right"":1510,""bottom"":979.390625,""left"":410}}","[{'blue': 7}, {'red': 1}, {'green': 6}, {'cyan': 0}, {'yellow': 0}, {'purple': 8}]",{'green_1': 6},purple
298,,,,611.0,1.0,1.0,"[""purple"",""yellow"",""green"",""cyan"",""blue"",""red""]",red_1,True,"[{""x"":1122,""y"":241,""t"":4},{""x"":1046,""y"":301,""t"":47},{""x"":918,""y"":298,""t"":73},{""x"":840,""y"":312,""t"":106},{""x"":786,""y"":345,""t"":139},{""x"":714,""y"":298,""t"":174},{""x"":653,""y"":249,""t"":208},{""x"":598,""y"":257,""t"":242},{""x"":540,""y"":236,""t"":275},{""x"":490,""y"":213,""t"":310},{""x"":444,""y"":286,""t"":344},{""x"":391,""y"":401,""t"":378},{""x"":395,""y"":478,""t"":412},{""x"":401,""y"":527,""t"":446},{""x"":430,""y"":535,""t"":479},{""x"":491,""y"":534,""t"":513},{""x"":540,""y"":560,""t"":548},{""x"":581,""y"":605,""t"":582},{""x"":660,""y"":652,""t"":615},{""x"":753,""y"":641,""t"":650},{""x"":808,""y"":694,""t"":684},{""x"":863,""y"":695,""t"":718},{""x"":929,""y"":686,""t"":752},{""x"":968,""y"":678,""t"":786},{""x"":978,""y"":706,""t"":820},{""x"":1022,""y"":667,""t"":854},{""x"":1068,""y"":627,""t"":888},{""x"":1133,""y"":627,""t"":922},{""x"":1168,""y"":612,""t"":956},{""x"":1194,""y"":628,""t"":989},{""x"":1189,""y"":604,""t"":1023},{""x"":1218,""y"":621,""t"":1058},{""x"":1206,""y"":618,""t"":1092},{""x"":1193,""y"":576,""t"":1127},{""x"":1204,""y"":527,""t"":1161},{""x"":1180,""y"":515,""t"":1191},{""x"":1128,""y"":466,""t"":1228},{""x"":1113,""y"":451,""t"":1262},{""x"":1076,""y"":374,""t"":1296},{""x"":1087,""y"":350,""t"":1331},{""x"":1068,""y"":329,""t"":1363},{""x"":1030,""y"":291,""t"":1399},{""x"":1037,""y"":264,""t"":1432},{""x"":1082,""y"":317,""t"":1466},{""x"":1081,""y"":370,""t"":1499},{""x"":1068,""y"":389,""t"":1534},{""x"":1110,""y"":390,""t"":1567},{""x"":1090,""y"":385,""t"":1599},{""x"":1083,""y"":413,""t"":1635},{""x"":1089,""y"":438,""t"":1671},{""x"":1112,""y"":439,""t"":1704},{""x"":1087,""y"":423,""t"":1738},{""x"":1036,""y"":446,""t"":1772},{""x"":1016,""y"":491,""t"":1806},{""x"":1014,""y"":533,""t"":1840},{""x"":990,""y"":531,""t"":1874},{""x"":996,""y"":523,""t"":1908},{""x"":992,""y"":572,""t"":1942},{""x"":915,""y"":577,""t"":1976}]","[{""x"":250,""y"":425,""width"":80,""height"":80,""top"":385,""right"":290,""bottom"":465,""left"":210},{""x"":400,""y"":165.1923788646684,""width"":80,""height"":80,""top"":125.1923788646684,""right"":440,""bottom"":205.1923788646684,""left"":360},{""x"":700,""y"":165.1923788646684,""width"":80,""height"":80,""top"":125.1923788646684,""right"":740,""bottom"":205.1923788646684,""left"":660},{""x"":850,""y"":425,""width"":80,""height"":80,""top"":385,""right"":890,""bottom"":465,""left"":810},{""x"":700,""y"":684.8076211353316,""width"":80,""height"":80,""top"":644.8076211353316,""right"":740,""bottom"":724.8076211353316,""left"":660},{""x"":400,""y"":684.8076211353316,""width"":80,""height"":80,""top"":644.8076211353316,""right"":440,""bottom"":724.8076211353316,""left"":360}]","{""#container"":{""x"":410,""y"":129.390625,""width"":1100,""height"":850,""top"":129.390625,""right"":1510,""bottom"":979.390625,""left"":410}}","[{'purple': 4}, {'yellow': 4}, {'green': 16}, {'cyan': 9}, {'blue': 0}, {'red': 2}]",{'red_1': 2},green
299,,,,737.0,7.0,7.0,"[""red"",""green"",""blue"",""yellow"",""purple"",""cyan""]",green,True,"[{""x"":899,""y"":539,""t"":4},{""x"":914,""y"":523,""t"":38},{""x"":912,""y"":525,""t"":72},{""x"":939,""y"":512,""t"":103},{""x"":967,""y"":528,""t"":141},{""x"":988,""y"":559,""t"":174},{""x"":993,""y"":523,""t"":208},{""x"":983,""y"":513,""t"":242},{""x"":991,""y"":506,""t"":276},{""x"":1011,""y"":471,""t"":309},{""x"":1020,""y"":556,""t"":343},{""x"":983,""y"":557,""t"":378},{""x"":957,""y"":517,""t"":412},{""x"":922,""y"":541,""t"":446},{""x"":898,""y"":623,""t"":480},{""x"":894,""y"":703,""t"":513},{""x"":941,""y"":657,""t"":548},{""x"":970,""y"":588,""t"":581},{""x"":1027,""y"":610,""t"":615},{""x"":1060,""y"":596,""t"":650},{""x"":1080,""y"":589,""t"":685},{""x"":1126,""y"":597,""t"":717},{""x"":1173,""y"":600,""t"":752},{""x"":1266,""y"":586,""t"":786},{""x"":1276,""y"":553,""t"":820},{""x"":1250,""y"":540,""t"":853},{""x"":1250,""y"":493,""t"":888},{""x"":1212,""y"":443,""t"":922},{""x"":1211,""y"":451,""t"":956},{""x"":1165,""y"":496,""t"":990},{""x"":1128,""y"":530,""t"":1025},{""x"":1067,""y"":562,""t"":1057},{""x"":1056,""y"":558,""t"":1091},{""x"":988,""y"":560,""t"":1126},{""x"":979,""y"":591,""t"":1160},{""x"":963,""y"":615,""t"":1193},{""x"":970,""y"":644,""t"":1229},{""x"":976,""y"":648,""t"":1262},{""x"":982,""y"":650,""t"":1295},{""x"":1013,""y"":669,""t"":1330},{""x"":1059,""y"":610,""t"":1363},{""x"":1114,""y"":592,""t"":1398},{""x"":1163,""y"":574,""t"":1432},{""x"":1184,""y"":546,""t"":1466},{""x"":1113,""y"":492,""t"":1500},{""x"":1088,""y"":446,""t"":1534},{""x"":1051,""y"":429,""t"":1568},{""x"":988,""y"":455,""t"":1602},{""x"":941,""y"":455,""t"":1636},{""x"":856,""y"":446,""t"":1669},{""x"":840,""y"":424,""t"":1702},{""x"":823,""y"":417,""t"":1738},{""x"":787,""y"":455,""t"":1772},{""x"":778,""y"":514,""t"":1806},{""x"":812,""y"":570,""t"":1839},{""x"":855,""y"":603,""t"":1874},{""x"":923,""y"":600,""t"":1908},{""x"":954,""y"":577,""t"":1942},{""x"":1008,""y"":554,""t"":1976}]","[{""x"":250,""y"":425,""width"":80,""height"":80,""top"":385,""right"":290,""bottom"":465,""left"":210},{""x"":400,""y"":165.1923788646684,""width"":80,""height"":80,""top"":125.1923788646684,""right"":440,""bottom"":205.1923788646684,""left"":360},{""x"":700,""y"":165.1923788646684,""width"":80,""height"":80,""top"":125.1923788646684,""right"":740,""bottom"":205.1923788646684,""left"":660},{""x"":850,""y"":425,""width"":80,""height"":80,""top"":385,""right"":890,""bottom"":465,""left"":810},{""x"":700,""y"":684.8076211353316,""width"":80,""height"":80,""top"":644.8076211353316,""right"":740,""bottom"":724.8076211353316,""left"":660},{""x"":400,""y"":684.8076211353316,""width"":80,""height"":80,""top"":644.8076211353316,""right"":440,""bottom"":724.8076211353316,""left"":360}]","{""#container"":{""x"":410,""y"":129.390625,""width"":1100,""height"":850,""top"":129.390625,""right"":1510,""bottom"":979.390625,""left"":410}}","[{'red': 1}, {'green': 2}, {'blue': 1}, {'yellow': 12}, {'purple': 0}, {'cyan': 1}]",{'green': 2},yellow
300,,,,852.0,4.0,1.0,"[""red"",""cyan"",""green"",""yellow"",""blue"",""purple""]",purple,False,"[{""x"":1036,""y"":525,""t"":3},{""x"":1121,""y"":537,""t"":37},{""x"":1091,""y"":494,""t"":72},{""x"":1063,""y"":457,""t"":104},{""x"":1066,""y"":472,""t"":140},{""x"":1046,""y"":457,""t"":174},{""x"":1039,""y"":479,""t"":208},{""x"":1041,""y"":449,""t"":241},{""x"":1023,""y"":450,""t"":276},{""x"":1023,""y"":441,""t"":309},{""x"":1022,""y"":436,""t"":344},{""x"":1022,""y"":502,""t"":378},{""x"":1027,""y"":507,""t"":412},{""x"":945,""y"":427,""t"":446},{""x"":930,""y"":437,""t"":480},{""x"":924,""y"":509,""t"":512},{""x"":933,""y"":579,""t"":549},{""x"":949,""y"":625,""t"":581},{""x"":989,""y"":673,""t"":616},{""x"":1011,""y"":733,""t"":651},{""x"":1076,""y"":723,""t"":683},{""x"":1138,""y"":748,""t"":717},{""x"":1190,""y"":715,""t"":751},{""x"":1239,""y"":680,""t"":786},{""x"":1255,""y"":627,""t"":820},{""x"":1295,""y"":579,""t"":854},{""x"":1228,""y"":603,""t"":889},{""x"":1213,""y"":598,""t"":922},{""x"":1240,""y"":581,""t"":957},{""x"":1234,""y"":570,""t"":990},{""x"":1232,""y"":607,""t"":1024},{""x"":1259,""y"":539,""t"":1058},{""x"":1262,""y"":521,""t"":1092},{""x"":1237,""y"":441,""t"":1126},{""x"":1207,""y"":449,""t"":1160},{""x"":1160,""y"":419,""t"":1195},{""x"":1155,""y"":416,""t"":1228},{""x"":1167,""y"":349,""t"":1262},{""x"":1158,""y"":341,""t"":1296},{""x"":1134,""y"":363,""t"":1330},{""x"":1051,""y"":328,""t"":1363},{""x"":1025,""y"":317,""t"":1398},{""x"":976,""y"":275,""t"":1432},{""x"":979,""y"":255,""t"":1466},{""x"":977,""y"":246,""t"":1501},{""x"":960,""y"":264,""t"":1534},{""x"":913,""y"":255,""t"":1568},{""x"":925,""y"":249,""t"":1602},{""x"":886,""y"":379,""t"":1636},{""x"":847,""y"":407,""t"":1669},{""x"":780,""y"":458,""t"":1704},{""x"":756,""y"":465,""t"":1738},{""x"":767,""y"":516,""t"":1772},{""x"":847,""y"":593,""t"":1805},{""x"":908,""y"":651,""t"":1840},{""x"":964,""y"":688,""t"":1875},{""x"":1042,""y"":666,""t"":1908},{""x"":1094,""y"":685,""t"":1941},{""x"":1172,""y"":570,""t"":1975}]","[{""x"":250,""y"":425,""width"":80,""height"":80,""top"":385,""right"":290,""bottom"":465,""left"":210},{""x"":400,""y"":165.1923788646684,""width"":80,""height"":80,""top"":125.1923788646684,""right"":440,""bottom"":205.1923788646684,""left"":360},{""x"":700,""y"":165.1923788646684,""width"":80,""height"":80,""top"":125.1923788646684,""right"":740,""bottom"":205.1923788646684,""left"":660},{""x"":850,""y"":425,""width"":80,""height"":80,""top"":385,""right"":890,""bottom"":465,""left"":810},{""x"":700,""y"":684.8076211353316,""width"":80,""height"":80,""top"":644.8076211353316,""right"":740,""bottom"":724.8076211353316,""left"":660},{""x"":400,""y"":684.8076211353316,""width"":80,""height"":80,""top"":644.8076211353316,""right"":440,""bottom"":724.8076211353316,""left"":360}]","{""#container"":{""x"":410,""y"":129.390625,""width"":1100,""height"":850,""top"":129.390625,""right"":1510,""bottom"":979.390625,""left"":410}}","[{'red': 2}, {'cyan': 4}, {'green': 10}, {'yellow': 14}, {'blue': 5}, {'purple': 0}]",,yellow
301,,,,517.0,3.0,3.0,"[""yellow"",""blue"",""green"",""cyan"",""red"",""purple""]",red_1,True,"[{""x"":1085,""y"":554,""t"":4},{""x"":1014,""y"":574,""t"":43},{""x"":928,""y"":532,""t"":73},{""x"":894,""y"":529,""t"":106},{""x"":858,""y"":500,""t"":139},{""x"":738,""y"":432,""t"":174},{""x"":716,""y"":383,""t"":207},{""x"":702,""y"":356,""t"":242},{""x"":649,""y"":334,""t"":276},{""x"":626,""y"":328,""t"":310},{""x"":626,""y"":283,""t"":344},{""x"":645,""y"":280,""t"":378},{""x"":663,""y"":313,""t"":412},{""x"":680,""y"":305,""t"":446},{""x"":713,""y"":316,""t"":480},{""x"":751,""y"":336,""t"":513},{""x"":730,""y"":343,""t"":547},{""x"":674,""y"":264,""t"":582},{""x"":634,""y"":216,""t"":616},{""x"":604,""y"":250,""t"":650},{""x"":583,""y"":257,""t"":683},{""x"":555,""y"":273,""t"":717},{""x"":564,""y"":308,""t"":752},{""x"":588,""y"":353,""t"":785},{""x"":562,""y"":370,""t"":820},{""x"":580,""y"":399,""t"":854},{""x"":618,""y"":399,""t"":887},{""x"":656,""y"":380,""t"":921},{""x"":734,""y"":407,""t"":956},{""x"":793,""y"":413,""t"":991},{""x"":988,""y"":451,""t"":1023},{""x"":1048,""y"":392,""t"":1058},{""x"":1067,""y"":351,""t"":1091},{""x"":1077,""y"":530,""t"":1126},{""x"":1065,""y"":684,""t"":1159},{""x"":1071,""y"":769,""t"":1193},{""x"":1024,""y"":818,""t"":1227},{""x"":965,""y"":947,""t"":1262},{""x"":967,""y"":1005,""t"":1295},{""x"":984,""y"":1060,""t"":1330},{""x"":997,""y"":1100,""t"":1361},{""x"":996,""y"":1108,""t"":1397},{""x"":995,""y"":1092,""t"":1432},{""x"":1006,""y"":1065,""t"":1465},{""x"":940,""y"":1037,""t"":1499},{""x"":882,""y"":885,""t"":1533},{""x"":857,""y"":798,""t"":1569},{""x"":850,""y"":693,""t"":1602},{""x"":834,""y"":562,""t"":1635},{""x"":863,""y"":530,""t"":1670},{""x"":878,""y"":501,""t"":1705},{""x"":903,""y"":483,""t"":1738},{""x"":882,""y"":424,""t"":1771},{""x"":852,""y"":413,""t"":1805},{""x"":796,""y"":388,""t"":1839},{""x"":783,""y"":331,""t"":1874},{""x"":787,""y"":384,""t"":1907},{""x"":804,""y"":378,""t"":1943},{""x"":802,""y"":382,""t"":1976}]","[{""x"":250,""y"":425,""width"":80,""height"":80,""top"":385,""right"":290,""bottom"":465,""left"":210},{""x"":400,""y"":165.1923788646684,""width"":80,""height"":80,""top"":125.1923788646684,""right"":440,""bottom"":205.1923788646684,""left"":360},{""x"":700,""y"":165.1923788646684,""width"":80,""height"":80,""top"":125.1923788646684,""right"":740,""bottom"":205.1923788646684,""left"":660},{""x"":850,""y"":425,""width"":80,""height"":80,""top"":385,""right"":890,""bottom"":465,""left"":810},{""x"":700,""y"":684.8076211353316,""width"":80,""height"":80,""top"":644.8076211353316,""right"":740,""bottom"":724.8076211353316,""left"":660},{""x"":400,""y"":684.8076211353316,""width"":80,""height"":80,""top"":644.8076211353316,""right"":440,""bottom"":724.8076211353316,""left"":360}]","{""#container"":{""x"":410,""y"":129.390625,""width"":1100,""height"":850,""top"":129.390625,""right"":1510,""bottom"":979.390625,""left"":410}}","[{'yellow': 1}, {'blue': 17}, {'green': 2}, {'cyan': 0}, {'red': 3}, {'purple': 3}]",{'red_1': 3},blue
302,,,,550.0,7.0,7.0,"[""purple"",""blue"",""yellow"",""green"",""red"",""cyan""]",blue,True,"[{""x"":801,""y"":476,""t"":5},{""x"":802,""y"":504,""t"":38},{""x"":822,""y"":538,""t"":73},{""x"":873,""y"":592,""t"":107},{""x"":913,""y"":579,""t"":140},{""x"":964,""y"":575,""t"":175},{""x"":1010,""y"":579,""t"":208},{""x"":1037,""y"":635,""t"":242},{""x"":1066,""y"":612,""t"":276},{""x"":1104,""y"":612,""t"":311},{""x"":1105,""y"":646,""t"":345},{""x"":1074,""y"":584,""t"":378},{""x"":1023,""y"":574,""t"":412},{""x"":971,""y"":569,""t"":445},{""x"":877,""y"":498,""t"":480},{""x"":872,""y"":483,""t"":515},{""x"":804,""y"":545,""t"":549},{""x"":784,""y"":609,""t"":582},{""x"":779,""y"":639,""t"":616},{""x"":798,""y"":660,""t"":650},{""x"":823,""y"":634,""t"":684},{""x"":857,""y"":619,""t"":717},{""x"":933,""y"":600,""t"":752},{""x"":992,""y"":529,""t"":785},{""x"":1053,""y"":522,""t"":820},{""x"":1126,""y"":509,""t"":854},{""x"":1190,""y"":516,""t"":888},{""x"":1216,""y"":539,""t"":922},{""x"":1247,""y"":543,""t"":956},{""x"":1217,""y"":569,""t"":990},{""x"":1162,""y"":538,""t"":1025},{""x"":1167,""y"":587,""t"":1057},{""x"":1084,""y"":670,""t"":1091},{""x"":1065,""y"":701,""t"":1126},{""x"":988,""y"":782,""t"":1158},{""x"":1008,""y"":811,""t"":1193},{""x"":1047,""y"":829,""t"":1227},{""x"":1047,""y"":804,""t"":1262},{""x"":1095,""y"":801,""t"":1296},{""x"":1076,""y"":961,""t"":1329},{""x"":1038,""y"":1090,""t"":1364},{""x"":987,""y"":1047,""t"":1397},{""x"":949,""y"":1035,""t"":1431},{""x"":896,""y"":991,""t"":1467},{""x"":859,""y"":964,""t"":1499},{""x"":789,""y"":835,""t"":1533},{""x"":791,""y"":760,""t"":1566},{""x"":780,""y"":666,""t"":1601},{""x"":813,""y"":677,""t"":1637},{""x"":851,""y"":638,""t"":1670},{""x"":883,""y"":604,""t"":1704},{""x"":886,""y"":621,""t"":1738},{""x"":865,""y"":609,""t"":1772},{""x"":820,""y"":524,""t"":1805},{""x"":784,""y"":532,""t"":1840},{""x"":776,""y"":533,""t"":1875},{""x"":794,""y"":556,""t"":1908},{""x"":830,""y"":592,""t"":1942},{""x"":865,""y"":608,""t"":1976}]","[{""x"":250,""y"":425,""width"":80,""height"":80,""top"":385,""right"":290,""bottom"":465,""left"":210},{""x"":400,""y"":165.1923788646684,""width"":80,""height"":80,""top"":125.1923788646684,""right"":440,""bottom"":205.1923788646684,""left"":360},{""x"":700,""y"":165.1923788646684,""width"":80,""height"":80,""top"":125.1923788646684,""right"":740,""bottom"":205.1923788646684,""left"":660},{""x"":850,""y"":425,""width"":80,""height"":80,""top"":385,""right"":890,""bottom"":465,""left"":810},{""x"":700,""y"":684.8076211353316,""width"":80,""height"":80,""top"":644.8076211353316,""right"":740,""bottom"":724.8076211353316,""left"":660},{""x"":400,""y"":684.8076211353316,""width"":80,""height"":80,""top"":644.8076211353316,""right"":440,""bottom"":724.8076211353316,""left"":360}]","{""#container"":{""x"":410,""y"":129.390625,""width"":1100,""height"":850,""top"":129.390625,""right"":1510,""bottom"":979.390625,""left"":410}}","[{'purple': 6}, {'blue': 0}, {'yellow': 0}, {'green': 7}, {'red': 7}, {'cyan': 3}]",,green
303,,,,1015.0,6.0,6.0,"[""purple"",""blue"",""cyan"",""yellow"",""red"",""green""]",yellow,True,"[{""x"":895,""y"":557,""t"":4},{""x"":894,""y"":587,""t"":40},{""x"":912,""y"":515,""t"":72},{""x"":978,""y"":506,""t"":105},{""x"":998,""y"":470,""t"":140},{""x"":1032,""y"":438,""t"":173},{""x"":1059,""y"":452,""t"":208},{""x"":1054,""y"":423,""t"":242},{""x"":1048,""y"":392,""t"":275},{""x"":1040,""y"":466,""t"":310},{""x"":997,""y"":460,""t"":345},{""x"":935,""y"":464,""t"":378},{""x"":911,""y"":479,""t"":412},{""x"":864,""y"":520,""t"":446},{""x"":855,""y"":584,""t"":481},{""x"":878,""y"":634,""t"":514},{""x"":874,""y"":613,""t"":548},{""x"":862,""y"":586,""t"":581},{""x"":891,""y"":593,""t"":615},{""x"":919,""y"":593,""t"":650},{""x"":875,""y"":644,""t"":683},{""x"":835,""y"":664,""t"":717},{""x"":774,""y"":634,""t"":751},{""x"":728,""y"":650,""t"":786},{""x"":782,""y"":717,""t"":820},{""x"":829,""y"":779,""t"":854},{""x"":889,""y"":836,""t"":888},{""x"":953,""y"":817,""t"":922},{""x"":1006,""y"":798,""t"":953},{""x"":1018,""y"":771,""t"":990},{""x"":962,""y"":812,""t"":1024},{""x"":944,""y"":867,""t"":1057},{""x"":920,""y"":884,""t"":1092},{""x"":870,""y"":890,""t"":1126},{""x"":817,""y"":900,""t"":1160},{""x"":829,""y"":872,""t"":1195},{""x"":845,""y"":858,""t"":1228},{""x"":851,""y"":853,""t"":1261},{""x"":907,""y"":825,""t"":1295},{""x"":972,""y"":792,""t"":1330},{""x"":1027,""y"":751,""t"":1364},{""x"":1074,""y"":724,""t"":1398},{""x"":1102,""y"":735,""t"":1432},{""x"":1142,""y"":717,""t"":1465},{""x"":1150,""y"":707,""t"":1500},{""x"":1176,""y"":685,""t"":1534},{""x"":1192,""y"":678,""t"":1567},{""x"":1174,""y"":646,""t"":1602},{""x"":1146,""y"":629,""t"":1636},{""x"":1120,""y"":564,""t"":1670},{""x"":1109,""y"":563,""t"":1703},{""x"":1035,""y"":562,""t"":1738},{""x"":1028,""y"":540,""t"":1772},{""x"":1023,""y"":538,""t"":1806},{""x"":1025,""y"":520,""t"":1839},{""x"":1002,""y"":529,""t"":1875},{""x"":980,""y"":541,""t"":1908},{""x"":1015,""y"":551,""t"":1942},{""x"":1042,""y"":551,""t"":1975}]","[{""x"":250,""y"":425,""width"":80,""height"":80,""top"":385,""right"":290,""bottom"":465,""left"":210},{""x"":400,""y"":165.1923788646684,""width"":80,""height"":80,""top"":125.1923788646684,""right"":440,""bottom"":205.1923788646684,""left"":360},{""x"":700,""y"":165.1923788646684,""width"":80,""height"":80,""top"":125.1923788646684,""right"":740,""bottom"":205.1923788646684,""left"":660},{""x"":850,""y"":425,""width"":80,""height"":80,""top"":385,""right"":890,""bottom"":465,""left"":810},{""x"":700,""y"":684.8076211353316,""width"":80,""height"":80,""top"":644.8076211353316,""right"":740,""bottom"":724.8076211353316,""left"":660},{""x"":400,""y"":684.8076211353316,""width"":80,""height"":80,""top"":644.8076211353316,""right"":440,""bottom"":724.8076211353316,""left"":360}]","{""#container"":{""x"":410,""y"":129.390625,""width"":1100,""height"":850,""top"":129.390625,""right"":1510,""bottom"":979.390625,""left"":410}}","[{'purple': 2}, {'blue': 0}, {'cyan': 2}, {'yellow': 4}, {'red': 10}, {'green': 12}]",{'yellow': 4},green
304,,,,703.0,4.0,7.0,"[""red"",""purple"",""yellow"",""blue"",""green"",""cyan""]",purple_1,False,"[{""x"":1007,""y"":646,""t"":4},{""x"":1026,""y"":635,""t"":45},{""x"":1102,""y"":667,""t"":72},{""x"":1108,""y"":641,""t"":106},{""x"":1123,""y"":670,""t"":140},{""x"":1093,""y"":669,""t"":174},{""x"":1125,""y"":680,""t"":209},{""x"":1108,""y"":626,""t"":242},{""x"":1113,""y"":636,""t"":276},{""x"":1117,""y"":619,""t"":311},{""x"":1111,""y"":621,""t"":344},{""x"":1088,""y"":533,""t"":378},{""x"":1082,""y"":528,""t"":412},{""x"":1071,""y"":497,""t"":446},{""x"":1085,""y"":521,""t"":480},{""x"":1062,""y"":508,""t"":514},{""x"":1091,""y"":510,""t"":548},{""x"":1105,""y"":528,""t"":581},{""x"":1092,""y"":558,""t"":616},{""x"":1080,""y"":549,""t"":651},{""x"":1099,""y"":508,""t"":682},{""x"":1131,""y"":568,""t"":718},{""x"":1127,""y"":572,""t"":751},{""x"":1036,""y"":638,""t"":786},{""x"":984,""y"":644,""t"":820},{""x"":938,""y"":673,""t"":853},{""x"":906,""y"":625,""t"":888},{""x"":867,""y"":654,""t"":922},{""x"":840,""y"":627,""t"":955},{""x"":882,""y"":593,""t"":990},{""x"":946,""y"":570,""t"":1024},{""x"":982,""y"":565,""t"":1058},{""x"":1004,""y"":544,""t"":1091},{""x"":1025,""y"":554,""t"":1126},{""x"":1033,""y"":583,""t"":1159},{""x"":1068,""y"":591,""t"":1194},{""x"":1095,""y"":621,""t"":1228},{""x"":1128,""y"":628,""t"":1262},{""x"":1095,""y"":639,""t"":1296},{""x"":1127,""y"":666,""t"":1331},{""x"":1128,""y"":685,""t"":1365},{""x"":1103,""y"":674,""t"":1398},{""x"":1050,""y"":658,""t"":1432},{""x"":1013,""y"":619,""t"":1466},{""x"":1012,""y"":560,""t"":1501},{""x"":1004,""y"":547,""t"":1534},{""x"":1025,""y"":536,""t"":1568},{""x"":1034,""y"":462,""t"":1602},{""x"":1038,""y"":515,""t"":1636},{""x"":1061,""y"":523,""t"":1670},{""x"":1067,""y"":512,""t"":1704},{""x"":1048,""y"":535,""t"":1738},{""x"":1083,""y"":544,""t"":1772},{""x"":1089,""y"":504,""t"":1806},{""x"":1109,""y"":488,""t"":1840},{""x"":1048,""y"":477,""t"":1874},{""x"":1038,""y"":519,""t"":1908},{""x"":981,""y"":507,""t"":1942},{""x"":981,""y"":547,""t"":1975}]","[{""x"":250,""y"":425,""width"":80,""height"":80,""top"":385,""right"":290,""bottom"":465,""left"":210},{""x"":400,""y"":165.1923788646684,""width"":80,""height"":80,""top"":125.1923788646684,""right"":440,""bottom"":205.1923788646684,""left"":360},{""x"":700,""y"":165.1923788646684,""width"":80,""height"":80,""top"":125.1923788646684,""right"":740,""bottom"":205.1923788646684,""left"":660},{""x"":850,""y"":425,""width"":80,""height"":80,""top"":385,""right"":890,""bottom"":465,""left"":810},{""x"":700,""y"":684.8076211353316,""width"":80,""height"":80,""top"":644.8076211353316,""right"":740,""bottom"":724.8076211353316,""left"":660},{""x"":400,""y"":684.8076211353316,""width"":80,""height"":80,""top"":644.8076211353316,""right"":440,""bottom"":724.8076211353316,""left"":360}]","{""#container"":{""x"":410,""y"":129.390625,""width"":1100,""height"":850,""top"":129.390625,""right"":1510,""bottom"":979.390625,""left"":410}}","[{'red': 0}, {'purple': 0}, {'yellow': 0}, {'blue': 2}, {'green': 7}, {'cyan': 0}]",,green
305,,,,919.0,1.0,1.0,"[""purple"",""yellow"",""red"",""cyan"",""blue"",""green""]",green_1,True,"[{""x"":967,""y"":531,""t"":5},{""x"":947,""y"":571,""t"":38},{""x"":954,""y"":606,""t"":73},{""x"":946,""y"":610,""t"":106},{""x"":928,""y"":589,""t"":140},{""x"":933,""y"":592,""t"":174},{""x"":932,""y"":591,""t"":208},{""x"":934,""y"":607,""t"":242},{""x"":925,""y"":623,""t"":276},{""x"":923,""y"":625,""t"":310},{""x"":871,""y"":611,""t"":344},{""x"":843,""y"":593,""t"":378},{""x"":817,""y"":575,""t"":411},{""x"":778,""y"":622,""t"":446},{""x"":794,""y"":644,""t"":481},{""x"":812,""y"":703,""t"":513},{""x"":915,""y"":731,""t"":548},{""x"":953,""y"":766,""t"":581},{""x"":981,""y"":843,""t"":615},{""x"":1023,""y"":863,""t"":650},{""x"":1066,""y"":881,""t"":683},{""x"":1092,""y"":868,""t"":718},{""x"":1098,""y"":821,""t"":752},{""x"":1116,""y"":810,""t"":785},{""x"":1128,""y"":808,""t"":820},{""x"":1152,""y"":813,""t"":854},{""x"":1174,""y"":815,""t"":885},{""x"":1179,""y"":806,""t"":922},{""x"":1197,""y"":739,""t"":956},{""x"":1157,""y"":705,""t"":990},{""x"":1098,""y"":701,""t"":1023},{""x"":1033,""y"":683,""t"":1057},{""x"":1022,""y"":642,""t"":1093},{""x"":1003,""y"":678,""t"":1125},{""x"":961,""y"":676,""t"":1160},{""x"":957,""y"":635,""t"":1193},{""x"":910,""y"":649,""t"":1227},{""x"":912,""y"":669,""t"":1261},{""x"":919,""y"":650,""t"":1293},{""x"":940,""y"":630,""t"":1329},{""x"":956,""y"":628,""t"":1365},{""x"":994,""y"":616,""t"":1398},{""x"":1004,""y"":638,""t"":1432},{""x"":1017,""y"":656,""t"":1465},{""x"":1005,""y"":634,""t"":1500},{""x"":928,""y"":545,""t"":1534},{""x"":901,""y"":503,""t"":1567},{""x"":910,""y"":499,""t"":1602},{""x"":895,""y"":543,""t"":1636},{""x"":913,""y"":594,""t"":1670},{""x"":896,""y"":602,""t"":1703},{""x"":890,""y"":589,""t"":1738},{""x"":901,""y"":593,""t"":1771},{""x"":910,""y"":553,""t"":1806},{""x"":912,""y"":523,""t"":1840},{""x"":923,""y"":511,""t"":1874},{""x"":924,""y"":498,""t"":1908},{""x"":933,""y"":484,""t"":1942},{""x"":941,""y"":473,""t"":1976}]","[{""x"":250,""y"":425,""width"":80,""height"":80,""top"":385,""right"":290,""bottom"":465,""left"":210},{""x"":400,""y"":165.1923788646684,""width"":80,""height"":80,""top"":125.1923788646684,""right"":440,""bottom"":205.1923788646684,""left"":360},{""x"":700,""y"":165.1923788646684,""width"":80,""height"":80,""top"":125.1923788646684,""right"":740,""bottom"":205.1923788646684,""left"":660},{""x"":850,""y"":425,""width"":80,""height"":80,""top"":385,""right"":890,""bottom"":465,""left"":810},{""x"":700,""y"":684.8076211353316,""width"":80,""height"":80,""top"":644.8076211353316,""right"":740,""bottom"":724.8076211353316,""left"":660},{""x"":400,""y"":684.8076211353316,""width"":80,""height"":80,""top"":644.8076211353316,""right"":440,""bottom"":724.8076211353316,""left"":360}]","{""#container"":{""x"":410,""y"":129.390625,""width"":1100,""height"":850,""top"":129.390625,""right"":1510,""bottom"":979.390625,""left"":410}}","[{'purple': 1}, {'yellow': 0}, {'red': 0}, {'cyan': 0}, {'blue': 13}, {'green': 2}]",{'green_1': 2},blue
306,,,,553.0,3.0,1.0,"[""green"",""yellow"",""cyan"",""blue"",""red"",""purple""]",purple_1,False,"[{""x"":895,""y"":502,""t"":5},{""x"":861,""y"":524,""t"":38},{""x"":879,""y"":573,""t"":72},{""x"":890,""y"":621,""t"":106},{""x"":892,""y"":668,""t"":140},{""x"":899,""y"":693,""t"":174},{""x"":913,""y"":690,""t"":208},{""x"":924,""y"":705,""t"":241},{""x"":924,""y"":729,""t"":275},{""x"":924,""y"":747,""t"":308},{""x"":942,""y"":730,""t"":351},{""x"":965,""y"":724,""t"":378},{""x"":1033,""y"":707,""t"":411},{""x"":1101,""y"":682,""t"":446},{""x"":1123,""y"":669,""t"":480},{""x"":1160,""y"":682,""t"":513},{""x"":1233,""y"":663,""t"":547},{""x"":1240,""y"":649,""t"":581},{""x"":1266,""y"":688,""t"":616},{""x"":1275,""y"":671,""t"":649},{""x"":1234,""y"":587,""t"":684},{""x"":1227,""y"":543,""t"":715},{""x"":1186,""y"":556,""t"":751},{""x"":1156,""y"":552,""t"":786},{""x"":1096,""y"":562,""t"":819},{""x"":1093,""y"":512,""t"":854},{""x"":1083,""y"":522,""t"":887},{""x"":1073,""y"":523,""t"":922},{""x"":1099,""y"":542,""t"":955},{""x"":1085,""y"":543,""t"":989},{""x"":1048,""y"":530,""t"":1024},{""x"":1049,""y"":561,""t"":1059},{""x"":1009,""y"":564,""t"":1092},{""x"":986,""y"":595,""t"":1125},{""x"":908,""y"":584,""t"":1159},{""x"":831,""y"":558,""t"":1194},{""x"":766,""y"":518,""t"":1227},{""x"":741,""y"":541,""t"":1262},{""x"":762,""y"":520,""t"":1295},{""x"":752,""y"":510,""t"":1330},{""x"":755,""y"":496,""t"":1364},{""x"":726,""y"":491,""t"":1399},{""x"":711,""y"":488,""t"":1432},{""x"":734,""y"":516,""t"":1466},{""x"":723,""y"":524,""t"":1499},{""x"":701,""y"":521,""t"":1533},{""x"":734,""y"":506,""t"":1568},{""x"":825,""y"":520,""t"":1602},{""x"":905,""y"":538,""t"":1636},{""x"":971,""y"":588,""t"":1670},{""x"":994,""y"":531,""t"":1705},{""x"":954,""y"":466,""t"":1738},{""x"":909,""y"":497,""t"":1772},{""x"":895,""y"":502,""t"":1805},{""x"":897,""y"":559,""t"":1840},{""x"":932,""y"":620,""t"":1874},{""x"":987,""y"":649,""t"":1907},{""x"":1069,""y"":672,""t"":1941},{""x"":1119,""y"":683,""t"":1976}]","[{""x"":250,""y"":425,""width"":80,""height"":80,""top"":385,""right"":290,""bottom"":465,""left"":210},{""x"":400,""y"":165.1923788646684,""width"":80,""height"":80,""top"":125.1923788646684,""right"":440,""bottom"":205.1923788646684,""left"":360},{""x"":700,""y"":165.1923788646684,""width"":80,""height"":80,""top"":125.1923788646684,""right"":740,""bottom"":205.1923788646684,""left"":660},{""x"":850,""y"":425,""width"":80,""height"":80,""top"":385,""right"":890,""bottom"":465,""left"":810},{""x"":700,""y"":684.8076211353316,""width"":80,""height"":80,""top"":644.8076211353316,""right"":740,""bottom"":724.8076211353316,""left"":660},{""x"":400,""y"":684.8076211353316,""width"":80,""height"":80,""top"":644.8076211353316,""right"":440,""bottom"":724.8076211353316,""left"":360}]","{""#container"":{""x"":410,""y"":129.390625,""width"":1100,""height"":850,""top"":129.390625,""right"":1510,""bottom"":979.390625,""left"":410}}","[{'green': 11}, {'yellow': 0}, {'cyan': 0}, {'blue': 8}, {'red': 6}, {'purple': 2}]",{'purple_1': 2},green
307,,,,1037.0,9.0,9.0,"[""cyan"",""blue"",""purple"",""yellow"",""red"",""green""]",purple,True,"[{""x"":1068,""y"":500,""t"":4},{""x"":1048,""y"":506,""t"":38},{""x"":1010,""y"":526,""t"":72},{""x"":947,""y"":596,""t"":105},{""x"":922,""y"":604,""t"":140},{""x"":962,""y"":604,""t"":174},{""x"":994,""y"":562,""t"":209},{""x"":1029,""y"":575,""t"":241},{""x"":1046,""y"":552,""t"":273},{""x"":1089,""y"":558,""t"":309},{""x"":1084,""y"":547,""t"":344},{""x"":1104,""y"":572,""t"":377},{""x"":1102,""y"":557,""t"":412},{""x"":1124,""y"":575,""t"":446},{""x"":1101,""y"":587,""t"":479},{""x"":1042,""y"":586,""t"":514},{""x"":931,""y"":536,""t"":548},{""x"":887,""y"":551,""t"":582},{""x"":898,""y"":566,""t"":615},{""x"":816,""y"":573,""t"":651},{""x"":786,""y"":543,""t"":684},{""x"":728,""y"":485,""t"":717},{""x"":718,""y"":436,""t"":752},{""x"":726,""y"":417,""t"":786},{""x"":721,""y"":431,""t"":819},{""x"":849,""y"":429,""t"":853},{""x"":957,""y"":427,""t"":887},{""x"":1041,""y"":464,""t"":921},{""x"":1128,""y"":495,""t"":956},{""x"":1105,""y"":546,""t"":989},{""x"":1070,""y"":550,""t"":1024},{""x"":998,""y"":563,""t"":1057},{""x"":900,""y"":548,""t"":1092},{""x"":833,""y"":596,""t"":1126},{""x"":771,""y"":666,""t"":1160},{""x"":791,""y"":678,""t"":1194},{""x"":831,""y"":700,""t"":1229},{""x"":857,""y"":711,""t"":1273},{""x"":878,""y"":722,""t"":1299},{""x"":903,""y"":751,""t"":1330},{""x"":883,""y"":802,""t"":1364},{""x"":868,""y"":797,""t"":1397},{""x"":913,""y"":798,""t"":1431},{""x"":899,""y"":763,""t"":1466},{""x"":915,""y"":776,""t"":1500},{""x"":928,""y"":746,""t"":1533},{""x"":950,""y"":729,""t"":1568},{""x"":978,""y"":726,""t"":1602},{""x"":929,""y"":733,""t"":1636},{""x"":869,""y"":646,""t"":1669},{""x"":829,""y"":528,""t"":1704},{""x"":796,""y"":493,""t"":1737},{""x"":851,""y"":455,""t"":1772},{""x"":963,""y"":416,""t"":1805},{""x"":1048,""y"":415,""t"":1839},{""x"":1120,""y"":417,""t"":1871},{""x"":1165,""y"":436,""t"":1908},{""x"":1210,""y"":456,""t"":1941},{""x"":1240,""y"":435,""t"":1976}]","[{""x"":250,""y"":425,""width"":80,""height"":80,""top"":385,""right"":290,""bottom"":465,""left"":210},{""x"":400,""y"":165.1923788646684,""width"":80,""height"":80,""top"":125.1923788646684,""right"":440,""bottom"":205.1923788646684,""left"":360},{""x"":700,""y"":165.1923788646684,""width"":80,""height"":80,""top"":125.1923788646684,""right"":740,""bottom"":205.1923788646684,""left"":660},{""x"":850,""y"":425,""width"":80,""height"":80,""top"":385,""right"":890,""bottom"":465,""left"":810},{""x"":700,""y"":684.8076211353316,""width"":80,""height"":80,""top"":644.8076211353316,""right"":740,""bottom"":724.8076211353316,""left"":660},{""x"":400,""y"":684.8076211353316,""width"":80,""height"":80,""top"":644.8076211353316,""right"":440,""bottom"":724.8076211353316,""left"":360}]","{""#container"":{""x"":410,""y"":129.390625,""width"":1100,""height"":850,""top"":129.390625,""right"":1510,""bottom"":979.390625,""left"":410}}","[{'cyan': 5}, {'blue': 2}, {'purple': 2}, {'yellow': 4}, {'red': 0}, {'green': 12}]",{'purple': 2},green
308,,,,922.0,7.0,7.0,"[""blue"",""yellow"",""green"",""purple"",""red"",""cyan""]",yellow,True,"[{""x"":1140,""y"":521,""t"":5},{""x"":1092,""y"":607,""t"":41},{""x"":1064,""y"":681,""t"":73},{""x"":1032,""y"":685,""t"":107},{""x"":1027,""y"":706,""t"":140},{""x"":1011,""y"":698,""t"":174},{""x"":1012,""y"":644,""t"":208},{""x"":1053,""y"":562,""t"":242},{""x"":1049,""y"":536,""t"":277},{""x"":1052,""y"":469,""t"":310},{""x"":1027,""y"":481,""t"":343},{""x"":990,""y"":444,""t"":375},{""x"":899,""y"":412,""t"":418},{""x"":879,""y"":424,""t"":447},{""x"":881,""y"":430,""t"":480},{""x"":830,""y"":373,""t"":514},{""x"":762,""y"":365,""t"":549},{""x"":773,""y"":343,""t"":583},{""x"":778,""y"":351,""t"":616},{""x"":796,""y"":332,""t"":650},{""x"":822,""y"":346,""t"":684},{""x"":853,""y"":397,""t"":718},{""x"":863,""y"":464,""t"":752},{""x"":886,""y"":497,""t"":784},{""x"":914,""y"":511,""t"":819},{""x"":937,""y"":540,""t"":854},{""x"":1013,""y"":588,""t"":887},{""x"":1076,""y"":512,""t"":922},{""x"":1109,""y"":484,""t"":955},{""x"":1101,""y"":465,""t"":990},{""x"":1058,""y"":476,""t"":1024},{""x"":963,""y"":459,""t"":1058},{""x"":925,""y"":464,""t"":1092},{""x"":902,""y"":426,""t"":1125},{""x"":897,""y"":506,""t"":1160},{""x"":923,""y"":541,""t"":1194},{""x"":945,""y"":610,""t"":1228},{""x"":985,""y"":619,""t"":1262},{""x"":1033,""y"":605,""t"":1296},{""x"":1080,""y"":545,""t"":1330},{""x"":1093,""y"":490,""t"":1364},{""x"":1105,""y"":487,""t"":1398},{""x"":1168,""y"":496,""t"":1431},{""x"":1178,""y"":488,""t"":1466},{""x"":1192,""y"":505,""t"":1501},{""x"":1254,""y"":498,""t"":1534},{""x"":1275,""y"":468,""t"":1568},{""x"":1267,""y"":491,""t"":1602},{""x"":1189,""y"":454,""t"":1637},{""x"":1138,""y"":396,""t"":1671},{""x"":1053,""y"":359,""t"":1704},{""x"":1046,""y"":366,""t"":1738},{""x"":1048,""y"":442,""t"":1772},{""x"":1068,""y"":475,""t"":1805},{""x"":1058,""y"":440,""t"":1840},{""x"":1031,""y"":474,""t"":1874},{""x"":1074,""y"":470,""t"":1909},{""x"":1111,""y"":466,""t"":1940},{""x"":1145,""y"":506,""t"":1975}]","[{""x"":250,""y"":425,""width"":80,""height"":80,""top"":385,""right"":290,""bottom"":465,""left"":210},{""x"":400,""y"":165.1923788646684,""width"":80,""height"":80,""top"":125.1923788646684,""right"":440,""bottom"":205.1923788646684,""left"":360},{""x"":700,""y"":165.1923788646684,""width"":80,""height"":80,""top"":125.1923788646684,""right"":740,""bottom"":205.1923788646684,""left"":660},{""x"":850,""y"":425,""width"":80,""height"":80,""top"":385,""right"":890,""bottom"":465,""left"":810},{""x"":700,""y"":684.8076211353316,""width"":80,""height"":80,""top"":644.8076211353316,""right"":740,""bottom"":724.8076211353316,""left"":660},{""x"":400,""y"":684.8076211353316,""width"":80,""height"":80,""top"":644.8076211353316,""right"":440,""bottom"":724.8076211353316,""left"":360}]","{""#container"":{""x"":410,""y"":129.390625,""width"":1100,""height"":850,""top"":129.390625,""right"":1510,""bottom"":979.390625,""left"":410}}","[{'blue': 0}, {'yellow': 9}, {'green': 3}, {'purple': 9}, {'red': 2}, {'cyan': 0}]",{'yellow': 9},yellow
309,,,,1001.0,3.0,6.0,"[""yellow"",""blue"",""green"",""red"",""purple"",""cyan""]",red,False,"[{""x"":1098,""y"":509,""t"":4},{""x"":1075,""y"":519,""t"":39},{""x"":1000,""y"":560,""t"":72},{""x"":1007,""y"":542,""t"":106},{""x"":1026,""y"":552,""t"":141},{""x"":1041,""y"":501,""t"":174},{""x"":1084,""y"":489,""t"":206},{""x"":1094,""y"":497,""t"":242},{""x"":1074,""y"":549,""t"":275},{""x"":1060,""y"":575,""t"":311},{""x"":1016,""y"":525,""t"":344},{""x"":914,""y"":483,""t"":377},{""x"":923,""y"":458,""t"":412},{""x"":882,""y"":494,""t"":446},{""x"":868,""y"":514,""t"":480},{""x"":838,""y"":584,""t"":513},{""x"":882,""y"":631,""t"":548},{""x"":912,""y"":642,""t"":582},{""x"":932,""y"":615,""t"":616},{""x"":982,""y"":527,""t"":651},{""x"":990,""y"":531,""t"":684},{""x"":999,""y"":486,""t"":719},{""x"":1031,""y"":464,""t"":751},{""x"":1008,""y"":429,""t"":786},{""x"":973,""y"":361,""t"":819},{""x"":950,""y"":394,""t"":854},{""x"":946,""y"":350,""t"":887},{""x"":1046,""y"":336,""t"":922},{""x"":1104,""y"":265,""t"":956},{""x"":1161,""y"":254,""t"":990},{""x"":1224,""y"":269,""t"":1024},{""x"":1250,""y"":310,""t"":1058},{""x"":1290,""y"":297,""t"":1092},{""x"":1312,""y"":320,""t"":1126},{""x"":1275,""y"":418,""t"":1159},{""x"":1211,""y"":483,""t"":1194},{""x"":1143,""y"":509,""t"":1228},{""x"":1128,""y"":581,""t"":1262},{""x"":1119,""y"":646,""t"":1295},{""x"":1132,""y"":761,""t"":1330},{""x"":1111,""y"":875,""t"":1364},{""x"":1108,""y"":963,""t"":1399},{""x"":1106,""y"":1013,""t"":1432},{""x"":1086,""y"":1041,""t"":1466},{""x"":1100,""y"":1078,""t"":1500},{""x"":1133,""y"":1085,""t"":1533},{""x"":1120,""y"":1091,""t"":1568},{""x"":1121,""y"":1142,""t"":1602},{""x"":1108,""y"":1194,""t"":1635},{""x"":1081,""y"":1149,""t"":1670},{""x"":1055,""y"":1060,""t"":1704},{""x"":1045,""y"":972,""t"":1737},{""x"":1025,""y"":883,""t"":1770},{""x"":1028,""y"":798,""t"":1806},{""x"":1005,""y"":712,""t"":1839},{""x"":1000,""y"":599,""t"":1874},{""x"":964,""y"":547,""t"":1907},{""x"":973,""y"":516,""t"":1942},{""x"":974,""y"":455,""t"":1976}]","[{""x"":250,""y"":425,""width"":80,""height"":80,""top"":385,""right"":290,""bottom"":465,""left"":210},{""x"":400,""y"":165.1923788646684,""width"":80,""height"":80,""top"":125.1923788646684,""right"":440,""bottom"":205.1923788646684,""left"":360},{""x"":700,""y"":165.1923788646684,""width"":80,""height"":80,""top"":125.1923788646684,""right"":740,""bottom"":205.1923788646684,""left"":660},{""x"":850,""y"":425,""width"":80,""height"":80,""top"":385,""right"":890,""bottom"":465,""left"":810},{""x"":700,""y"":684.8076211353316,""width"":80,""height"":80,""top"":644.8076211353316,""right"":740,""bottom"":724.8076211353316,""left"":660},{""x"":400,""y"":684.8076211353316,""width"":80,""height"":80,""top"":644.8076211353316,""right"":440,""bottom"":724.8076211353316,""left"":360}]","{""#container"":{""x"":410,""y"":129.390625,""width"":1100,""height"":850,""top"":129.390625,""right"":1510,""bottom"":979.390625,""left"":410}}","[{'yellow': 0}, {'blue': 1}, {'green': 5}, {'red': 4}, {'purple': 6}, {'cyan': 0}]",{'red': 4},purple
310,,,,679.0,7.0,7.0,"[""blue"",""red"",""yellow"",""purple"",""cyan"",""green""]",red_1,True,"[{""x"":926,""y"":360,""t"":3},{""x"":862,""y"":333,""t"":37},{""x"":832,""y"":350,""t"":72},{""x"":814,""y"":337,""t"":105},{""x"":775,""y"":378,""t"":139},{""x"":765,""y"":380,""t"":174},{""x"":780,""y"":392,""t"":207},{""x"":801,""y"":415,""t"":242},{""x"":795,""y"":497,""t"":276},{""x"":755,""y"":558,""t"":310},{""x"":705,""y"":546,""t"":344},{""x"":653,""y"":559,""t"":378},{""x"":666,""y"":579,""t"":413},{""x"":654,""y"":596,""t"":446},{""x"":632,""y"":649,""t"":480},{""x"":609,""y"":678,""t"":512},{""x"":615,""y"":547,""t"":548},{""x"":628,""y"":485,""t"":582},{""x"":679,""y"":524,""t"":616},{""x"":695,""y"":593,""t"":650},{""x"":714,""y"":562,""t"":685},{""x"":781,""y"":573,""t"":718},{""x"":841,""y"":588,""t"":752},{""x"":896,""y"":592,""t"":786},{""x"":956,""y"":571,""t"":820},{""x"":1000,""y"":561,""t"":854},{""x"":1053,""y"":595,""t"":888},{""x"":1098,""y"":664,""t"":920},{""x"":1070,""y"":699,""t"":957},{""x"":1073,""y"":707,""t"":990},{""x"":1035,""y"":686,""t"":1023},{""x"":1076,""y"":596,""t"":1057},{""x"":1113,""y"":649,""t"":1092},{""x"":1135,""y"":688,""t"":1126},{""x"":1131,""y"":685,""t"":1160},{""x"":1116,""y"":724,""t"":1194},{""x"":1121,""y"":765,""t"":1227},{""x"":1108,""y"":756,""t"":1261},{""x"":1098,""y"":644,""t"":1297},{""x"":1090,""y"":562,""t"":1330},{""x"":1022,""y"":576,""t"":1364},{""x"":940,""y"":616,""t"":1398},{""x"":912,""y"":564,""t"":1432},{""x"":898,""y"":561,""t"":1466},{""x"":862,""y"":513,""t"":1500},{""x"":894,""y"":434,""t"":1534},{""x"":933,""y"":391,""t"":1567},{""x"":934,""y"":338,""t"":1602},{""x"":951,""y"":299,""t"":1636},{""x"":971,""y"":308,""t"":1669},{""x"":992,""y"":295,""t"":1704},{""x"":952,""y"":327,""t"":1738},{""x"":935,""y"":318,""t"":1771},{""x"":920,""y"":360,""t"":1806},{""x"":899,""y"":396,""t"":1840},{""x"":854,""y"":398,""t"":1874},{""x"":890,""y"":359,""t"":1908},{""x"":900,""y"":400,""t"":1942},{""x"":891,""y"":463,""t"":1976}]","[{""x"":250,""y"":425,""width"":80,""height"":80,""top"":385,""right"":290,""bottom"":465,""left"":210},{""x"":400,""y"":165.1923788646684,""width"":80,""height"":80,""top"":125.1923788646684,""right"":440,""bottom"":205.1923788646684,""left"":360},{""x"":700,""y"":165.1923788646684,""width"":80,""height"":80,""top"":125.1923788646684,""right"":740,""bottom"":205.1923788646684,""left"":660},{""x"":850,""y"":425,""width"":80,""height"":80,""top"":385,""right"":890,""bottom"":465,""left"":810},{""x"":700,""y"":684.8076211353316,""width"":80,""height"":80,""top"":644.8076211353316,""right"":740,""bottom"":724.8076211353316,""left"":660},{""x"":400,""y"":684.8076211353316,""width"":80,""height"":80,""top"":644.8076211353316,""right"":440,""bottom"":724.8076211353316,""left"":360}]","{""#container"":{""x"":410,""y"":129.390625,""width"":1100,""height"":850,""top"":129.390625,""right"":1510,""bottom"":979.390625,""left"":410}}","[{'blue': 14}, {'red': 17}, {'yellow': 2}, {'purple': 0}, {'cyan': 8}, {'green': 0}]",{'red_1': 17},red_1
311,,,,1145.0,3.0,3.0,"[""yellow"",""cyan"",""blue"",""red"",""green"",""purple""]",green_1,True,"[{""x"":847,""y"":463,""t"":4},{""x"":865,""y"":489,""t"":40},{""x"":830,""y"":515,""t"":73},{""x"":827,""y"":544,""t"":107},{""x"":825,""y"":511,""t"":140},{""x"":820,""y"":482,""t"":173},{""x"":833,""y"":462,""t"":208},{""x"":850,""y"":493,""t"":241},{""x"":857,""y"":500,""t"":276},{""x"":847,""y"":541,""t"":310},{""x"":828,""y"":513,""t"":344},{""x"":761,""y"":416,""t"":378},{""x"":714,""y"":353,""t"":412},{""x"":694,""y"":393,""t"":445},{""x"":714,""y"":453,""t"":480},{""x"":763,""y"":575,""t"":514},{""x"":805,""y"":680,""t"":546},{""x"":811,""y"":725,""t"":582},{""x"":832,""y"":668,""t"":616},{""x"":881,""y"":627,""t"":650},{""x"":918,""y"":622,""t"":684},{""x"":979,""y"":636,""t"":718},{""x"":1048,""y"":590,""t"":752},{""x"":1084,""y"":590,""t"":786},{""x"":1100,""y"":550,""t"":820},{""x"":1142,""y"":576,""t"":854},{""x"":1110,""y"":623,""t"":888},{""x"":1095,""y"":629,""t"":922},{""x"":1088,""y"":616,""t"":954},{""x"":1092,""y"":612,""t"":990},{""x"":1059,""y"":603,""t"":1024},{""x"":1053,""y"":592,""t"":1058},{""x"":1049,""y"":605,""t"":1092},{""x"":1058,""y"":619,""t"":1126},{""x"":1053,""y"":609,""t"":1160},{""x"":1011,""y"":613,""t"":1194},{""x"":988,""y"":586,""t"":1228},{""x"":959,""y"":559,""t"":1262},{""x"":915,""y"":526,""t"":1296},{""x"":904,""y"":478,""t"":1329},{""x"":889,""y"":441,""t"":1364},{""x"":938,""y"":478,""t"":1398},{""x"":976,""y"":528,""t"":1432},{""x"":1001,""y"":527,""t"":1465},{""x"":1010,""y"":513,""t"":1500},{""x"":1010,""y"":517,""t"":1535},{""x"":1046,""y"":519,""t"":1568},{""x"":1073,""y"":550,""t"":1602},{""x"":1064,""y"":563,""t"":1636},{""x"":1045,""y"":568,""t"":1671},{""x"":1009,""y"":585,""t"":1704},{""x"":1034,""y"":609,""t"":1738},{""x"":1061,""y"":627,""t"":1772},{""x"":1087,""y"":653,""t"":1806},{""x"":1090,""y"":641,""t"":1839},{""x"":1061,""y"":653,""t"":1875},{""x"":1060,""y"":655,""t"":1907},{""x"":1077,""y"":669,""t"":1942},{""x"":1095,""y"":677,""t"":1977}]","[{""x"":250,""y"":425,""width"":80,""height"":80,""top"":385,""right"":290,""bottom"":465,""left"":210},{""x"":400,""y"":165.1923788646684,""width"":80,""height"":80,""top"":125.1923788646684,""right"":440,""bottom"":205.1923788646684,""left"":360},{""x"":700,""y"":165.1923788646684,""width"":80,""height"":80,""top"":125.1923788646684,""right"":740,""bottom"":205.1923788646684,""left"":660},{""x"":850,""y"":425,""width"":80,""height"":80,""top"":385,""right"":890,""bottom"":465,""left"":810},{""x"":700,""y"":684.8076211353316,""width"":80,""height"":80,""top"":644.8076211353316,""right"":740,""bottom"":724.8076211353316,""left"":660},{""x"":400,""y"":684.8076211353316,""width"":80,""height"":80,""top"":644.8076211353316,""right"":440,""bottom"":724.8076211353316,""left"":360}]","{""#container"":{""x"":410,""y"":129.390625,""width"":1100,""height"":850,""top"":129.390625,""right"":1510,""bottom"":979.390625,""left"":410}}","[{'yellow': 2}, {'cyan': 2}, {'blue': 0}, {'red': 1}, {'green': 2}, {'purple': 3}]",{'green_1': 2},purple
312,,,,770.0,4.0,1.0,"[""cyan"",""red"",""purple"",""yellow"",""green"",""blue""]",blue,False,"[{""x"":1078,""y"":638,""t"":4},{""x"":1043,""y"":640,""t"":42},{""x"":1014,""y"":637,""t"":72},{""x"":998,""y"":659,""t"":107},{""x"":987,""y"":649,""t"":141},{""x"":959,""y"":666,""t"":174},{""x"":965,""y"":622,""t"":208},{""x"":936,""y"":624,""t"":242},{""x"":940,""y"":608,""t"":275},{""x"":952,""y"":661,""t"":310},{""x"":959,""y"":610,""t"":345},{""x"":924,""y"":547,""t"":378},{""x"":894,""y"":492,""t"":411},{""x"":835,""y"":544,""t"":446},{""x"":818,""y"":594,""t"":480},{""x"":796,""y"":654,""t"":511},{""x"":822,""y"":684,""t"":548},{""x"":868,""y"":695,""t"":581},{""x"":898,""y"":678,""t"":615},{""x"":939,""y"":700,""t"":650},{""x"":970,""y"":686,""t"":683},{""x"":992,""y"":676,""t"":717},{""x"":970,""y"":638,""t"":752},{""x"":959,""y"":633,""t"":786},{""x"":948,""y"":627,""t"":820},{""x"":936,""y"":631,""t"":854},{""x"":918,""y"":582,""t"":887},{""x"":903,""y"":541,""t"":920},{""x"":883,""y"":582,""t"":955},{""x"":889,""y"":603,""t"":990},{""x"":950,""y"":591,""t"":1024},{""x"":1009,""y"":606,""t"":1058},{""x"":1036,""y"":597,""t"":1091},{""x"":1070,""y"":662,""t"":1125},{""x"":1093,""y"":678,""t"":1160},{""x"":1099,""y"":679,""t"":1194},{""x"":1135,""y"":670,""t"":1228},{""x"":1133,""y"":685,""t"":1262},{""x"":1129,""y"":638,""t"":1296},{""x"":1098,""y"":634,""t"":1330},{""x"":1110,""y"":601,""t"":1364},{""x"":1113,""y"":606,""t"":1397},{""x"":1141,""y"":584,""t"":1432},{""x"":1118,""y"":536,""t"":1466},{""x"":1094,""y"":563,""t"":1500},{""x"":1053,""y"":657,""t"":1535},{""x"":1018,""y"":594,""t"":1568},{""x"":1007,""y"":559,""t"":1601},{""x"":946,""y"":534,""t"":1635},{""x"":900,""y"":624,""t"":1670},{""x"":904,""y"":760,""t"":1705},{""x"":899,""y"":824,""t"":1738},{""x"":888,""y"":846,""t"":1772},{""x"":932,""y"":843,""t"":1806},{""x"":946,""y"":822,""t"":1839},{""x"":1001,""y"":795,""t"":1874},{""x"":1025,""y"":759,""t"":1908},{""x"":1043,""y"":704,""t"":1942},{""x"":1070,""y"":677,""t"":1976}]","[{""x"":250,""y"":425,""width"":80,""height"":80,""top"":385,""right"":290,""bottom"":465,""left"":210},{""x"":400,""y"":165.1923788646684,""width"":80,""height"":80,""top"":125.1923788646684,""right"":440,""bottom"":205.1923788646684,""left"":360},{""x"":700,""y"":165.1923788646684,""width"":80,""height"":80,""top"":125.1923788646684,""right"":740,""bottom"":205.1923788646684,""left"":660},{""x"":850,""y"":425,""width"":80,""height"":80,""top"":385,""right"":890,""bottom"":465,""left"":810},{""x"":700,""y"":684.8076211353316,""width"":80,""height"":80,""top"":644.8076211353316,""right"":740,""bottom"":724.8076211353316,""left"":660},{""x"":400,""y"":684.8076211353316,""width"":80,""height"":80,""top"":644.8076211353316,""right"":440,""bottom"":724.8076211353316,""left"":360}]","{""#container"":{""x"":410,""y"":129.390625,""width"":1100,""height"":850,""top"":129.390625,""right"":1510,""bottom"":979.390625,""left"":410}}","[{'cyan': 0}, {'red': 0}, {'purple': 0}, {'yellow': 2}, {'green': 8}, {'blue': 7}]",{'blue': 7},green
313,,,,607.0,3.0,3.0,"[""blue"",""cyan"",""green"",""purple"",""yellow"",""red""]",yellow,True,"[{""x"":1053,""y"":618,""t"":4},{""x"":1031,""y"":627,""t"":39},{""x"":1006,""y"":588,""t"":75},{""x"":1017,""y"":581,""t"":107},{""x"":1029,""y"":532,""t"":141},{""x"":1026,""y"":620,""t"":173},{""x"":989,""y"":623,""t"":207},{""x"":984,""y"":620,""t"":241},{""x"":986,""y"":601,""t"":276},{""x"":968,""y"":591,""t"":309},{""x"":921,""y"":561,""t"":343},{""x"":891,""y"":494,""t"":380},{""x"":869,""y"":408,""t"":412},{""x"":806,""y"":476,""t"":445},{""x"":788,""y"":540,""t"":480},{""x"":777,""y"":568,""t"":514},{""x"":763,""y"":587,""t"":548},{""x"":813,""y"":547,""t"":582},{""x"":837,""y"":513,""t"":615},{""x"":881,""y"":524,""t"":649},{""x"":898,""y"":592,""t"":681},{""x"":975,""y"":682,""t"":717},{""x"":1007,""y"":766,""t"":752},{""x"":1034,""y"":914,""t"":785},{""x"":1051,""y"":973,""t"":821},{""x"":1061,""y"":975,""t"":854},{""x"":1053,""y"":988,""t"":888},{""x"":1093,""y"":1042,""t"":922},{""x"":1110,""y"":1053,""t"":956},{""x"":1098,""y"":959,""t"":990},{""x"":1058,""y"":913,""t"":1023},{""x"":1026,""y"":869,""t"":1055},{""x"":1008,""y"":762,""t"":1092},{""x"":983,""y"":714,""t"":1126},{""x"":973,""y"":614,""t"":1159},{""x"":945,""y"":589,""t"":1194},{""x"":934,""y"":589,""t"":1227},{""x"":938,""y"":562,""t"":1261},{""x"":961,""y"":551,""t"":1295},{""x"":969,""y"":566,""t"":1330},{""x"":999,""y"":590,""t"":1364},{""x"":1038,""y"":613,""t"":1398},{""x"":1011,""y"":535,""t"":1432},{""x"":961,""y"":548,""t"":1466},{""x"":962,""y"":544,""t"":1499},{""x"":987,""y"":587,""t"":1534},{""x"":989,""y"":559,""t"":1567},{""x"":977,""y"":491,""t"":1602},{""x"":991,""y"":456,""t"":1636},{""x"":1017,""y"":410,""t"":1670},{""x"":1059,""y"":397,""t"":1704},{""x"":1062,""y"":393,""t"":1738},{""x"":1083,""y"":381,""t"":1772},{""x"":1114,""y"":356,""t"":1806},{""x"":1100,""y"":363,""t"":1840},{""x"":1097,""y"":386,""t"":1874},{""x"":1117,""y"":418,""t"":1909},{""x"":1124,""y"":475,""t"":1942},{""x"":1096,""y"":470,""t"":1976}]","[{""x"":250,""y"":425,""width"":80,""height"":80,""top"":385,""right"":290,""bottom"":465,""left"":210},{""x"":400,""y"":165.1923788646684,""width"":80,""height"":80,""top"":125.1923788646684,""right"":440,""bottom"":205.1923788646684,""left"":360},{""x"":700,""y"":165.1923788646684,""width"":80,""height"":80,""top"":125.1923788646684,""right"":740,""bottom"":205.1923788646684,""left"":660},{""x"":850,""y"":425,""width"":80,""height"":80,""top"":385,""right"":890,""bottom"":465,""left"":810},{""x"":700,""y"":684.8076211353316,""width"":80,""height"":80,""top"":644.8076211353316,""right"":740,""bottom"":724.8076211353316,""left"":660},{""x"":400,""y"":684.8076211353316,""width"":80,""height"":80,""top"":644.8076211353316,""right"":440,""bottom"":724.8076211353316,""left"":360}]","{""#container"":{""x"":410,""y"":129.390625,""width"":1100,""height"":850,""top"":129.390625,""right"":1510,""bottom"":979.390625,""left"":410}}","[{'blue': 3}, {'cyan': 1}, {'green': 8}, {'purple': 0}, {'yellow': 6}, {'red': 0}]",{'yellow': 6},green
314,,,,600.0,4.0,4.0,"[""green"",""blue"",""cyan"",""red"",""purple"",""yellow""]",green,True,"[{""x"":1090,""y"":433,""t"":4},{""x"":1048,""y"":449,""t"":48},{""x"":1030,""y"":473,""t"":77},{""x"":1040,""y"":414,""t"":106},{""x"":1028,""y"":445,""t"":140},{""x"":1030,""y"":439,""t"":174},{""x"":1026,""y"":478,""t"":209},{""x"":1054,""y"":444,""t"":242},{""x"":1040,""y"":484,""t"":276},{""x"":1052,""y"":439,""t"":310},{""x"":1051,""y"":460,""t"":345},{""x"":1014,""y"":506,""t"":377},{""x"":991,""y"":546,""t"":412},{""x"":981,""y"":544,""t"":445},{""x"":942,""y"":555,""t"":480},{""x"":858,""y"":652,""t"":514},{""x"":843,""y"":644,""t"":548},{""x"":815,""y"":708,""t"":583},{""x"":855,""y"":756,""t"":616},{""x"":845,""y"":763,""t"":649},{""x"":865,""y"":708,""t"":684},{""x"":890,""y"":676,""t"":718},{""x"":934,""y"":601,""t"":752},{""x"":943,""y"":582,""t"":785},{""x"":978,""y"":498,""t"":819},{""x"":978,""y"":410,""t"":854},{""x"":991,""y"":364,""t"":890},{""x"":1023,""y"":331,""t"":922},{""x"":997,""y"":359,""t"":955},{""x"":981,""y"":347,""t"":990},{""x"":970,""y"":325,""t"":1023},{""x"":1037,""y"":291,""t"":1058},{""x"":1090,""y"":296,""t"":1092},{""x"":1102,""y"":280,""t"":1126},{""x"":1091,""y"":290,""t"":1160},{""x"":1085,""y"":342,""t"":1191},{""x"":1077,""y"":327,""t"":1227},{""x"":1069,""y"":265,""t"":1262},{""x"":1040,""y"":286,""t"":1297},{""x"":1049,""y"":286,""t"":1330},{""x"":1014,""y"":346,""t"":1364},{""x"":988,""y"":364,""t"":1399},{""x"":946,""y"":374,""t"":1432},{""x"":984,""y"":357,""t"":1465},{""x"":1005,""y"":436,""t"":1500},{""x"":1048,""y"":429,""t"":1535},{""x"":1076,""y"":432,""t"":1568},{""x"":1090,""y"":459,""t"":1599},{""x"":1071,""y"":489,""t"":1636},{""x"":1051,""y"":454,""t"":1670},{""x"":1029,""y"":421,""t"":1704},{""x"":998,""y"":397,""t"":1738},{""x"":983,""y"":378,""t"":1773},{""x"":983,""y"":380,""t"":1806},{""x"":1003,""y"":443,""t"":1840},{""x"":976,""y"":504,""t"":1873},{""x"":979,""y"":504,""t"":1908},{""x"":969,""y"":561,""t"":1942},{""x"":929,""y"":575,""t"":1976}]","[{""x"":250,""y"":425,""width"":80,""height"":80,""top"":385,""right"":290,""bottom"":465,""left"":210},{""x"":400,""y"":165.1923788646684,""width"":80,""height"":80,""top"":125.1923788646684,""right"":440,""bottom"":205.1923788646684,""left"":360},{""x"":700,""y"":165.1923788646684,""width"":80,""height"":80,""top"":125.1923788646684,""right"":740,""bottom"":205.1923788646684,""left"":660},{""x"":850,""y"":425,""width"":80,""height"":80,""top"":385,""right"":890,""bottom"":465,""left"":810},{""x"":700,""y"":684.8076211353316,""width"":80,""height"":80,""top"":644.8076211353316,""right"":740,""bottom"":724.8076211353316,""left"":660},{""x"":400,""y"":684.8076211353316,""width"":80,""height"":80,""top"":644.8076211353316,""right"":440,""bottom"":724.8076211353316,""left"":360}]","{""#container"":{""x"":410,""y"":129.390625,""width"":1100,""height"":850,""top"":129.390625,""right"":1510,""bottom"":979.390625,""left"":410}}","[{'green': 0}, {'blue': 0}, {'cyan': 21}, {'red': 0}, {'purple': 0}, {'yellow': 4}]",,cyan
315,,,,991.0,4.0,9.0,"[""purple"",""green"",""red"",""yellow"",""blue"",""cyan""]",red_1,False,"[{""x"":985,""y"":537,""t"":4},{""x"":1037,""y"":510,""t"":43},{""x"":1067,""y"":438,""t"":73},{""x"":1030,""y"":415,""t"":106},{""x"":998,""y"":395,""t"":138},{""x"":1039,""y"":332,""t"":173},{""x"":1040,""y"":332,""t"":208},{""x"":1054,""y"":259,""t"":242},{""x"":1082,""y"":257,""t"":276},{""x"":1052,""y"":230,""t"":310},{""x"":1035,""y"":312,""t"":344},{""x"":978,""y"":368,""t"":377},{""x"":929,""y"":504,""t"":411},{""x"":928,""y"":569,""t"":446},{""x"":903,""y"":628,""t"":480},{""x"":927,""y"":675,""t"":513},{""x"":929,""y"":718,""t"":549},{""x"":960,""y"":697,""t"":583},{""x"":1010,""y"":693,""t"":616},{""x"":1046,""y"":662,""t"":650},{""x"":1068,""y"":615,""t"":684},{""x"":1114,""y"":545,""t"":717},{""x"":1109,""y"":546,""t"":751},{""x"":1122,""y"":469,""t"":785},{""x"":1115,""y"":436,""t"":820},{""x"":1114,""y"":459,""t"":854},{""x"":1072,""y"":450,""t"":887},{""x"":1095,""y"":426,""t"":921},{""x"":1074,""y"":409,""t"":956},{""x"":1090,""y"":419,""t"":990},{""x"":1150,""y"":393,""t"":1024},{""x"":1220,""y"":322,""t"":1058},{""x"":1293,""y"":279,""t"":1092},{""x"":1338,""y"":344,""t"":1126},{""x"":1368,""y"":461,""t"":1160},{""x"":1354,""y"":591,""t"":1195},{""x"":1280,""y"":673,""t"":1229},{""x"":1268,""y"":702,""t"":1262},{""x"":1204,""y"":705,""t"":1296},{""x"":1190,""y"":688,""t"":1330},{""x"":1207,""y"":738,""t"":1363},{""x"":1139,""y"":763,""t"":1398},{""x"":1106,""y"":757,""t"":1432},{""x"":1116,""y"":792,""t"":1466},{""x"":1116,""y"":813,""t"":1499},{""x"":1157,""y"":861,""t"":1534},{""x"":1181,""y"":826,""t"":1568},{""x"":1225,""y"":746,""t"":1602},{""x"":1162,""y"":655,""t"":1636},{""x"":1112,""y"":599,""t"":1670},{""x"":1068,""y"":523,""t"":1705},{""x"":1044,""y"":455,""t"":1736},{""x"":1010,""y"":429,""t"":1772},{""x"":1001,""y"":413,""t"":1806},{""x"":978,""y"":434,""t"":1840},{""x"":976,""y"":406,""t"":1874},{""x"":969,""y"":402,""t"":1909},{""x"":943,""y"":404,""t"":1943},{""x"":916,""y"":348,""t"":1976}]","[{""x"":250,""y"":425,""width"":80,""height"":80,""top"":385,""right"":290,""bottom"":465,""left"":210},{""x"":400,""y"":165.1923788646684,""width"":80,""height"":80,""top"":125.1923788646684,""right"":440,""bottom"":205.1923788646684,""left"":360},{""x"":700,""y"":165.1923788646684,""width"":80,""height"":80,""top"":125.1923788646684,""right"":740,""bottom"":205.1923788646684,""left"":660},{""x"":850,""y"":425,""width"":80,""height"":80,""top"":385,""right"":890,""bottom"":465,""left"":810},{""x"":700,""y"":684.8076211353316,""width"":80,""height"":80,""top"":644.8076211353316,""right"":740,""bottom"":724.8076211353316,""left"":660},{""x"":400,""y"":684.8076211353316,""width"":80,""height"":80,""top"":644.8076211353316,""right"":440,""bottom"":724.8076211353316,""left"":360}]","{""#container"":{""x"":410,""y"":129.390625,""width"":1100,""height"":850,""top"":129.390625,""right"":1510,""bottom"":979.390625,""left"":410}}","[{'purple': 0}, {'green': 1}, {'red': 14}, {'yellow': 6}, {'blue': 10}, {'cyan': 0}]",{'red_1': 14},red_1
316,,,,1052.0,7.0,7.0,"[""yellow"",""green"",""red"",""purple"",""cyan"",""blue""]",green_1,True,"[{""x"":973,""y"":285,""t"":4},{""x"":1020,""y"":282,""t"":39},{""x"":1046,""y"":308,""t"":72},{""x"":1048,""y"":268,""t"":107},{""x"":1074,""y"":237,""t"":145},{""x"":1110,""y"":208,""t"":175},{""x"":1171,""y"":189,""t"":207},{""x"":1175,""y"":238,""t"":243},{""x"":1181,""y"":243,""t"":276},{""x"":1182,""y"":206,""t"":310},{""x"":1182,""y"":258,""t"":343},{""x"":1228,""y"":276,""t"":378},{""x"":1240,""y"":304,""t"":413},{""x"":1240,""y"":310,""t"":443},{""x"":1255,""y"":312,""t"":480},{""x"":1302,""y"":310,""t"":514},{""x"":1273,""y"":351,""t"":547},{""x"":1233,""y"":366,""t"":582},{""x"":1193,""y"":411,""t"":615},{""x"":1167,""y"":456,""t"":650},{""x"":1185,""y"":436,""t"":684},{""x"":1183,""y"":451,""t"":718},{""x"":1171,""y"":471,""t"":751},{""x"":1189,""y"":450,""t"":785},{""x"":1245,""y"":519,""t"":820},{""x"":1296,""y"":524,""t"":853},{""x"":1298,""y"":486,""t"":887},{""x"":1282,""y"":457,""t"":922},{""x"":1214,""y"":420,""t"":956},{""x"":1177,""y"":395,""t"":989},{""x"":1148,""y"":427,""t"":1025},{""x"":1101,""y"":415,""t"":1057},{""x"":1077,""y"":429,""t"":1092},{""x"":1017,""y"":474,""t"":1125},{""x"":936,""y"":515,""t"":1160},{""x"":857,""y"":603,""t"":1194},{""x"":864,""y"":604,""t"":1227},{""x"":932,""y"":665,""t"":1262},{""x"":956,""y"":710,""t"":1296},{""x"":1004,""y"":705,""t"":1329},{""x"":1068,""y"":680,""t"":1364},{""x"":1109,""y"":648,""t"":1398},{""x"":1183,""y"":603,""t"":1431},{""x"":1198,""y"":597,""t"":1466},{""x"":1264,""y"":568,""t"":1500},{""x"":1258,""y"":508,""t"":1533},{""x"":1296,""y"":516,""t"":1568},{""x"":1276,""y"":468,""t"":1601},{""x"":1293,""y"":454,""t"":1635},{""x"":1310,""y"":438,""t"":1671},{""x"":1297,""y"":399,""t"":1703},{""x"":1312,""y"":408,""t"":1738},{""x"":1308,""y"":401,""t"":1771},{""x"":1309,""y"":422,""t"":1806},{""x"":1313,""y"":437,""t"":1840},{""x"":1288,""y"":425,""t"":1873},{""x"":1257,""y"":419,""t"":1907},{""x"":1264,""y"":430,""t"":1941},{""x"":1223,""y"":397,""t"":1975}]","[{""x"":250,""y"":425,""width"":80,""height"":80,""top"":385,""right"":290,""bottom"":465,""left"":210},{""x"":400,""y"":165.1923788646684,""width"":80,""height"":80,""top"":125.1923788646684,""right"":440,""bottom"":205.1923788646684,""left"":360},{""x"":700,""y"":165.1923788646684,""width"":80,""height"":80,""top"":125.1923788646684,""right"":740,""bottom"":205.1923788646684,""left"":660},{""x"":850,""y"":425,""width"":80,""height"":80,""top"":385,""right"":890,""bottom"":465,""left"":810},{""x"":700,""y"":684.8076211353316,""width"":80,""height"":80,""top"":644.8076211353316,""right"":740,""bottom"":724.8076211353316,""left"":660},{""x"":400,""y"":684.8076211353316,""width"":80,""height"":80,""top"":644.8076211353316,""right"":440,""bottom"":724.8076211353316,""left"":360}]","{""#container"":{""x"":410,""y"":129.390625,""width"":1100,""height"":850,""top"":129.390625,""right"":1510,""bottom"":979.390625,""left"":410}}","[{'yellow': 0}, {'green': 0}, {'red': 21}, {'purple': 23}, {'cyan': 1}, {'blue': 0}]",,purple
317,,,,762.0,9.0,9.0,"[""purple"",""yellow"",""blue"",""cyan"",""green"",""red""]",blue_1,True,"[{""x"":1219,""y"":375,""t"":4},{""x"":1195,""y"":376,""t"":38},{""x"":1154,""y"":323,""t"":73},{""x"":1153,""y"":289,""t"":105},{""x"":1117,""y"":232,""t"":139},{""x"":1073,""y"":195,""t"":174},{""x"":1039,""y"":221,""t"":208},{""x"":1006,""y"":179,""t"":242},{""x"":998,""y"":252,""t"":277},{""x"":980,""y"":305,""t"":310},{""x"":948,""y"":328,""t"":344},{""x"":877,""y"":364,""t"":378},{""x"":877,""y"":381,""t"":412},{""x"":849,""y"":445,""t"":445},{""x"":849,""y"":514,""t"":479},{""x"":888,""y"":553,""t"":513},{""x"":954,""y"":558,""t"":548},{""x"":1070,""y"":564,""t"":582},{""x"":1142,""y"":467,""t"":615},{""x"":1229,""y"":469,""t"":649},{""x"":1215,""y"":454,""t"":685},{""x"":1273,""y"":469,""t"":717},{""x"":1333,""y"":540,""t"":751},{""x"":1361,""y"":611,""t"":786},{""x"":1340,""y"":665,""t"":820},{""x"":1292,""y"":718,""t"":855},{""x"":1277,""y"":803,""t"":888},{""x"":1235,""y"":826,""t"":922},{""x"":1209,""y"":848,""t"":956},{""x"":1169,""y"":880,""t"":990},{""x"":1152,""y"":905,""t"":1024},{""x"":1121,""y"":892,""t"":1059},{""x"":1105,""y"":853,""t"":1092},{""x"":1116,""y"":800,""t"":1125},{""x"":1135,""y"":733,""t"":1160},{""x"":1148,""y"":667,""t"":1193},{""x"":1184,""y"":641,""t"":1228},{""x"":1208,""y"":459,""t"":1262},{""x"":1229,""y"":424,""t"":1296},{""x"":1231,""y"":380,""t"":1327},{""x"":1270,""y"":353,""t"":1364},{""x"":1281,""y"":255,""t"":1398},{""x"":1257,""y"":205,""t"":1432},{""x"":1272,""y"":168,""t"":1466},{""x"":1272,""y"":140,""t"":1500},{""x"":1236,""y"":110,""t"":1533},{""x"":1249,""y"":43,""t"":1568},{""x"":1222,""y"":19,""t"":1603},{""x"":1188,""y"":47,""t"":1636},{""x"":1183,""y"":59,""t"":1669},{""x"":1179,""y"":73,""t"":1701},{""x"":1108,""y"":164,""t"":1738},{""x"":1065,""y"":346,""t"":1772},{""x"":1069,""y"":540,""t"":1805},{""x"":1087,""y"":506,""t"":1839},{""x"":1092,""y"":504,""t"":1874},{""x"":1138,""y"":489,""t"":1907},{""x"":1102,""y"":510,""t"":1942},{""x"":1031,""y"":571,""t"":1976}]","[{""x"":250,""y"":425,""width"":80,""height"":80,""top"":385,""right"":290,""bottom"":465,""left"":210},{""x"":400,""y"":165.1923788646684,""width"":80,""height"":80,""top"":125.1923788646684,""right"":440,""bottom"":205.1923788646684,""left"":360},{""x"":700,""y"":165.1923788646684,""width"":80,""height"":80,""top"":125.1923788646684,""right"":740,""bottom"":205.1923788646684,""left"":660},{""x"":850,""y"":425,""width"":80,""height"":80,""top"":385,""right"":890,""bottom"":465,""left"":810},{""x"":700,""y"":684.8076211353316,""width"":80,""height"":80,""top"":644.8076211353316,""right"":740,""bottom"":724.8076211353316,""left"":660},{""x"":400,""y"":684.8076211353316,""width"":80,""height"":80,""top"":644.8076211353316,""right"":440,""bottom"":724.8076211353316,""left"":360}]","{""#container"":{""x"":410,""y"":129.390625,""width"":1100,""height"":850,""top"":129.390625,""right"":1510,""bottom"":979.390625,""left"":410}}","[{'purple': 0}, {'yellow': 3}, {'blue': 12}, {'cyan': 11}, {'green': 8}, {'red': 0}]",{'blue_1': 12},blue_1
318,,,,825.0,3.0,1.0,"[""yellow"",""purple"",""green"",""red"",""blue"",""cyan""]",cyan,False,"[{""x"":1063,""y"":528,""t"":4},{""x"":1053,""y"":459,""t"":40},{""x"":1044,""y"":408,""t"":72},{""x"":1093,""y"":342,""t"":106},{""x"":1100,""y"":328,""t"":140},{""x"":1120,""y"":275,""t"":174},{""x"":1141,""y"":263,""t"":208},{""x"":1161,""y"":262,""t"":242},{""x"":1123,""y"":238,""t"":276},{""x"":1166,""y"":193,""t"":310},{""x"":1146,""y"":281,""t"":344},{""x"":1133,""y"":323,""t"":378},{""x"":1059,""y"":354,""t"":413},{""x"":1027,""y"":482,""t"":447},{""x"":975,""y"":425,""t"":478},{""x"":958,""y"":508,""t"":514},{""x"":975,""y"":545,""t"":549},{""x"":1013,""y"":547,""t"":582},{""x"":1073,""y"":490,""t"":615},{""x"":1140,""y"":450,""t"":650},{""x"":1219,""y"":420,""t"":685},{""x"":1245,""y"":319,""t"":718},{""x"":1296,""y"":269,""t"":752},{""x"":1346,""y"":213,""t"":786},{""x"":1325,""y"":178,""t"":820},{""x"":1357,""y"":200,""t"":855},{""x"":1381,""y"":222,""t"":885},{""x"":1350,""y"":252,""t"":922},{""x"":1240,""y"":292,""t"":956},{""x"":1160,""y"":321,""t"":990},{""x"":1125,""y"":289,""t"":1024},{""x"":1071,""y"":342,""t"":1058},{""x"":1030,""y"":344,""t"":1092},{""x"":1118,""y"":329,""t"":1126},{""x"":1112,""y"":277,""t"":1160},{""x"":1165,""y"":252,""t"":1194},{""x"":1186,""y"":266,""t"":1228},{""x"":1210,""y"":244,""t"":1262},{""x"":1198,""y"":216,""t"":1295},{""x"":1165,""y"":205,""t"":1330},{""x"":1170,""y"":173,""t"":1364},{""x"":1090,""y"":244,""t"":1398},{""x"":1021,""y"":297,""t"":1432},{""x"":944,""y"":350,""t"":1466},{""x"":968,""y"":385,""t"":1499},{""x"":947,""y"":442,""t"":1533},{""x"":973,""y"":497,""t"":1568},{""x"":1031,""y"":526,""t"":1602},{""x"":1073,""y"":529,""t"":1636},{""x"":1114,""y"":506,""t"":1670},{""x"":1188,""y"":398,""t"":1704},{""x"":1251,""y"":288,""t"":1738},{""x"":1280,""y"":210,""t"":1772},{""x"":1283,""y"":223,""t"":1805},{""x"":1273,""y"":191,""t"":1840},{""x"":1217,""y"":175,""t"":1874},{""x"":1175,""y"":163,""t"":1908},{""x"":1115,""y"":127,""t"":1942},{""x"":1054,""y"":131,""t"":1976}]","[{""x"":250,""y"":425,""width"":80,""height"":80,""top"":385,""right"":290,""bottom"":465,""left"":210},{""x"":400,""y"":165.1923788646684,""width"":80,""height"":80,""top"":125.1923788646684,""right"":440,""bottom"":205.1923788646684,""left"":360},{""x"":700,""y"":165.1923788646684,""width"":80,""height"":80,""top"":125.1923788646684,""right"":740,""bottom"":205.1923788646684,""left"":660},{""x"":850,""y"":425,""width"":80,""height"":80,""top"":385,""right"":890,""bottom"":465,""left"":810},{""x"":700,""y"":684.8076211353316,""width"":80,""height"":80,""top"":644.8076211353316,""right"":740,""bottom"":724.8076211353316,""left"":660},{""x"":400,""y"":684.8076211353316,""width"":80,""height"":80,""top"":644.8076211353316,""right"":440,""bottom"":724.8076211353316,""left"":360}]","{""#container"":{""x"":410,""y"":129.390625,""width"":1100,""height"":850,""top"":129.390625,""right"":1510,""bottom"":979.390625,""left"":410}}","[{'yellow': 0}, {'purple': 1}, {'green': 30}, {'red': 1}, {'blue': 0}, {'cyan': 0}]",,green
319,,,,761.0,6.0,6.0,"[""yellow"",""purple"",""green"",""blue"",""red"",""cyan""]",blue_1,True,"[{""x"":988,""y"":194,""t"":4},{""x"":953,""y"":265,""t"":40},{""x"":940,""y"":339,""t"":73},{""x"":919,""y"":409,""t"":107},{""x"":886,""y"":495,""t"":139},{""x"":895,""y"":545,""t"":173},{""x"":916,""y"":579,""t"":205},{""x"":926,""y"":588,""t"":242},{""x"":926,""y"":589,""t"":276},{""x"":885,""y"":613,""t"":310},{""x"":901,""y"":627,""t"":343},{""x"":910,""y"":612,""t"":378},{""x"":902,""y"":598,""t"":411},{""x"":890,""y"":638,""t"":446},{""x"":886,""y"":640,""t"":479},{""x"":869,""y"":668,""t"":514},{""x"":907,""y"":655,""t"":547},{""x"":924,""y"":671,""t"":581},{""x"":940,""y"":660,""t"":617},{""x"":951,""y"":664,""t"":649},{""x"":1003,""y"":646,""t"":684},{""x"":1053,""y"":648,""t"":718},{""x"":1068,""y"":615,""t"":751},{""x"":1027,""y"":666,""t"":785},{""x"":995,""y"":664,""t"":820},{""x"":957,""y"":635,""t"":854},{""x"":923,""y"":596,""t"":887},{""x"":903,""y"":577,""t"":922},{""x"":888,""y"":558,""t"":955},{""x"":869,""y"":566,""t"":990},{""x"":855,""y"":634,""t"":1023},{""x"":888,""y"":610,""t"":1059},{""x"":955,""y"":634,""t"":1092},{""x"":981,""y"":643,""t"":1126},{""x"":1009,""y"":666,""t"":1160},{""x"":1032,""y"":577,""t"":1193},{""x"":1080,""y"":559,""t"":1228},{""x"":1090,""y"":576,""t"":1262},{""x"":1110,""y"":586,""t"":1296},{""x"":1090,""y"":538,""t"":1330},{""x"":1064,""y"":570,""t"":1364},{""x"":1041,""y"":598,""t"":1397},{""x"":995,""y"":602,""t"":1432},{""x"":926,""y"":608,""t"":1466},{""x"":860,""y"":587,""t"":1500},{""x"":859,""y"":627,""t"":1534},{""x"":898,""y"":589,""t"":1567},{""x"":921,""y"":570,""t"":1602},{""x"":971,""y"":512,""t"":1636},{""x"":1016,""y"":525,""t"":1670},{""x"":1064,""y"":516,""t"":1703},{""x"":1103,""y"":527,""t"":1739},{""x"":1134,""y"":536,""t"":1770},{""x"":1172,""y"":518,""t"":1806},{""x"":1192,""y"":518,""t"":1839},{""x"":1190,""y"":585,""t"":1874},{""x"":1178,""y"":575,""t"":1909},{""x"":1142,""y"":575,""t"":1941},{""x"":1121,""y"":555,""t"":1975}]","[{""x"":250,""y"":425,""width"":80,""height"":80,""top"":385,""right"":290,""bottom"":465,""left"":210},{""x"":400,""y"":165.1923788646684,""width"":80,""height"":80,""top"":125.1923788646684,""right"":440,""bottom"":205.1923788646684,""left"":360},{""x"":700,""y"":165.1923788646684,""width"":80,""height"":80,""top"":125.1923788646684,""right"":740,""bottom"":205.1923788646684,""left"":660},{""x"":850,""y"":425,""width"":80,""height"":80,""top"":385,""right"":890,""bottom"":465,""left"":810},{""x"":700,""y"":684.8076211353316,""width"":80,""height"":80,""top"":644.8076211353316,""right"":740,""bottom"":724.8076211353316,""left"":660},{""x"":400,""y"":684.8076211353316,""width"":80,""height"":80,""top"":644.8076211353316,""right"":440,""bottom"":724.8076211353316,""left"":360}]","{""#container"":{""x"":410,""y"":129.390625,""width"":1100,""height"":850,""top"":129.390625,""right"":1510,""bottom"":979.390625,""left"":410}}","[{'yellow': 0}, {'purple': 2}, {'green': 0}, {'blue': 7}, {'red': 0}, {'cyan': 0}]",{'blue_1': 7},blue_1
320,,,,553.0,9.0,9.0,"[""cyan"",""red"",""blue"",""green"",""yellow"",""purple""]",blue,True,"[{""x"":1289,""y"":345,""t"":4},{""x"":1386,""y"":140,""t"":38},{""x"":1496,""y"":-1,""t"":74},{""x"":1559,""y"":-108,""t"":105},{""x"":1635,""y"":-236,""t"":140},{""x"":1661,""y"":-298,""t"":175},{""x"":1703,""y"":-332,""t"":207},{""x"":1742,""y"":-341,""t"":243},{""x"":1738,""y"":-328,""t"":276},{""x"":1765,""y"":-319,""t"":309},{""x"":1743,""y"":-280,""t"":343},{""x"":1691,""y"":-152,""t"":377},{""x"":1527,""y"":28,""t"":411},{""x"":1388,""y"":132,""t"":446},{""x"":1295,""y"":229,""t"":480},{""x"":1162,""y"":293,""t"":513},{""x"":1024,""y"":312,""t"":548},{""x"":963,""y"":251,""t"":582},{""x"":913,""y"":313,""t"":616},{""x"":859,""y"":332,""t"":649},{""x"":834,""y"":290,""t"":684},{""x"":800,""y"":347,""t"":718},{""x"":834,""y"":382,""t"":752},{""x"":836,""y"":409,""t"":785},{""x"":860,""y"":410,""t"":820},{""x"":855,""y"":385,""t"":854},{""x"":842,""y"":341,""t"":888},{""x"":889,""y"":311,""t"":923},{""x"":913,""y"":309,""t"":953},{""x"":935,""y"":345,""t"":990},{""x"":962,""y"":313,""t"":1024},{""x"":955,""y"":323,""t"":1058},{""x"":940,""y"":433,""t"":1092},{""x"":878,""y"":563,""t"":1125},{""x"":847,""y"":670,""t"":1160},{""x"":849,""y"":691,""t"":1194},{""x"":859,""y"":654,""t"":1227},{""x"":865,""y"":648,""t"":1262},{""x"":815,""y"":579,""t"":1296},{""x"":848,""y"":578,""t"":1327},{""x"":891,""y"":597,""t"":1364},{""x"":894,""y"":600,""t"":1397},{""x"":833,""y"":620,""t"":1431},{""x"":868,""y"":592,""t"":1465},{""x"":877,""y"":581,""t"":1500},{""x"":935,""y"":543,""t"":1534},{""x"":960,""y"":543,""t"":1567},{""x"":965,""y"":515,""t"":1602},{""x"":1008,""y"":513,""t"":1636},{""x"":1016,""y"":453,""t"":1669},{""x"":1085,""y"":410,""t"":1704},{""x"":1151,""y"":361,""t"":1738},{""x"":1143,""y"":352,""t"":1772},{""x"":1058,""y"":356,""t"":1805},{""x"":1003,""y"":397,""t"":1839},{""x"":948,""y"":368,""t"":1874},{""x"":927,""y"":390,""t"":1907},{""x"":896,""y"":478,""t"":1942},{""x"":911,""y"":455,""t"":1975}]","[{""x"":250,""y"":425,""width"":80,""height"":80,""top"":385,""right"":290,""bottom"":465,""left"":210},{""x"":400,""y"":165.1923788646684,""width"":80,""height"":80,""top"":125.1923788646684,""right"":440,""bottom"":205.1923788646684,""left"":360},{""x"":700,""y"":165.1923788646684,""width"":80,""height"":80,""top"":125.1923788646684,""right"":740,""bottom"":205.1923788646684,""left"":660},{""x"":850,""y"":425,""width"":80,""height"":80,""top"":385,""right"":890,""bottom"":465,""left"":810},{""x"":700,""y"":684.8076211353316,""width"":80,""height"":80,""top"":644.8076211353316,""right"":740,""bottom"":724.8076211353316,""left"":660},{""x"":400,""y"":684.8076211353316,""width"":80,""height"":80,""top"":644.8076211353316,""right"":440,""bottom"":724.8076211353316,""left"":360}]","{""#container"":{""x"":410,""y"":129.390625,""width"":1100,""height"":850,""top"":129.390625,""right"":1510,""bottom"":979.390625,""left"":410}}","[{'cyan': 0}, {'red': 13}, {'blue': 8}, {'green': 0}, {'yellow': 0}, {'purple': 2}]",{'blue': 8},red
321,,,,705.0,6.0,6.0,"[""cyan"",""blue"",""purple"",""green"",""red"",""yellow""]",green_1,True,"[{""x"":875,""y"":520,""t"":4},{""x"":866,""y"":539,""t"":44},{""x"":904,""y"":555,""t"":73},{""x"":929,""y"":504,""t"":106},{""x"":966,""y"":549,""t"":140},{""x"":985,""y"":551,""t"":174},{""x"":1013,""y"":560,""t"":207},{""x"":989,""y"":581,""t"":241},{""x"":1013,""y"":540,""t"":276},{""x"":1028,""y"":497,""t"":307},{""x"":1027,""y"":518,""t"":344},{""x"":976,""y"":528,""t"":378},{""x"":946,""y"":514,""t"":411},{""x"":910,""y"":483,""t"":446},{""x"":909,""y"":508,""t"":481},{""x"":868,""y"":573,""t"":513},{""x"":849,""y"":526,""t"":547},{""x"":858,""y"":482,""t"":582},{""x"":870,""y"":427,""t"":616},{""x"":881,""y"":447,""t"":650},{""x"":926,""y"":482,""t"":684},{""x"":965,""y"":512,""t"":716},{""x"":970,""y"":478,""t"":752},{""x"":932,""y"":523,""t"":785},{""x"":882,""y"":509,""t"":820},{""x"":836,""y"":492,""t"":853},{""x"":841,""y"":503,""t"":888},{""x"":957,""y"":405,""t"":921},{""x"":1028,""y"":372,""t"":956},{""x"":1096,""y"":347,""t"":990},{""x"":1189,""y"":447,""t"":1024},{""x"":1173,""y"":616,""t"":1057},{""x"":1170,""y"":726,""t"":1092},{""x"":1123,""y"":824,""t"":1125},{""x"":1121,""y"":839,""t"":1161},{""x"":1131,""y"":907,""t"":1193},{""x"":1156,""y"":927,""t"":1228},{""x"":1120,""y"":973,""t"":1262},{""x"":1070,""y"":965,""t"":1296},{""x"":1054,""y"":893,""t"":1331},{""x"":1015,""y"":765,""t"":1363},{""x"":967,""y"":682,""t"":1397},{""x"":887,""y"":753,""t"":1432},{""x"":844,""y"":720,""t"":1466},{""x"":828,""y"":756,""t"":1500},{""x"":877,""y"":713,""t"":1533},{""x"":901,""y"":686,""t"":1568},{""x"":910,""y"":616,""t"":1602},{""x"":936,""y"":575,""t"":1635},{""x"":957,""y"":534,""t"":1670},{""x"":972,""y"":465,""t"":1704},{""x"":989,""y"":466,""t"":1738},{""x"":979,""y"":437,""t"":1771},{""x"":971,""y"":402,""t"":1805},{""x"":978,""y"":378,""t"":1840},{""x"":981,""y"":375,""t"":1873},{""x"":982,""y"":350,""t"":1907},{""x"":924,""y"":378,""t"":1941},{""x"":929,""y"":389,""t"":1976}]","[{""x"":250,""y"":425,""width"":80,""height"":80,""top"":385,""right"":290,""bottom"":465,""left"":210},{""x"":400,""y"":165.1923788646684,""width"":80,""height"":80,""top"":125.1923788646684,""right"":440,""bottom"":205.1923788646684,""left"":360},{""x"":700,""y"":165.1923788646684,""width"":80,""height"":80,""top"":125.1923788646684,""right"":740,""bottom"":205.1923788646684,""left"":660},{""x"":850,""y"":425,""width"":80,""height"":80,""top"":385,""right"":890,""bottom"":465,""left"":810},{""x"":700,""y"":684.8076211353316,""width"":80,""height"":80,""top"":644.8076211353316,""right"":740,""bottom"":724.8076211353316,""left"":660},{""x"":400,""y"":684.8076211353316,""width"":80,""height"":80,""top"":644.8076211353316,""right"":440,""bottom"":724.8076211353316,""left"":360}]","{""#container"":{""x"":410,""y"":129.390625,""width"":1100,""height"":850,""top"":129.390625,""right"":1510,""bottom"":979.390625,""left"":410}}","[{'cyan': 0}, {'blue': 2}, {'purple': 3}, {'green': 2}, {'red': 7}, {'yellow': 4}]",{'green_1': 2},red
322,,,,786.0,7.0,7.0,"[""purple"",""cyan"",""green"",""yellow"",""red"",""blue""]",cyan,True,"[{""x"":935,""y"":342,""t"":4},{""x"":1001,""y"":295,""t"":41},{""x"":989,""y"":264,""t"":72},{""x"":1010,""y"":277,""t"":106},{""x"":1093,""y"":296,""t"":140},{""x"":1058,""y"":328,""t"":174},{""x"":1049,""y"":341,""t"":208},{""x"":1007,""y"":326,""t"":242},{""x"":1046,""y"":216,""t"":276},{""x"":1042,""y"":273,""t"":310},{""x"":1053,""y"":153,""t"":344},{""x"":1036,""y"":172,""t"":378},{""x"":1059,""y"":177,""t"":412},{""x"":1035,""y"":134,""t"":445},{""x"":1004,""y"":140,""t"":479},{""x"":1003,""y"":144,""t"":514},{""x"":988,""y"":157,""t"":548},{""x"":929,""y"":193,""t"":582},{""x"":905,""y"":185,""t"":615},{""x"":884,""y"":167,""t"":650},{""x"":866,""y"":194,""t"":684},{""x"":833,""y"":243,""t"":718},{""x"":807,""y"":284,""t"":749},{""x"":795,""y"":290,""t"":786},{""x"":771,""y"":317,""t"":820},{""x"":751,""y"":334,""t"":855},{""x"":726,""y"":349,""t"":888},{""x"":709,""y"":371,""t"":922},{""x"":700,""y"":465,""t"":956},{""x"":744,""y"":532,""t"":990},{""x"":740,""y"":535,""t"":1024},{""x"":771,""y"":622,""t"":1058},{""x"":786,""y"":735,""t"":1091},{""x"":849,""y"":827,""t"":1126},{""x"":886,""y"":906,""t"":1158},{""x"":929,""y"":1023,""t"":1194},{""x"":931,""y"":1041,""t"":1228},{""x"":933,""y"":1134,""t"":1263},{""x"":953,""y"":1130,""t"":1296},{""x"":909,""y"":1166,""t"":1330},{""x"":957,""y"":1162,""t"":1364},{""x"":960,""y"":1112,""t"":1398},{""x"":967,""y"":1089,""t"":1432},{""x"":1005,""y"":1034,""t"":1466},{""x"":981,""y"":1020,""t"":1499},{""x"":949,""y"":937,""t"":1534},{""x"":978,""y"":829,""t"":1568},{""x"":1028,""y"":753,""t"":1602},{""x"":1028,""y"":688,""t"":1636},{""x"":1019,""y"":619,""t"":1670},{""x"":1010,""y"":552,""t"":1704},{""x"":1015,""y"":483,""t"":1738},{""x"":1016,""y"":432,""t"":1773},{""x"":1009,""y"":397,""t"":1806},{""x"":963,""y"":335,""t"":1840},{""x"":932,""y"":322,""t"":1873},{""x"":901,""y"":328,""t"":1908},{""x"":885,""y"":298,""t"":1942},{""x"":917,""y"":368,""t"":1976}]","[{""x"":250,""y"":425,""width"":80,""height"":80,""top"":385,""right"":290,""bottom"":465,""left"":210},{""x"":400,""y"":165.1923788646684,""width"":80,""height"":80,""top"":125.1923788646684,""right"":440,""bottom"":205.1923788646684,""left"":360},{""x"":700,""y"":165.1923788646684,""width"":80,""height"":80,""top"":125.1923788646684,""right"":740,""bottom"":205.1923788646684,""left"":660},{""x"":850,""y"":425,""width"":80,""height"":80,""top"":385,""right"":890,""bottom"":465,""left"":810},{""x"":700,""y"":684.8076211353316,""width"":80,""height"":80,""top"":644.8076211353316,""right"":740,""bottom"":724.8076211353316,""left"":660},{""x"":400,""y"":684.8076211353316,""width"":80,""height"":80,""top"":644.8076211353316,""right"":440,""bottom"":724.8076211353316,""left"":360}]","{""#container"":{""x"":410,""y"":129.390625,""width"":1100,""height"":850,""top"":129.390625,""right"":1510,""bottom"":979.390625,""left"":410}}","[{'purple': 4}, {'cyan': 15}, {'green': 12}, {'yellow': 0}, {'red': 2}, {'blue': 3}]",{'cyan': 15},cyan
323,,,,574.0,3.0,3.0,"[""blue"",""purple"",""red"",""cyan"",""green"",""yellow""]",green,True,"[{""x"":940,""y"":336,""t"":4},{""x"":959,""y"":364,""t"":41},{""x"":980,""y"":373,""t"":72},{""x"":992,""y"":372,""t"":106},{""x"":1008,""y"":319,""t"":140},{""x"":1021,""y"":305,""t"":174},{""x"":1087,""y"":313,""t"":207},{""x"":1084,""y"":281,""t"":243},{""x"":1047,""y"":280,""t"":275},{""x"":1017,""y"":315,""t"":307},{""x"":979,""y"":445,""t"":344},{""x"":964,""y"":468,""t"":378},{""x"":909,""y"":482,""t"":411},{""x"":892,""y"":515,""t"":446},{""x"":885,""y"":498,""t"":479},{""x"":856,""y"":539,""t"":515},{""x"":858,""y"":575,""t"":548},{""x"":864,""y"":549,""t"":582},{""x"":899,""y"":528,""t"":615},{""x"":972,""y"":637,""t"":650},{""x"":1059,""y"":726,""t"":684},{""x"":1139,""y"":792,""t"":716},{""x"":1177,""y"":875,""t"":752},{""x"":1193,""y"":926,""t"":786},{""x"":1212,""y"":999,""t"":820},{""x"":1215,""y"":1025,""t"":853},{""x"":1233,""y"":1041,""t"":888},{""x"":1237,""y"":962,""t"":921},{""x"":1259,""y"":823,""t"":955},{""x"":1254,""y"":682,""t"":990},{""x"":1267,""y"":537,""t"":1024},{""x"":1268,""y"":435,""t"":1058},{""x"":1243,""y"":369,""t"":1092},{""x"":1240,""y"":294,""t"":1126},{""x"":1209,""y"":251,""t"":1159},{""x"":1213,""y"":232,""t"":1203},{""x"":1220,""y"":227,""t"":1230},{""x"":1241,""y"":242,""t"":1262},{""x"":1251,""y"":286,""t"":1296},{""x"":1208,""y"":291,""t"":1330},{""x"":1179,""y"":253,""t"":1364},{""x"":1118,""y"":294,""t"":1398},{""x"":1067,""y"":335,""t"":1432},{""x"":1008,""y"":402,""t"":1466},{""x"":958,""y"":447,""t"":1499},{""x"":898,""y"":577,""t"":1534},{""x"":886,""y"":628,""t"":1567},{""x"":942,""y"":698,""t"":1602},{""x"":974,""y"":731,""t"":1636},{""x"":1020,""y"":707,""t"":1670},{""x"":1053,""y"":638,""t"":1704},{""x"":1062,""y"":592,""t"":1738},{""x"":1083,""y"":552,""t"":1772},{""x"":1099,""y"":516,""t"":1805},{""x"":1168,""y"":459,""t"":1840},{""x"":1214,""y"":385,""t"":1874},{""x"":1244,""y"":355,""t"":1908},{""x"":1276,""y"":367,""t"":1942},{""x"":1311,""y"":306,""t"":1975}]","[{""x"":250,""y"":425,""width"":80,""height"":80,""top"":385,""right"":290,""bottom"":465,""left"":210},{""x"":400,""y"":165.1923788646684,""width"":80,""height"":80,""top"":125.1923788646684,""right"":440,""bottom"":205.1923788646684,""left"":360},{""x"":700,""y"":165.1923788646684,""width"":80,""height"":80,""top"":125.1923788646684,""right"":740,""bottom"":205.1923788646684,""left"":660},{""x"":850,""y"":425,""width"":80,""height"":80,""top"":385,""right"":890,""bottom"":465,""left"":810},{""x"":700,""y"":684.8076211353316,""width"":80,""height"":80,""top"":644.8076211353316,""right"":740,""bottom"":724.8076211353316,""left"":660},{""x"":400,""y"":684.8076211353316,""width"":80,""height"":80,""top"":644.8076211353316,""right"":440,""bottom"":724.8076211353316,""left"":360}]","{""#container"":{""x"":410,""y"":129.390625,""width"":1100,""height"":850,""top"":129.390625,""right"":1510,""bottom"":979.390625,""left"":410}}","[{'blue': 0}, {'purple': 1}, {'red': 20}, {'cyan': 4}, {'green': 6}, {'yellow': 0}]",{'green': 6},red
324,,,,1299.0,1.0,1.0,"[""purple"",""red"",""yellow"",""blue"",""cyan"",""green""]",green,True,"[{""x"":1274,""y"":363,""t"":4},{""x"":1213,""y"":385,""t"":42},{""x"":1185,""y"":411,""t"":72},{""x"":1141,""y"":425,""t"":106},{""x"":1080,""y"":431,""t"":140},{""x"":1018,""y"":472,""t"":174},{""x"":1010,""y"":467,""t"":207},{""x"":993,""y"":481,""t"":243},{""x"":973,""y"":488,""t"":275},{""x"":987,""y"":514,""t"":309},{""x"":987,""y"":564,""t"":344},{""x"":959,""y"":602,""t"":378},{""x"":937,""y"":629,""t"":412},{""x"":926,""y"":618,""t"":446},{""x"":903,""y"":602,""t"":479},{""x"":912,""y"":642,""t"":514},{""x"":942,""y"":642,""t"":547},{""x"":969,""y"":617,""t"":582},{""x"":1002,""y"":626,""t"":616},{""x"":1054,""y"":654,""t"":649},{""x"":1087,""y"":649,""t"":684},{""x"":1151,""y"":650,""t"":717},{""x"":1193,""y"":637,""t"":752},{""x"":1249,""y"":576,""t"":786},{""x"":1265,""y"":568,""t"":820},{""x"":1275,""y"":562,""t"":852},{""x"":1269,""y"":537,""t"":888},{""x"":1173,""y"":508,""t"":921},{""x"":1134,""y"":548,""t"":956},{""x"":1088,""y"":536,""t"":989},{""x"":1059,""y"":512,""t"":1023},{""x"":1050,""y"":479,""t"":1058},{""x"":1020,""y"":474,""t"":1092},{""x"":1008,""y"":476,""t"":1126},{""x"":981,""y"":485,""t"":1160},{""x"":972,""y"":499,""t"":1194},{""x"":978,""y"":482,""t"":1227},{""x"":1045,""y"":475,""t"":1263},{""x"":1084,""y"":423,""t"":1296},{""x"":1108,""y"":470,""t"":1330},{""x"":1127,""y"":496,""t"":1364},{""x"":1156,""y"":518,""t"":1398},{""x"":1165,""y"":510,""t"":1432},{""x"":1173,""y"":526,""t"":1466},{""x"":1143,""y"":504,""t"":1499},{""x"":1146,""y"":508,""t"":1534},{""x"":1125,""y"":528,""t"":1567},{""x"":1039,""y"":500,""t"":1601},{""x"":997,""y"":450,""t"":1635},{""x"":975,""y"":435,""t"":1671},{""x"":966,""y"":435,""t"":1704},{""x"":919,""y"":448,""t"":1737},{""x"":892,""y"":503,""t"":1773},{""x"":866,""y"":541,""t"":1805},{""x"":887,""y"":517,""t"":1839},{""x"":884,""y"":553,""t"":1874},{""x"":920,""y"":544,""t"":1908},{""x"":933,""y"":599,""t"":1942},{""x"":954,""y"":592,""t"":1977}]","[{""x"":250,""y"":425,""width"":80,""height"":80,""top"":385,""right"":290,""bottom"":465,""left"":210},{""x"":400,""y"":165.1923788646684,""width"":80,""height"":80,""top"":125.1923788646684,""right"":440,""bottom"":205.1923788646684,""left"":360},{""x"":700,""y"":165.1923788646684,""width"":80,""height"":80,""top"":125.1923788646684,""right"":740,""bottom"":205.1923788646684,""left"":660},{""x"":850,""y"":425,""width"":80,""height"":80,""top"":385,""right"":890,""bottom"":465,""left"":810},{""x"":700,""y"":684.8076211353316,""width"":80,""height"":80,""top"":644.8076211353316,""right"":740,""bottom"":724.8076211353316,""left"":660},{""x"":400,""y"":684.8076211353316,""width"":80,""height"":80,""top"":644.8076211353316,""right"":440,""bottom"":724.8076211353316,""left"":360}]","{""#container"":{""x"":410,""y"":129.390625,""width"":1100,""height"":850,""top"":129.390625,""right"":1510,""bottom"":979.390625,""left"":410}}","[{'purple': 0}, {'red': 0}, {'yellow': 5}, {'blue': 15}, {'cyan': 0}, {'green': 0}]",,blue
325,,,,825.0,9.0,9.0,"[""cyan"",""red"",""green"",""purple"",""blue"",""yellow""]",green,True,"[{""x"":966,""y"":604,""t"":4},{""x"":980,""y"":479,""t"":44},{""x"":970,""y"":459,""t"":73},{""x"":967,""y"":508,""t"":105},{""x"":1024,""y"":480,""t"":140},{""x"":1041,""y"":477,""t"":174},{""x"":1006,""y"":421,""t"":208},{""x"":976,""y"":368,""t"":242},{""x"":1022,""y"":391,""t"":276},{""x"":985,""y"":365,""t"":310},{""x"":967,""y"":401,""t"":345},{""x"":900,""y"":373,""t"":379},{""x"":828,""y"":399,""t"":411},{""x"":777,""y"":468,""t"":446},{""x"":779,""y"":515,""t"":479},{""x"":803,""y"":476,""t"":516},{""x"":851,""y"":515,""t"":548},{""x"":876,""y"":479,""t"":581},{""x"":922,""y"":474,""t"":615},{""x"":1022,""y"":496,""t"":651},{""x"":1072,""y"":480,""t"":685},{""x"":1102,""y"":484,""t"":718},{""x"":1146,""y"":473,""t"":751},{""x"":1176,""y"":423,""t"":786},{""x"":1193,""y"":464,""t"":819},{""x"":1228,""y"":447,""t"":854},{""x"":1283,""y"":453,""t"":888},{""x"":1277,""y"":463,""t"":922},{""x"":1207,""y"":482,""t"":956},{""x"":1187,""y"":499,""t"":990},{""x"":1151,""y"":495,""t"":1024},{""x"":1144,""y"":513,""t"":1058},{""x"":1129,""y"":524,""t"":1092},{""x"":1092,""y"":530,""t"":1126},{""x"":1046,""y"":517,""t"":1159},{""x"":1019,""y"":471,""t"":1194},{""x"":997,""y"":455,""t"":1228},{""x"":1001,""y"":444,""t"":1262},{""x"":1014,""y"":416,""t"":1296},{""x"":1022,""y"":428,""t"":1330},{""x"":1075,""y"":387,""t"":1365},{""x"":1102,""y"":320,""t"":1397},{""x"":1111,""y"":406,""t"":1431},{""x"":1088,""y"":427,""t"":1466},{""x"":1069,""y"":445,""t"":1498},{""x"":1000,""y"":455,""t"":1534},{""x"":989,""y"":508,""t"":1569},{""x"":939,""y"":550,""t"":1602},{""x"":944,""y"":598,""t"":1637},{""x"":959,""y"":633,""t"":1670},{""x"":1053,""y"":568,""t"":1705},{""x"":1095,""y"":558,""t"":1738},{""x"":1123,""y"":492,""t"":1772},{""x"":1095,""y"":493,""t"":1806},{""x"":1077,""y"":463,""t"":1840},{""x"":1084,""y"":376,""t"":1874},{""x"":1072,""y"":359,""t"":1908},{""x"":1051,""y"":383,""t"":1942},{""x"":1079,""y"":401,""t"":1977}]","[{""x"":250,""y"":425,""width"":80,""height"":80,""top"":385,""right"":290,""bottom"":465,""left"":210},{""x"":400,""y"":165.1923788646684,""width"":80,""height"":80,""top"":125.1923788646684,""right"":440,""bottom"":205.1923788646684,""left"":360},{""x"":700,""y"":165.1923788646684,""width"":80,""height"":80,""top"":125.1923788646684,""right"":740,""bottom"":205.1923788646684,""left"":660},{""x"":850,""y"":425,""width"":80,""height"":80,""top"":385,""right"":890,""bottom"":465,""left"":810},{""x"":700,""y"":684.8076211353316,""width"":80,""height"":80,""top"":644.8076211353316,""right"":740,""bottom"":724.8076211353316,""left"":660},{""x"":400,""y"":684.8076211353316,""width"":80,""height"":80,""top"":644.8076211353316,""right"":440,""bottom"":724.8076211353316,""left"":360}]","{""#container"":{""x"":410,""y"":129.390625,""width"":1100,""height"":850,""top"":129.390625,""right"":1510,""bottom"":979.390625,""left"":410}}","[{'cyan': 2}, {'red': 2}, {'green': 11}, {'purple': 10}, {'blue': 0}, {'yellow': 0}]",{'green': 11},green
326,,,,769.0,9.0,9.0,"[""blue"",""purple"",""cyan"",""red"",""yellow"",""green""]",cyan_1,True,"[{""x"":1083,""y"":364,""t"":4},{""x"":1070,""y"":389,""t"":43},{""x"":1059,""y"":384,""t"":72},{""x"":1015,""y"":408,""t"":106},{""x"":982,""y"":454,""t"":140},{""x"":968,""y"":471,""t"":175},{""x"":912,""y"":511,""t"":208},{""x"":864,""y"":571,""t"":242},{""x"":872,""y"":646,""t"":276},{""x"":886,""y"":692,""t"":310},{""x"":895,""y"":681,""t"":344},{""x"":945,""y"":613,""t"":378},{""x"":991,""y"":599,""t"":411},{""x"":1026,""y"":579,""t"":447},{""x"":1073,""y"":503,""t"":479},{""x"":1059,""y"":496,""t"":514},{""x"":1088,""y"":478,""t"":547},{""x"":1053,""y"":467,""t"":581},{""x"":1026,""y"":457,""t"":613},{""x"":1093,""y"":443,""t"":649},{""x"":1070,""y"":436,""t"":683},{""x"":1087,""y"":462,""t"":718},{""x"":1094,""y"":494,""t"":753},{""x"":1111,""y"":569,""t"":785},{""x"":1133,""y"":633,""t"":819},{""x"":1115,""y"":638,""t"":854},{""x"":1081,""y"":639,""t"":888},{""x"":1059,""y"":590,""t"":922},{""x"":1005,""y"":609,""t"":955},{""x"":974,""y"":612,""t"":988},{""x"":927,""y"":632,""t"":1023},{""x"":904,""y"":625,""t"":1058},{""x"":919,""y"":605,""t"":1091},{""x"":954,""y"":566,""t"":1125},{""x"":950,""y"":581,""t"":1159},{""x"":934,""y"":567,""t"":1194},{""x"":914,""y"":500,""t"":1228},{""x"":913,""y"":502,""t"":1261},{""x"":952,""y"":496,""t"":1296},{""x"":998,""y"":480,""t"":1330},{""x"":1033,""y"":495,""t"":1364},{""x"":1076,""y"":485,""t"":1398},{""x"":1145,""y"":471,""t"":1432},{""x"":1183,""y"":533,""t"":1465},{""x"":1202,""y"":504,""t"":1500},{""x"":1203,""y"":507,""t"":1534},{""x"":1244,""y"":417,""t"":1568},{""x"":1236,""y"":347,""t"":1602},{""x"":1267,""y"":290,""t"":1637},{""x"":1262,""y"":242,""t"":1670},{""x"":1258,""y"":268,""t"":1704},{""x"":1249,""y"":227,""t"":1738},{""x"":1240,""y"":237,""t"":1772},{""x"":1238,""y"":265,""t"":1806},{""x"":1208,""y"":318,""t"":1839},{""x"":1182,""y"":338,""t"":1874},{""x"":1167,""y"":397,""t"":1908},{""x"":1118,""y"":411,""t"":1942},{""x"":1075,""y"":408,""t"":1976}]","[{""x"":250,""y"":425,""width"":80,""height"":80,""top"":385,""right"":290,""bottom"":465,""left"":210},{""x"":400,""y"":165.1923788646684,""width"":80,""height"":80,""top"":125.1923788646684,""right"":440,""bottom"":205.1923788646684,""left"":360},{""x"":700,""y"":165.1923788646684,""width"":80,""height"":80,""top"":125.1923788646684,""right"":740,""bottom"":205.1923788646684,""left"":660},{""x"":850,""y"":425,""width"":80,""height"":80,""top"":385,""right"":890,""bottom"":465,""left"":810},{""x"":700,""y"":684.8076211353316,""width"":80,""height"":80,""top"":644.8076211353316,""right"":740,""bottom"":724.8076211353316,""left"":660},{""x"":400,""y"":684.8076211353316,""width"":80,""height"":80,""top"":644.8076211353316,""right"":440,""bottom"":724.8076211353316,""left"":360}]","{""#container"":{""x"":410,""y"":129.390625,""width"":1100,""height"":850,""top"":129.390625,""right"":1510,""bottom"":979.390625,""left"":410}}","[{'blue': 0}, {'purple': 0}, {'cyan': 14}, {'red': 7}, {'yellow': 0}, {'green': 1}]",{'cyan_1': 14},cyan_1
327,,,,857.0,1.0,1.0,"[""green"",""cyan"",""red"",""blue"",""purple"",""yellow""]",yellow,True,"[{""x"":1072,""y"":358,""t"":4},{""x"":1098,""y"":327,""t"":38},{""x"":1139,""y"":328,""t"":73},{""x"":1158,""y"":287,""t"":107},{""x"":1172,""y"":288,""t"":140},{""x"":1181,""y"":268,""t"":174},{""x"":1168,""y"":270,""t"":207},{""x"":1117,""y"":252,""t"":241},{""x"":1090,""y"":207,""t"":276},{""x"":1108,""y"":231,""t"":310},{""x"":1134,""y"":263,""t"":344},{""x"":1106,""y"":273,""t"":378},{""x"":1089,""y"":234,""t"":412},{""x"":1099,""y"":266,""t"":445},{""x"":1097,""y"":264,""t"":480},{""x"":1070,""y"":226,""t"":514},{""x"":1101,""y"":258,""t"":547},{""x"":1164,""y"":174,""t"":581},{""x"":1138,""y"":201,""t"":616},{""x"":1071,""y"":203,""t"":650},{""x"":1024,""y"":187,""t"":684},{""x"":992,""y"":190,""t"":717},{""x"":933,""y"":281,""t"":751},{""x"":872,""y"":393,""t"":786},{""x"":815,""y"":468,""t"":820},{""x"":820,""y"":546,""t"":854},{""x"":815,""y"":587,""t"":887},{""x"":862,""y"":642,""t"":922},{""x"":904,""y"":671,""t"":956},{""x"":973,""y"":642,""t"":989},{""x"":1093,""y"":517,""t"":1024},{""x"":1102,""y"":560,""t"":1057},{""x"":1130,""y"":464,""t"":1092},{""x"":1156,""y"":461,""t"":1126},{""x"":1170,""y"":469,""t"":1161},{""x"":1198,""y"":423,""t"":1193},{""x"":1228,""y"":396,""t"":1228},{""x"":1225,""y"":409,""t"":1263},{""x"":1220,""y"":447,""t"":1296},{""x"":1257,""y"":459,""t"":1330},{""x"":1327,""y"":495,""t"":1363},{""x"":1354,""y"":575,""t"":1398},{""x"":1365,""y"":663,""t"":1433},{""x"":1351,""y"":741,""t"":1465},{""x"":1317,""y"":752,""t"":1500},{""x"":1276,""y"":773,""t"":1533},{""x"":1234,""y"":843,""t"":1568},{""x"":1214,""y"":865,""t"":1602},{""x"":1198,""y"":913,""t"":1635},{""x"":1218,""y"":983,""t"":1669},{""x"":1190,""y"":996,""t"":1705},{""x"":1191,""y"":1043,""t"":1738},{""x"":1226,""y"":1056,""t"":1772},{""x"":1237,""y"":923,""t"":1805},{""x"":1209,""y"":764,""t"":1839},{""x"":1228,""y"":640,""t"":1873},{""x"":1222,""y"":518,""t"":1908},{""x"":1181,""y"":399,""t"":1942},{""x"":1127,""y"":318,""t"":1975}]","[{""x"":250,""y"":425,""width"":80,""height"":80,""top"":385,""right"":290,""bottom"":465,""left"":210},{""x"":400,""y"":165.1923788646684,""width"":80,""height"":80,""top"":125.1923788646684,""right"":440,""bottom"":205.1923788646684,""left"":360},{""x"":700,""y"":165.1923788646684,""width"":80,""height"":80,""top"":125.1923788646684,""right"":740,""bottom"":205.1923788646684,""left"":660},{""x"":850,""y"":425,""width"":80,""height"":80,""top"":385,""right"":890,""bottom"":465,""left"":810},{""x"":700,""y"":684.8076211353316,""width"":80,""height"":80,""top"":644.8076211353316,""right"":740,""bottom"":724.8076211353316,""left"":660},{""x"":400,""y"":684.8076211353316,""width"":80,""height"":80,""top"":644.8076211353316,""right"":440,""bottom"":724.8076211353316,""left"":360}]","{""#container"":{""x"":410,""y"":129.390625,""width"":1100,""height"":850,""top"":129.390625,""right"":1510,""bottom"":979.390625,""left"":410}}","[{'green': 0}, {'cyan': 2}, {'red': 23}, {'blue': 10}, {'purple': 4}, {'yellow': 0}]",,red
328,,,,744.0,1.0,1.0,"[""blue"",""green"",""red"",""purple"",""cyan"",""yellow""]",yellow_1,True,"[{""x"":1121,""y"":228,""t"":4},{""x"":1109,""y"":273,""t"":49},{""x"":1105,""y"":209,""t"":75},{""x"":1106,""y"":128,""t"":107},{""x"":1133,""y"":200,""t"":140},{""x"":1161,""y"":160,""t"":174},{""x"":1178,""y"":196,""t"":207},{""x"":1200,""y"":139,""t"":242},{""x"":1223,""y"":258,""t"":276},{""x"":1236,""y"":228,""t"":310},{""x"":1239,""y"":260,""t"":343},{""x"":1193,""y"":181,""t"":379},{""x"":1135,""y"":175,""t"":411},{""x"":1115,""y"":144,""t"":446},{""x"":1104,""y"":107,""t"":479},{""x"":1090,""y"":74,""t"":514},{""x"":1079,""y"":31,""t"":548},{""x"":1012,""y"":88,""t"":581},{""x"":1041,""y"":28,""t"":615},{""x"":1061,""y"":7,""t"":650},{""x"":1075,""y"":25,""t"":683},{""x"":1063,""y"":223,""t"":719},{""x"":1002,""y"":291,""t"":752},{""x"":963,""y"":370,""t"":786},{""x"":922,""y"":421,""t"":820},{""x"":923,""y"":430,""t"":853},{""x"":929,""y"":543,""t"":888},{""x"":961,""y"":640,""t"":922},{""x"":1021,""y"":660,""t"":955},{""x"":1091,""y"":599,""t"":990},{""x"":1151,""y"":537,""t"":1023},{""x"":1213,""y"":452,""t"":1057},{""x"":1251,""y"":393,""t"":1091},{""x"":1270,""y"":344,""t"":1126},{""x"":1297,""y"":316,""t"":1160},{""x"":1328,""y"":313,""t"":1194},{""x"":1326,""y"":290,""t"":1228},{""x"":1358,""y"":272,""t"":1262},{""x"":1356,""y"":243,""t"":1295},{""x"":1375,""y"":241,""t"":1329},{""x"":1362,""y"":212,""t"":1364},{""x"":1365,""y"":216,""t"":1398},{""x"":1332,""y"":210,""t"":1432},{""x"":1326,""y"":215,""t"":1466},{""x"":1305,""y"":232,""t"":1501},{""x"":1271,""y"":205,""t"":1534},{""x"":1242,""y"":197,""t"":1568},{""x"":1187,""y"":135,""t"":1601},{""x"":1143,""y"":118,""t"":1636},{""x"":1102,""y"":200,""t"":1670},{""x"":1034,""y"":238,""t"":1704},{""x"":977,""y"":299,""t"":1738},{""x"":925,""y"":356,""t"":1772},{""x"":902,""y"":458,""t"":1806},{""x"":904,""y"":499,""t"":1839},{""x"":961,""y"":545,""t"":1874},{""x"":1008,""y"":537,""t"":1908},{""x"":1063,""y"":542,""t"":1942},{""x"":1082,""y"":489,""t"":1976}]","[{""x"":250,""y"":425,""width"":80,""height"":80,""top"":385,""right"":290,""bottom"":465,""left"":210},{""x"":400,""y"":165.1923788646684,""width"":80,""height"":80,""top"":125.1923788646684,""right"":440,""bottom"":205.1923788646684,""left"":360},{""x"":700,""y"":165.1923788646684,""width"":80,""height"":80,""top"":125.1923788646684,""right"":740,""bottom"":205.1923788646684,""left"":660},{""x"":850,""y"":425,""width"":80,""height"":80,""top"":385,""right"":890,""bottom"":465,""left"":810},{""x"":700,""y"":684.8076211353316,""width"":80,""height"":80,""top"":644.8076211353316,""right"":740,""bottom"":724.8076211353316,""left"":660},{""x"":400,""y"":684.8076211353316,""width"":80,""height"":80,""top"":644.8076211353316,""right"":440,""bottom"":724.8076211353316,""left"":360}]","{""#container"":{""x"":410,""y"":129.390625,""width"":1100,""height"":850,""top"":129.390625,""right"":1510,""bottom"":979.390625,""left"":410}}","[{'blue': 0}, {'green': 1}, {'red': 16}, {'purple': 2}, {'cyan': 0}, {'yellow': 0}]",,red
329,,,,650.0,3.0,3.0,"[""yellow"",""green"",""purple"",""cyan"",""blue"",""red""]",blue_1,True,"[{""x"":1105,""y"":419,""t"":3},{""x"":1170,""y"":392,""t"":37},{""x"":1152,""y"":404,""t"":72},{""x"":1192,""y"":333,""t"":106},{""x"":1242,""y"":290,""t"":140},{""x"":1259,""y"":248,""t"":174},{""x"":1279,""y"":215,""t"":207},{""x"":1261,""y"":218,""t"":242},{""x"":1231,""y"":194,""t"":277},{""x"":1258,""y"":202,""t"":310},{""x"":1177,""y"":274,""t"":344},{""x"":1081,""y"":291,""t"":378},{""x"":1015,""y"":284,""t"":411},{""x"":957,""y"":318,""t"":445},{""x"":945,""y"":394,""t"":480},{""x"":977,""y"":504,""t"":514},{""x"":1011,""y"":531,""t"":549},{""x"":1089,""y"":477,""t"":582},{""x"":1106,""y"":508,""t"":616},{""x"":1129,""y"":458,""t"":650},{""x"":1185,""y"":460,""t"":683},{""x"":1230,""y"":431,""t"":718},{""x"":1307,""y"":433,""t"":752},{""x"":1313,""y"":372,""t"":786},{""x"":1348,""y"":366,""t"":820},{""x"":1393,""y"":361,""t"":854},{""x"":1353,""y"":307,""t"":888},{""x"":1365,""y"":316,""t"":922},{""x"":1335,""y"":316,""t"":955},{""x"":1349,""y"":316,""t"":990},{""x"":1307,""y"":302,""t"":1025},{""x"":1323,""y"":299,""t"":1058},{""x"":1334,""y"":241,""t"":1091},{""x"":1292,""y"":267,""t"":1130},{""x"":1264,""y"":296,""t"":1159},{""x"":1251,""y"":259,""t"":1193},{""x"":1270,""y"":238,""t"":1228},{""x"":1267,""y"":240,""t"":1261},{""x"":1251,""y"":228,""t"":1296},{""x"":1269,""y"":188,""t"":1329},{""x"":1286,""y"":122,""t"":1365},{""x"":1323,""y"":99,""t"":1397},{""x"":1304,""y"":136,""t"":1432},{""x"":1329,""y"":161,""t"":1465},{""x"":1331,""y"":166,""t"":1500},{""x"":1375,""y"":174,""t"":1534},{""x"":1394,""y"":188,""t"":1567},{""x"":1402,""y"":183,""t"":1602},{""x"":1337,""y"":197,""t"":1636},{""x"":1279,""y"":155,""t"":1670},{""x"":1213,""y"":111,""t"":1713},{""x"":1143,""y"":72,""t"":1740},{""x"":1050,""y"":132,""t"":1772},{""x"":994,""y"":247,""t"":1806},{""x"":952,""y"":311,""t"":1840},{""x"":913,""y"":346,""t"":1874},{""x"":866,""y"":435,""t"":1907},{""x"":868,""y"":422,""t"":1942},{""x"":906,""y"":411,""t"":1976}]","[{""x"":250,""y"":425,""width"":80,""height"":80,""top"":385,""right"":290,""bottom"":465,""left"":210},{""x"":400,""y"":165.1923788646684,""width"":80,""height"":80,""top"":125.1923788646684,""right"":440,""bottom"":205.1923788646684,""left"":360},{""x"":700,""y"":165.1923788646684,""width"":80,""height"":80,""top"":125.1923788646684,""right"":740,""bottom"":205.1923788646684,""left"":660},{""x"":850,""y"":425,""width"":80,""height"":80,""top"":385,""right"":890,""bottom"":465,""left"":810},{""x"":700,""y"":684.8076211353316,""width"":80,""height"":80,""top"":644.8076211353316,""right"":740,""bottom"":724.8076211353316,""left"":660},{""x"":400,""y"":684.8076211353316,""width"":80,""height"":80,""top"":644.8076211353316,""right"":440,""bottom"":724.8076211353316,""left"":360}]","{""#container"":{""x"":410,""y"":129.390625,""width"":1100,""height"":850,""top"":129.390625,""right"":1510,""bottom"":979.390625,""left"":410}}","[{'yellow': 0}, {'green': 4}, {'purple': 10}, {'cyan': 3}, {'blue': 0}, {'red': 0}]",,purple
330,,,,1137.0,4.0,4.0,"[""cyan"",""purple"",""yellow"",""red"",""blue"",""green""]",cyan_1,True,"[{""x"":945,""y"":341,""t"":5},{""x"":996,""y"":283,""t"":52},{""x"":1042,""y"":233,""t"":72},{""x"":1081,""y"":191,""t"":104},{""x"":1101,""y"":163,""t"":140},{""x"":1115,""y"":125,""t"":174},{""x"":1120,""y"":95,""t"":208},{""x"":1128,""y"":52,""t"":242},{""x"":1127,""y"":121,""t"":276},{""x"":1060,""y"":187,""t"":311},{""x"":1011,""y"":211,""t"":344},{""x"":974,""y"":198,""t"":379},{""x"":959,""y"":306,""t"":412},{""x"":951,""y"":423,""t"":446},{""x"":974,""y"":477,""t"":480},{""x"":995,""y"":519,""t"":512},{""x"":1046,""y"":513,""t"":547},{""x"":1066,""y"":513,""t"":582},{""x"":1084,""y"":508,""t"":616},{""x"":1120,""y"":468,""t"":650},{""x"":1156,""y"":438,""t"":684},{""x"":1161,""y"":426,""t"":717},{""x"":1193,""y"":387,""t"":752},{""x"":1170,""y"":398,""t"":785},{""x"":1196,""y"":433,""t"":821},{""x"":1154,""y"":425,""t"":854},{""x"":1133,""y"":404,""t"":891},{""x"":1102,""y"":430,""t"":922},{""x"":1137,""y"":452,""t"":956},{""x"":1101,""y"":451,""t"":990},{""x"":1098,""y"":455,""t"":1023},{""x"":1133,""y"":434,""t"":1059},{""x"":1143,""y"":422,""t"":1091},{""x"":1174,""y"":431,""t"":1126},{""x"":1155,""y"":427,""t"":1160},{""x"":1168,""y"":411,""t"":1194},{""x"":1194,""y"":400,""t"":1228},{""x"":1203,""y"":370,""t"":1262},{""x"":1215,""y"":381,""t"":1296},{""x"":1215,""y"":418,""t"":1330},{""x"":1185,""y"":395,""t"":1364},{""x"":1143,""y"":365,""t"":1399},{""x"":1115,""y"":351,""t"":1432},{""x"":1094,""y"":355,""t"":1466},{""x"":1080,""y"":341,""t"":1501},{""x"":1038,""y"":341,""t"":1533},{""x"":1000,""y"":296,""t"":1568},{""x"":1003,""y"":271,""t"":1602},{""x"":1027,""y"":262,""t"":1635},{""x"":1045,""y"":282,""t"":1670},{""x"":1068,""y"":278,""t"":1702},{""x"":1069,""y"":311,""t"":1739},{""x"":1095,""y"":313,""t"":1772},{""x"":1114,""y"":275,""t"":1806},{""x"":1096,""y"":303,""t"":1840},{""x"":1090,""y"":303,""t"":1874},{""x"":1088,""y"":301,""t"":1907},{""x"":1143,""y"":171,""t"":1943},{""x"":1192,""y"":142,""t"":1976}]","[{""x"":250,""y"":425,""width"":80,""height"":80,""top"":385,""right"":290,""bottom"":465,""left"":210},{""x"":400,""y"":165.1923788646684,""width"":80,""height"":80,""top"":125.1923788646684,""right"":440,""bottom"":205.1923788646684,""left"":360},{""x"":700,""y"":165.1923788646684,""width"":80,""height"":80,""top"":125.1923788646684,""right"":740,""bottom"":205.1923788646684,""left"":660},{""x"":850,""y"":425,""width"":80,""height"":80,""top"":385,""right"":890,""bottom"":465,""left"":810},{""x"":700,""y"":684.8076211353316,""width"":80,""height"":80,""top"":644.8076211353316,""right"":740,""bottom"":724.8076211353316,""left"":660},{""x"":400,""y"":684.8076211353316,""width"":80,""height"":80,""top"":644.8076211353316,""right"":440,""bottom"":724.8076211353316,""left"":360}]","{""#container"":{""x"":410,""y"":129.390625,""width"":1100,""height"":850,""top"":129.390625,""right"":1510,""bottom"":979.390625,""left"":410}}","[{'cyan': 0}, {'purple': 2}, {'yellow': 37}, {'red': 2}, {'blue': 0}, {'green': 0}]",,yellow
331,,,,706.0,9.0,9.0,"[""green"",""purple"",""cyan"",""blue"",""red"",""yellow""]",cyan,True,"[{""x"":1073,""y"":194,""t"":4},{""x"":954,""y"":290,""t"":43},{""x"":917,""y"":361,""t"":74},{""x"":830,""y"":431,""t"":106},{""x"":760,""y"":421,""t"":140},{""x"":724,""y"":388,""t"":174},{""x"":692,""y"":400,""t"":209},{""x"":630,""y"":337,""t"":242},{""x"":600,""y"":288,""t"":275},{""x"":587,""y"":263,""t"":310},{""x"":539,""y"":245,""t"":344},{""x"":547,""y"":259,""t"":378},{""x"":508,""y"":291,""t"":411},{""x"":492,""y"":314,""t"":446},{""x"":490,""y"":333,""t"":477},{""x"":546,""y"":404,""t"":513},{""x"":585,""y"":427,""t"":548},{""x"":621,""y"":475,""t"":582},{""x"":711,""y"":511,""t"":616},{""x"":727,""y"":570,""t"":649},{""x"":819,""y"":609,""t"":683},{""x"":866,""y"":698,""t"":718},{""x"":916,""y"":729,""t"":752},{""x"":912,""y"":711,""t"":786},{""x"":917,""y"":717,""t"":820},{""x"":936,""y"":664,""t"":854},{""x"":939,""y"":601,""t"":886},{""x"":930,""y"":630,""t"":922},{""x"":960,""y"":677,""t"":955},{""x"":956,""y"":703,""t"":990},{""x"":907,""y"":685,""t"":1024},{""x"":861,""y"":647,""t"":1058},{""x"":837,""y"":608,""t"":1092},{""x"":783,""y"":607,""t"":1125},{""x"":781,""y"":534,""t"":1159},{""x"":749,""y"":490,""t"":1194},{""x"":675,""y"":496,""t"":1228},{""x"":623,""y"":460,""t"":1262},{""x"":589,""y"":430,""t"":1295},{""x"":540,""y"":382,""t"":1330},{""x"":529,""y"":297,""t"":1365},{""x"":481,""y"":303,""t"":1398},{""x"":463,""y"":254,""t"":1432},{""x"":514,""y"":220,""t"":1465},{""x"":551,""y"":169,""t"":1500},{""x"":606,""y"":153,""t"":1534},{""x"":688,""y"":169,""t"":1569},{""x"":720,""y"":155,""t"":1601},{""x"":768,""y"":172,""t"":1636},{""x"":765,""y"":147,""t"":1670},{""x"":798,""y"":141,""t"":1703},{""x"":788,""y"":169,""t"":1738},{""x"":813,""y"":186,""t"":1773},{""x"":801,""y"":191,""t"":1805},{""x"":822,""y"":190,""t"":1839},{""x"":826,""y"":220,""t"":1873},{""x"":812,""y"":222,""t"":1909},{""x"":825,""y"":280,""t"":1942},{""x"":799,""y"":336,""t"":1976}]","[{""x"":250,""y"":425,""width"":80,""height"":80,""top"":385,""right"":290,""bottom"":465,""left"":210},{""x"":400,""y"":165.1923788646684,""width"":80,""height"":80,""top"":125.1923788646684,""right"":440,""bottom"":205.1923788646684,""left"":360},{""x"":700,""y"":165.1923788646684,""width"":80,""height"":80,""top"":125.1923788646684,""right"":740,""bottom"":205.1923788646684,""left"":660},{""x"":850,""y"":425,""width"":80,""height"":80,""top"":385,""right"":890,""bottom"":465,""left"":810},{""x"":700,""y"":684.8076211353316,""width"":80,""height"":80,""top"":644.8076211353316,""right"":740,""bottom"":724.8076211353316,""left"":660},{""x"":400,""y"":684.8076211353316,""width"":80,""height"":80,""top"":644.8076211353316,""right"":440,""bottom"":724.8076211353316,""left"":360}]","{""#container"":{""x"":410,""y"":129.390625,""width"":1100,""height"":850,""top"":129.390625,""right"":1510,""bottom"":979.390625,""left"":410}}","[{'green': 10}, {'purple': 14}, {'cyan': 1}, {'blue': 0}, {'red': 0}, {'yellow': 4}]",{'cyan': 1},purple
332,,,,968.0,6.0,6.0,"[""yellow"",""purple"",""blue"",""cyan"",""green"",""red""]",cyan,True,"[{""x"":898,""y"":270,""t"":4},{""x"":925,""y"":366,""t"":47},{""x"":968,""y"":393,""t"":77},{""x"":951,""y"":418,""t"":106},{""x"":896,""y"":413,""t"":140},{""x"":844,""y"":393,""t"":174},{""x"":822,""y"":408,""t"":207},{""x"":821,""y"":444,""t"":242},{""x"":790,""y"":458,""t"":276},{""x"":776,""y"":432,""t"":310},{""x"":757,""y"":407,""t"":344},{""x"":738,""y"":370,""t"":378},{""x"":728,""y"":388,""t"":412},{""x"":804,""y"":431,""t"":446},{""x"":836,""y"":409,""t"":480},{""x"":922,""y"":462,""t"":514},{""x"":968,""y"":434,""t"":549},{""x"":976,""y"":410,""t"":582},{""x"":967,""y"":422,""t"":615},{""x"":945,""y"":418,""t"":650},{""x"":987,""y"":452,""t"":684},{""x"":978,""y"":436,""t"":718},{""x"":926,""y"":403,""t"":752},{""x"":920,""y"":398,""t"":786},{""x"":970,""y"":513,""t"":820},{""x"":970,""y"":677,""t"":855},{""x"":969,""y"":815,""t"":887},{""x"":989,""y"":917,""t"":921},{""x"":922,""y"":923,""t"":956},{""x"":892,""y"":976,""t"":990},{""x"":890,""y"":973,""t"":1024},{""x"":884,""y"":982,""t"":1058},{""x"":850,""y"":861,""t"":1093},{""x"":840,""y"":770,""t"":1126},{""x"":801,""y"":791,""t"":1160},{""x"":837,""y"":767,""t"":1194},{""x"":862,""y"":736,""t"":1228},{""x"":873,""y"":702,""t"":1261},{""x"":883,""y"":674,""t"":1294},{""x"":922,""y"":629,""t"":1330},{""x"":955,""y"":624,""t"":1365},{""x"":992,""y"":603,""t"":1398},{""x"":1021,""y"":597,""t"":1432},{""x"":1020,""y"":541,""t"":1467},{""x"":1030,""y"":542,""t"":1500},{""x"":1042,""y"":547,""t"":1534},{""x"":1023,""y"":503,""t"":1568},{""x"":999,""y"":447,""t"":1602},{""x"":965,""y"":378,""t"":1636},{""x"":969,""y"":333,""t"":1670},{""x"":932,""y"":324,""t"":1704},{""x"":865,""y"":336,""t"":1738},{""x"":825,""y"":334,""t"":1771},{""x"":784,""y"":348,""t"":1805},{""x"":834,""y"":450,""t"":1840},{""x"":853,""y"":476,""t"":1874},{""x"":896,""y"":493,""t"":1908},{""x"":921,""y"":489,""t"":1942},{""x"":942,""y"":486,""t"":1977}]","[{""x"":250,""y"":425,""width"":80,""height"":80,""top"":385,""right"":290,""bottom"":465,""left"":210},{""x"":400,""y"":165.1923788646684,""width"":80,""height"":80,""top"":125.1923788646684,""right"":440,""bottom"":205.1923788646684,""left"":360},{""x"":700,""y"":165.1923788646684,""width"":80,""height"":80,""top"":125.1923788646684,""right"":740,""bottom"":205.1923788646684,""left"":660},{""x"":850,""y"":425,""width"":80,""height"":80,""top"":385,""right"":890,""bottom"":465,""left"":810},{""x"":700,""y"":684.8076211353316,""width"":80,""height"":80,""top"":644.8076211353316,""right"":740,""bottom"":724.8076211353316,""left"":660},{""x"":400,""y"":684.8076211353316,""width"":80,""height"":80,""top"":644.8076211353316,""right"":440,""bottom"":724.8076211353316,""left"":360}]","{""#container"":{""x"":410,""y"":129.390625,""width"":1100,""height"":850,""top"":129.390625,""right"":1510,""bottom"":979.390625,""left"":410}}","[{'yellow': 0}, {'purple': 16}, {'blue': 1}, {'cyan': 0}, {'green': 1}, {'red': 6}]",,purple
333,,,,669.0,3.0,3.0,"[""blue"",""purple"",""green"",""yellow"",""cyan"",""red""]",cyan_1,True,"[{""x"":953,""y"":461,""t"":4},{""x"":939,""y"":427,""t"":39},{""x"":932,""y"":440,""t"":71},{""x"":944,""y"":460,""t"":106},{""x"":920,""y"":495,""t"":140},{""x"":904,""y"":519,""t"":173},{""x"":917,""y"":511,""t"":208},{""x"":949,""y"":473,""t"":240},{""x"":941,""y"":476,""t"":276},{""x"":945,""y"":493,""t"":310},{""x"":989,""y"":542,""t"":344},{""x"":1025,""y"":622,""t"":379},{""x"":1012,""y"":671,""t"":411},{""x"":993,""y"":684,""t"":445},{""x"":998,""y"":677,""t"":479},{""x"":1007,""y"":680,""t"":514},{""x"":940,""y"":611,""t"":547},{""x"":886,""y"":566,""t"":582},{""x"":852,""y"":535,""t"":616},{""x"":850,""y"":519,""t"":647},{""x"":861,""y"":489,""t"":684},{""x"":871,""y"":504,""t"":718},{""x"":867,""y"":525,""t"":751},{""x"":843,""y"":510,""t"":787},{""x"":815,""y"":450,""t"":820},{""x"":807,""y"":408,""t"":854},{""x"":810,""y"":386,""t"":889},{""x"":785,""y"":376,""t"":921},{""x"":713,""y"":304,""t"":956},{""x"":672,""y"":207,""t"":990},{""x"":664,""y"":194,""t"":1023},{""x"":654,""y"":188,""t"":1058},{""x"":624,""y"":193,""t"":1092},{""x"":639,""y"":184,""t"":1126},{""x"":684,""y"":224,""t"":1160},{""x"":716,""y"":230,""t"":1193},{""x"":793,""y"":257,""t"":1227},{""x"":824,""y"":256,""t"":1261},{""x"":882,""y"":316,""t"":1296},{""x"":935,""y"":463,""t"":1330},{""x"":960,""y"":519,""t"":1363},{""x"":942,""y"":627,""t"":1398},{""x"":943,""y"":732,""t"":1432},{""x"":960,""y"":736,""t"":1466},{""x"":939,""y"":821,""t"":1499},{""x"":915,""y"":985,""t"":1534},{""x"":950,""y"":1107,""t"":1569},{""x"":938,""y"":1161,""t"":1601},{""x"":919,""y"":1163,""t"":1636},{""x"":906,""y"":1138,""t"":1669},{""x"":927,""y"":1066,""t"":1704},{""x"":934,""y"":940,""t"":1739},{""x"":957,""y"":839,""t"":1772},{""x"":953,""y"":716,""t"":1806},{""x"":1013,""y"":633,""t"":1839},{""x"":1076,""y"":586,""t"":1875},{""x"":1056,""y"":502,""t"":1909},{""x"":1005,""y"":443,""t"":1942},{""x"":939,""y"":379,""t"":1976}]","[{""x"":250,""y"":425,""width"":80,""height"":80,""top"":385,""right"":290,""bottom"":465,""left"":210},{""x"":400,""y"":165.1923788646684,""width"":80,""height"":80,""top"":125.1923788646684,""right"":440,""bottom"":205.1923788646684,""left"":360},{""x"":700,""y"":165.1923788646684,""width"":80,""height"":80,""top"":125.1923788646684,""right"":740,""bottom"":205.1923788646684,""left"":660},{""x"":850,""y"":425,""width"":80,""height"":80,""top"":385,""right"":890,""bottom"":465,""left"":810},{""x"":700,""y"":684.8076211353316,""width"":80,""height"":80,""top"":644.8076211353316,""right"":740,""bottom"":724.8076211353316,""left"":660},{""x"":400,""y"":684.8076211353316,""width"":80,""height"":80,""top"":644.8076211353316,""right"":440,""bottom"":724.8076211353316,""left"":360}]","{""#container"":{""x"":410,""y"":129.390625,""width"":1100,""height"":850,""top"":129.390625,""right"":1510,""bottom"":979.390625,""left"":410}}","[{'blue': 0}, {'purple': 9}, {'green': 0}, {'yellow': 0}, {'cyan': 0}, {'red': 2}]",,purple
334,,,,600.0,4.0,4.0,"[""blue"",""yellow"",""cyan"",""green"",""red"",""purple""]",blue,True,"[{""x"":914,""y"":406,""t"":4},{""x"":850,""y"":475,""t"":38},{""x"":836,""y"":557,""t"":73},{""x"":801,""y"":642,""t"":106},{""x"":800,""y"":713,""t"":140},{""x"":803,""y"":717,""t"":174},{""x"":794,""y"":675,""t"":208},{""x"":804,""y"":712,""t"":242},{""x"":786,""y"":704,""t"":276},{""x"":799,""y"":724,""t"":309},{""x"":823,""y"":724,""t"":344},{""x"":809,""y"":725,""t"":378},{""x"":826,""y"":638,""t"":413},{""x"":841,""y"":632,""t"":446},{""x"":831,""y"":591,""t"":479},{""x"":844,""y"":517,""t"":517},{""x"":870,""y"":470,""t"":548},{""x"":887,""y"":455,""t"":581},{""x"":880,""y"":479,""t"":616},{""x"":891,""y"":512,""t"":650},{""x"":906,""y"":456,""t"":684},{""x"":947,""y"":415,""t"":715},{""x"":1008,""y"":388,""t"":751},{""x"":1046,""y"":419,""t"":786},{""x"":1056,""y"":455,""t"":819},{""x"":1001,""y"":451,""t"":854},{""x"":1021,""y"":424,""t"":889},{""x"":1044,""y"":438,""t"":922},{""x"":1035,""y"":428,""t"":956},{""x"":1018,""y"":431,""t"":990},{""x"":1076,""y"":427,""t"":1024},{""x"":1132,""y"":448,""t"":1057},{""x"":1209,""y"":482,""t"":1091},{""x"":1271,""y"":510,""t"":1123},{""x"":1286,""y"":544,""t"":1160},{""x"":1288,""y"":684,""t"":1194},{""x"":1223,""y"":753,""t"":1228},{""x"":1159,""y"":723,""t"":1263},{""x"":1079,""y"":702,""t"":1295},{""x"":1013,""y"":739,""t"":1330},{""x"":975,""y"":695,""t"":1364},{""x"":894,""y"":745,""t"":1398},{""x"":900,""y"":720,""t"":1432},{""x"":868,""y"":792,""t"":1466},{""x"":800,""y"":859,""t"":1501},{""x"":813,""y"":842,""t"":1533},{""x"":841,""y"":774,""t"":1567},{""x"":846,""y"":754,""t"":1601},{""x"":848,""y"":720,""t"":1637},{""x"":863,""y"":694,""t"":1670},{""x"":875,""y"":685,""t"":1704},{""x"":877,""y"":657,""t"":1738},{""x"":885,""y"":576,""t"":1772},{""x"":876,""y"":543,""t"":1806},{""x"":872,""y"":492,""t"":1840},{""x"":899,""y"":493,""t"":1874},{""x"":861,""y"":461,""t"":1907},{""x"":840,""y"":451,""t"":1942},{""x"":841,""y"":426,""t"":1976}]","[{""x"":250,""y"":425,""width"":80,""height"":80,""top"":385,""right"":290,""bottom"":465,""left"":210},{""x"":400,""y"":165.1923788646684,""width"":80,""height"":80,""top"":125.1923788646684,""right"":440,""bottom"":205.1923788646684,""left"":360},{""x"":700,""y"":165.1923788646684,""width"":80,""height"":80,""top"":125.1923788646684,""right"":740,""bottom"":205.1923788646684,""left"":660},{""x"":850,""y"":425,""width"":80,""height"":80,""top"":385,""right"":890,""bottom"":465,""left"":810},{""x"":700,""y"":684.8076211353316,""width"":80,""height"":80,""top"":644.8076211353316,""right"":740,""bottom"":724.8076211353316,""left"":660},{""x"":400,""y"":684.8076211353316,""width"":80,""height"":80,""top"":644.8076211353316,""right"":440,""bottom"":724.8076211353316,""left"":360}]","{""#container"":{""x"":410,""y"":129.390625,""width"":1100,""height"":850,""top"":129.390625,""right"":1510,""bottom"":979.390625,""left"":410}}","[{'blue': 0}, {'yellow': 1}, {'cyan': 3}, {'green': 4}, {'red': 4}, {'purple': 18}]",,purple
335,,,,855.0,1.0,1.0,"[""cyan"",""red"",""yellow"",""purple"",""green"",""blue""]",blue_1,True,"[{""x"":980,""y"":346,""t"":4},{""x"":1100,""y"":281,""t"":39},{""x"":1237,""y"":224,""t"":70},{""x"":1326,""y"":121,""t"":107},{""x"":1422,""y"":32,""t"":140},{""x"":1523,""y"":-75,""t"":174},{""x"":1522,""y"":-123,""t"":207},{""x"":1554,""y"":-202,""t"":242},{""x"":1573,""y"":-211,""t"":276},{""x"":1565,""y"":-186,""t"":310},{""x"":1469,""y"":-95,""t"":344},{""x"":1375,""y"":105,""t"":378},{""x"":1296,""y"":236,""t"":411},{""x"":1193,""y"":310,""t"":446},{""x"":1030,""y"":320,""t"":481},{""x"":922,""y"":335,""t"":513},{""x"":864,""y"":313,""t"":548},{""x"":834,""y"":326,""t"":582},{""x"":809,""y"":311,""t"":615},{""x"":778,""y"":345,""t"":650},{""x"":719,""y"":334,""t"":684},{""x"":689,""y"":351,""t"":718},{""x"":698,""y"":343,""t"":752},{""x"":697,""y"":352,""t"":786},{""x"":710,""y"":384,""t"":820},{""x"":738,""y"":354,""t"":854},{""x"":727,""y"":370,""t"":888},{""x"":717,""y"":354,""t"":923},{""x"":702,""y"":301,""t"":956},{""x"":725,""y"":431,""t"":990},{""x"":741,""y"":423,""t"":1024},{""x"":739,""y"":515,""t"":1058},{""x"":743,""y"":591,""t"":1092},{""x"":760,""y"":610,""t"":1126},{""x"":761,""y"":655,""t"":1159},{""x"":759,""y"":654,""t"":1195},{""x"":756,""y"":649,""t"":1226},{""x"":770,""y"":606,""t"":1262},{""x"":783,""y"":547,""t"":1296},{""x"":818,""y"":542,""t"":1330},{""x"":881,""y"":616,""t"":1363},{""x"":946,""y"":735,""t"":1398},{""x"":989,""y"":831,""t"":1431},{""x"":999,""y"":929,""t"":1467},{""x"":1019,""y"":1010,""t"":1500},{""x"":1010,""y"":1065,""t"":1535},{""x"":987,""y"":1103,""t"":1568},{""x"":1025,""y"":1146,""t"":1602},{""x"":976,""y"":1205,""t"":1633},{""x"":988,""y"":1193,""t"":1670},{""x"":969,""y"":1228,""t"":1703},{""x"":956,""y"":1175,""t"":1739},{""x"":940,""y"":1016,""t"":1772},{""x"":931,""y"":881,""t"":1806},{""x"":876,""y"":774,""t"":1839},{""x"":849,""y"":701,""t"":1873},{""x"":812,""y"":619,""t"":1908},{""x"":669,""y"":527,""t"":1942},{""x"":550,""y"":480,""t"":1976}]","[{""x"":250,""y"":425,""width"":80,""height"":80,""top"":385,""right"":290,""bottom"":465,""left"":210},{""x"":400,""y"":165.1923788646684,""width"":80,""height"":80,""top"":125.1923788646684,""right"":440,""bottom"":205.1923788646684,""left"":360},{""x"":700,""y"":165.1923788646684,""width"":80,""height"":80,""top"":125.1923788646684,""right"":740,""bottom"":205.1923788646684,""left"":660},{""x"":850,""y"":425,""width"":80,""height"":80,""top"":385,""right"":890,""bottom"":465,""left"":810},{""x"":700,""y"":684.8076211353316,""width"":80,""height"":80,""top"":644.8076211353316,""right"":740,""bottom"":724.8076211353316,""left"":660},{""x"":400,""y"":684.8076211353316,""width"":80,""height"":80,""top"":644.8076211353316,""right"":440,""bottom"":724.8076211353316,""left"":360}]","{""#container"":{""x"":410,""y"":129.390625,""width"":1100,""height"":850,""top"":129.390625,""right"":1510,""bottom"":979.390625,""left"":410}}","[{'cyan': 11}, {'red': 15}, {'yellow': 5}, {'purple': 0}, {'green': 1}, {'blue': 3}]",{'blue_1': 3},red
336,,,,648.0,3.0,3.0,"[""red"",""green"",""yellow"",""cyan"",""blue"",""purple""]",blue,True,"[{""x"":586,""y"":493,""t"":4},{""x"":607,""y"":483,""t"":38},{""x"":647,""y"":453,""t"":72},{""x"":660,""y"":431,""t"":106},{""x"":697,""y"":406,""t"":139},{""x"":743,""y"":369,""t"":174},{""x"":785,""y"":392,""t"":208},{""x"":842,""y"":389,""t"":242},{""x"":871,""y"":416,""t"":276},{""x"":915,""y"":414,""t"":310},{""x"":927,""y"":429,""t"":345},{""x"":971,""y"":473,""t"":377},{""x"":1001,""y"":497,""t"":412},{""x"":1044,""y"":532,""t"":446},{""x"":1073,""y"":571,""t"":480},{""x"":1125,""y"":641,""t"":514},{""x"":1162,""y"":703,""t"":548},{""x"":1227,""y"":828,""t"":582},{""x"":1228,""y"":918,""t"":616},{""x"":1202,""y"":971,""t"":650},{""x"":1172,""y"":1012,""t"":685},{""x"":1143,""y"":1041,""t"":715},{""x"":1131,""y"":1046,""t"":752},{""x"":1134,""y"":1049,""t"":786},{""x"":1073,""y"":975,""t"":819},{""x"":1018,""y"":854,""t"":854},{""x"":974,""y"":747,""t"":888},{""x"":931,""y"":632,""t"":922},{""x"":889,""y"":517,""t"":957},{""x"":844,""y"":440,""t"":990},{""x"":805,""y"":379,""t"":1024},{""x"":769,""y"":355,""t"":1058},{""x"":813,""y"":369,""t"":1092},{""x"":853,""y"":387,""t"":1124},{""x"":910,""y"":435,""t"":1160},{""x"":962,""y"":459,""t"":1193},{""x"":1017,""y"":463,""t"":1228},{""x"":1075,""y"":536,""t"":1262},{""x"":1071,""y"":670,""t"":1296},{""x"":1040,""y"":783,""t"":1329},{""x"":1030,""y"":876,""t"":1364},{""x"":996,""y"":976,""t"":1399},{""x"":993,""y"":1009,""t"":1432},{""x"":965,""y"":1095,""t"":1465},{""x"":934,""y"":1167,""t"":1500},{""x"":977,""y"":1171,""t"":1534},{""x"":996,""y"":1067,""t"":1568},{""x"":1052,""y"":971,""t"":1602},{""x"":1069,""y"":856,""t"":1636},{""x"":1096,""y"":728,""t"":1670},{""x"":1122,""y"":638,""t"":1704},{""x"":1095,""y"":546,""t"":1738},{""x"":1109,""y"":496,""t"":1772},{""x"":1106,""y"":463,""t"":1806},{""x"":1101,""y"":430,""t"":1839},{""x"":1114,""y"":401,""t"":1874},{""x"":1079,""y"":363,""t"":1908},{""x"":1061,""y"":352,""t"":1942},{""x"":1047,""y"":383,""t"":1976}]","[{""x"":250,""y"":425,""width"":80,""height"":80,""top"":385,""right"":290,""bottom"":465,""left"":210},{""x"":400,""y"":165.1923788646684,""width"":80,""height"":80,""top"":125.1923788646684,""right"":440,""bottom"":205.1923788646684,""left"":360},{""x"":700,""y"":165.1923788646684,""width"":80,""height"":80,""top"":125.1923788646684,""right"":740,""bottom"":205.1923788646684,""left"":660},{""x"":850,""y"":425,""width"":80,""height"":80,""top"":385,""right"":890,""bottom"":465,""left"":810},{""x"":700,""y"":684.8076211353316,""width"":80,""height"":80,""top"":644.8076211353316,""right"":740,""bottom"":724.8076211353316,""left"":660},{""x"":400,""y"":684.8076211353316,""width"":80,""height"":80,""top"":644.8076211353316,""right"":440,""bottom"":724.8076211353316,""left"":360}]","{""#container"":{""x"":410,""y"":129.390625,""width"":1100,""height"":850,""top"":129.390625,""right"":1510,""bottom"":979.390625,""left"":410}}","[{'red': 4}, {'green': 9}, {'yellow': 5}, {'cyan': 0}, {'blue': 8}, {'purple': 0}]",{'blue': 8},green
337,,,,818.0,6.0,4.0,"[""purple"",""green"",""yellow"",""red"",""cyan"",""blue""]",purple,False,"[{""x"":972,""y"":379,""t"":5},{""x"":948,""y"":412,""t"":42},{""x"":950,""y"":387,""t"":73},{""x"":935,""y"":429,""t"":106},{""x"":884,""y"":384,""t"":141},{""x"":917,""y"":424,""t"":174},{""x"":898,""y"":459,""t"":208},{""x"":885,""y"":493,""t"":243},{""x"":904,""y"":534,""t"":276},{""x"":894,""y"":597,""t"":310},{""x"":901,""y"":542,""t"":344},{""x"":961,""y"":602,""t"":378},{""x"":963,""y"":568,""t"":412},{""x"":931,""y"":552,""t"":446},{""x"":901,""y"":608,""t"":479},{""x"":884,""y"":702,""t"":514},{""x"":895,""y"":756,""t"":548},{""x"":918,""y"":731,""t"":581},{""x"":932,""y"":672,""t"":615},{""x"":929,""y"":656,""t"":650},{""x"":971,""y"":608,""t"":683},{""x"":981,""y"":595,""t"":718},{""x"":963,""y"":623,""t"":752},{""x"":947,""y"":647,""t"":784},{""x"":934,""y"":601,""t"":821},{""x"":934,""y"":581,""t"":854},{""x"":931,""y"":558,""t"":887},{""x"":956,""y"":515,""t"":922},{""x"":976,""y"":535,""t"":955},{""x"":1000,""y"":535,""t"":991},{""x"":1032,""y"":563,""t"":1024},{""x"":1054,""y"":490,""t"":1057},{""x"":1036,""y"":464,""t"":1092},{""x"":1029,""y"":408,""t"":1126},{""x"":1014,""y"":380,""t"":1160},{""x"":1000,""y"":357,""t"":1194},{""x"":975,""y"":362,""t"":1225},{""x"":975,""y"":348,""t"":1262},{""x"":924,""y"":336,""t"":1296},{""x"":914,""y"":327,""t"":1329},{""x"":923,""y"":332,""t"":1364},{""x"":1026,""y"":421,""t"":1398},{""x"":1116,""y"":429,""t"":1432},{""x"":1185,""y"":428,""t"":1466},{""x"":1238,""y"":414,""t"":1501},{""x"":1317,""y"":457,""t"":1534},{""x"":1357,""y"":485,""t"":1568},{""x"":1364,""y"":536,""t"":1602},{""x"":1373,""y"":635,""t"":1636},{""x"":1327,""y"":755,""t"":1670},{""x"":1264,""y"":845,""t"":1703},{""x"":1188,""y"":898,""t"":1738},{""x"":1144,""y"":963,""t"":1772},{""x"":1104,""y"":984,""t"":1806},{""x"":1090,""y"":1022,""t"":1840},{""x"":1090,""y"":1011,""t"":1874},{""x"":1082,""y"":1008,""t"":1908},{""x"":1029,""y"":930,""t"":1942},{""x"":1008,""y"":796,""t"":1976}]","[{""x"":250,""y"":425,""width"":80,""height"":80,""top"":385,""right"":290,""bottom"":465,""left"":210},{""x"":400,""y"":165.1923788646684,""width"":80,""height"":80,""top"":125.1923788646684,""right"":440,""bottom"":205.1923788646684,""left"":360},{""x"":700,""y"":165.1923788646684,""width"":80,""height"":80,""top"":125.1923788646684,""right"":740,""bottom"":205.1923788646684,""left"":660},{""x"":850,""y"":425,""width"":80,""height"":80,""top"":385,""right"":890,""bottom"":465,""left"":810},{""x"":700,""y"":684.8076211353316,""width"":80,""height"":80,""top"":644.8076211353316,""right"":740,""bottom"":724.8076211353316,""left"":660},{""x"":400,""y"":684.8076211353316,""width"":80,""height"":80,""top"":644.8076211353316,""right"":440,""bottom"":724.8076211353316,""left"":360}]","{""#container"":{""x"":410,""y"":129.390625,""width"":1100,""height"":850,""top"":129.390625,""right"":1510,""bottom"":979.390625,""left"":410}}","[{'purple': 0}, {'green': 4}, {'yellow': 5}, {'red': 6}, {'cyan': 3}, {'blue': 3}]",,red
338,,,,661.0,7.0,4.0,"[""red"",""yellow"",""cyan"",""green"",""blue"",""purple""]",red_1,False,"[{""x"":1017,""y"":700,""t"":5},{""x"":1005,""y"":621,""t"":43},{""x"":1026,""y"":510,""t"":72},{""x"":1045,""y"":420,""t"":104},{""x"":1090,""y"":313,""t"":140},{""x"":1122,""y"":266,""t"":174},{""x"":1161,""y"":195,""t"":208},{""x"":1153,""y"":182,""t"":242},{""x"":1173,""y"":173,""t"":275},{""x"":1183,""y"":151,""t"":309},{""x"":1190,""y"":239,""t"":345},{""x"":1209,""y"":269,""t"":378},{""x"":1168,""y"":359,""t"":412},{""x"":1180,""y"":397,""t"":446},{""x"":1162,""y"":417,""t"":479},{""x"":1165,""y"":433,""t"":512},{""x"":1151,""y"":472,""t"":548},{""x"":1163,""y"":428,""t"":582},{""x"":1213,""y"":384,""t"":617},{""x"":1247,""y"":339,""t"":650},{""x"":1258,""y"":351,""t"":684},{""x"":1250,""y"":391,""t"":718},{""x"":1179,""y"":448,""t"":752},{""x"":1081,""y"":489,""t"":787},{""x"":1027,""y"":533,""t"":820},{""x"":968,""y"":608,""t"":854},{""x"":933,""y"":668,""t"":888},{""x"":913,""y"":646,""t"":922},{""x"":931,""y"":629,""t"":955},{""x"":975,""y"":622,""t"":990},{""x"":1023,""y"":567,""t"":1024},{""x"":1041,""y"":544,""t"":1059},{""x"":1088,""y"":471,""t"":1091},{""x"":1152,""y"":511,""t"":1126},{""x"":1162,""y"":493,""t"":1159},{""x"":1181,""y"":438,""t"":1193},{""x"":1201,""y"":395,""t"":1228},{""x"":1230,""y"":313,""t"":1262},{""x"":1252,""y"":311,""t"":1297},{""x"":1259,""y"":275,""t"":1330},{""x"":1272,""y"":268,""t"":1364},{""x"":1231,""y"":265,""t"":1397},{""x"":1222,""y"":287,""t"":1431},{""x"":1240,""y"":372,""t"":1465},{""x"":1218,""y"":428,""t"":1500},{""x"":1210,""y"":446,""t"":1534},{""x"":1243,""y"":502,""t"":1568},{""x"":1236,""y"":580,""t"":1602},{""x"":1213,""y"":571,""t"":1636},{""x"":1184,""y"":578,""t"":1669},{""x"":1170,""y"":556,""t"":1705},{""x"":1221,""y"":497,""t"":1738},{""x"":1220,""y"":480,""t"":1772},{""x"":1161,""y"":468,""t"":1806},{""x"":1116,""y"":453,""t"":1840},{""x"":1083,""y"":435,""t"":1873},{""x"":1065,""y"":385,""t"":1908},{""x"":1064,""y"":330,""t"":1941},{""x"":1027,""y"":315,""t"":1976}]","[{""x"":250,""y"":425,""width"":80,""height"":80,""top"":385,""right"":290,""bottom"":465,""left"":210},{""x"":400,""y"":165.1923788646684,""width"":80,""height"":80,""top"":125.1923788646684,""right"":440,""bottom"":205.1923788646684,""left"":360},{""x"":700,""y"":165.1923788646684,""width"":80,""height"":80,""top"":125.1923788646684,""right"":740,""bottom"":205.1923788646684,""left"":660},{""x"":850,""y"":425,""width"":80,""height"":80,""top"":385,""right"":890,""bottom"":465,""left"":810},{""x"":700,""y"":684.8076211353316,""width"":80,""height"":80,""top"":644.8076211353316,""right"":740,""bottom"":724.8076211353316,""left"":660},{""x"":400,""y"":684.8076211353316,""width"":80,""height"":80,""top"":644.8076211353316,""right"":440,""bottom"":724.8076211353316,""left"":360}]","{""#container"":{""x"":410,""y"":129.390625,""width"":1100,""height"":850,""top"":129.390625,""right"":1510,""bottom"":979.390625,""left"":410}}","[{'red': 0}, {'yellow': 0}, {'cyan': 24}, {'green': 15}, {'blue': 1}, {'purple': 0}]",,cyan
339,,,,613.0,4.0,4.0,"[""red"",""cyan"",""purple"",""blue"",""green"",""yellow""]",red,True,"[{""x"":928,""y"":318,""t"":4},{""x"":814,""y"":303,""t"":41},{""x"":686,""y"":286,""t"":72},{""x"":609,""y"":232,""t"":107},{""x"":558,""y"":219,""t"":140},{""x"":482,""y"":206,""t"":173},{""x"":440,""y"":186,""t"":207},{""x"":403,""y"":205,""t"":241},{""x"":394,""y"":215,""t"":277},{""x"":402,""y"":322,""t"":310},{""x"":343,""y"":356,""t"":344},{""x"":284,""y"":391,""t"":378},{""x"":274,""y"":425,""t"":412},{""x"":269,""y"":445,""t"":446},{""x"":308,""y"":484,""t"":479},{""x"":409,""y"":525,""t"":514},{""x"":536,""y"":534,""t"":547},{""x"":615,""y"":522,""t"":583},{""x"":677,""y"":571,""t"":616},{""x"":748,""y"":588,""t"":649},{""x"":838,""y"":584,""t"":684},{""x"":933,""y"":646,""t"":717},{""x"":975,""y"":690,""t"":752},{""x"":968,""y"":732,""t"":787},{""x"":956,""y"":726,""t"":820},{""x"":963,""y"":739,""t"":855},{""x"":999,""y"":697,""t"":887},{""x"":1027,""y"":666,""t"":921},{""x"":1046,""y"":634,""t"":957},{""x"":1054,""y"":614,""t"":990},{""x"":1025,""y"":572,""t"":1024},{""x"":1005,""y"":570,""t"":1058},{""x"":1028,""y"":609,""t"":1092},{""x"":1034,""y"":653,""t"":1126},{""x"":1029,""y"":675,""t"":1158},{""x"":981,""y"":709,""t"":1194},{""x"":956,""y"":660,""t"":1228},{""x"":887,""y"":657,""t"":1261},{""x"":825,""y"":591,""t"":1296},{""x"":753,""y"":513,""t"":1330},{""x"":725,""y"":455,""t"":1363},{""x"":727,""y"":444,""t"":1398},{""x"":738,""y"":462,""t"":1432},{""x"":773,""y"":536,""t"":1466},{""x"":799,""y"":550,""t"":1499},{""x"":836,""y"":570,""t"":1534},{""x"":869,""y"":578,""t"":1567},{""x"":914,""y"":576,""t"":1602},{""x"":912,""y"":536,""t"":1636},{""x"":911,""y"":528,""t"":1670},{""x"":929,""y"":535,""t"":1705},{""x"":929,""y"":531,""t"":1737},{""x"":926,""y"":481,""t"":1771},{""x"":933,""y"":457,""t"":1805},{""x"":957,""y"":533,""t"":1840},{""x"":965,""y"":568,""t"":1874},{""x"":951,""y"":600,""t"":1907},{""x"":911,""y"":591,""t"":1942},{""x"":885,""y"":590,""t"":1977}]","[{""x"":250,""y"":425,""width"":80,""height"":80,""top"":385,""right"":290,""bottom"":465,""left"":210},{""x"":400,""y"":165.1923788646684,""width"":80,""height"":80,""top"":125.1923788646684,""right"":440,""bottom"":205.1923788646684,""left"":360},{""x"":700,""y"":165.1923788646684,""width"":80,""height"":80,""top"":125.1923788646684,""right"":740,""bottom"":205.1923788646684,""left"":660},{""x"":850,""y"":425,""width"":80,""height"":80,""top"":385,""right"":890,""bottom"":465,""left"":810},{""x"":700,""y"":684.8076211353316,""width"":80,""height"":80,""top"":644.8076211353316,""right"":740,""bottom"":724.8076211353316,""left"":660},{""x"":400,""y"":684.8076211353316,""width"":80,""height"":80,""top"":644.8076211353316,""right"":440,""bottom"":724.8076211353316,""left"":360}]","{""#container"":{""x"":410,""y"":129.390625,""width"":1100,""height"":850,""top"":129.390625,""right"":1510,""bottom"":979.390625,""left"":410}}","[{'red': 10}, {'cyan': 3}, {'purple': 0}, {'blue': 0}, {'green': 0}, {'yellow': 0}]",{'red': 10},red
340,,,,642.0,4.0,4.0,"[""purple"",""red"",""green"",""blue"",""yellow"",""cyan""]",purple_1,True,"[{""x"":834,""y"":566,""t"":4},{""x"":798,""y"":552,""t"":43},{""x"":760,""y"":492,""t"":71},{""x"":757,""y"":471,""t"":106},{""x"":768,""y"":476,""t"":140},{""x"":739,""y"":516,""t"":174},{""x"":700,""y"":506,""t"":208},{""x"":701,""y"":562,""t"":242},{""x"":683,""y"":533,""t"":276},{""x"":650,""y"":430,""t"":310},{""x"":646,""y"":427,""t"":344},{""x"":622,""y"":490,""t"":378},{""x"":637,""y"":557,""t"":412},{""x"":636,""y"":642,""t"":446},{""x"":666,""y"":687,""t"":480},{""x"":744,""y"":729,""t"":513},{""x"":803,""y"":714,""t"":547},{""x"":840,""y"":726,""t"":581},{""x"":885,""y"":742,""t"":615},{""x"":940,""y"":691,""t"":649},{""x"":956,""y"":682,""t"":683},{""x"":977,""y"":661,""t"":718},{""x"":967,""y"":648,""t"":751},{""x"":948,""y"":607,""t"":785},{""x"":881,""y"":596,""t"":820},{""x"":847,""y"":594,""t"":852},{""x"":801,""y"":587,""t"":887},{""x"":818,""y"":565,""t"":922},{""x"":752,""y"":598,""t"":956},{""x"":741,""y"":540,""t"":989},{""x"":792,""y"":537,""t"":1024},{""x"":868,""y"":526,""t"":1058},{""x"":915,""y"":552,""t"":1091},{""x"":949,""y"":550,""t"":1127},{""x"":1002,""y"":587,""t"":1160},{""x"":1005,""y"":616,""t"":1193},{""x"":993,""y"":573,""t"":1228},{""x"":1014,""y"":569,""t"":1260},{""x"":979,""y"":561,""t"":1295},{""x"":946,""y"":536,""t"":1330},{""x"":825,""y"":479,""t"":1365},{""x"":809,""y"":473,""t"":1399},{""x"":760,""y"":446,""t"":1432},{""x"":738,""y"":482,""t"":1465},{""x"":755,""y"":538,""t"":1499},{""x"":724,""y"":577,""t"":1534},{""x"":724,""y"":616,""t"":1568},{""x"":767,""y"":630,""t"":1602},{""x"":838,""y"":640,""t"":1636},{""x"":901,""y"":669,""t"":1670},{""x"":883,""y"":689,""t"":1704},{""x"":887,""y"":728,""t"":1738},{""x"":885,""y"":739,""t"":1772},{""x"":854,""y"":697,""t"":1806},{""x"":813,""y"":633,""t"":1841},{""x"":777,""y"":551,""t"":1873},{""x"":730,""y"":469,""t"":1908},{""x"":697,""y"":391,""t"":1942},{""x"":677,""y"":364,""t"":1976}]","[{""x"":250,""y"":425,""width"":80,""height"":80,""top"":385,""right"":290,""bottom"":465,""left"":210},{""x"":400,""y"":165.1923788646684,""width"":80,""height"":80,""top"":125.1923788646684,""right"":440,""bottom"":205.1923788646684,""left"":360},{""x"":700,""y"":165.1923788646684,""width"":80,""height"":80,""top"":125.1923788646684,""right"":740,""bottom"":205.1923788646684,""left"":660},{""x"":850,""y"":425,""width"":80,""height"":80,""top"":385,""right"":890,""bottom"":465,""left"":810},{""x"":700,""y"":684.8076211353316,""width"":80,""height"":80,""top"":644.8076211353316,""right"":740,""bottom"":724.8076211353316,""left"":660},{""x"":400,""y"":684.8076211353316,""width"":80,""height"":80,""top"":644.8076211353316,""right"":440,""bottom"":724.8076211353316,""left"":360}]","{""#container"":{""x"":410,""y"":129.390625,""width"":1100,""height"":850,""top"":129.390625,""right"":1510,""bottom"":979.390625,""left"":410}}","[{'purple': 26}, {'red': 1}, {'green': 0}, {'blue': 0}, {'yellow': 0}, {'cyan': 8}]",{'purple_1': 26},purple_1
341,,,,618.0,6.0,6.0,"[""red"",""cyan"",""green"",""blue"",""yellow"",""purple""]",blue,True,"[{""x"":696,""y"":354,""t"":5},{""x"":653,""y"":337,""t"":38},{""x"":655,""y"":328,""t"":73},{""x"":669,""y"":373,""t"":106},{""x"":682,""y"":413,""t"":140},{""x"":693,""y"":401,""t"":175},{""x"":686,""y"":366,""t"":207},{""x"":713,""y"":364,""t"":242},{""x"":730,""y"":371,""t"":276},{""x"":734,""y"":377,""t"":310},{""x"":720,""y"":349,""t"":345},{""x"":753,""y"":312,""t"":378},{""x"":760,""y"":286,""t"":411},{""x"":766,""y"":298,""t"":446},{""x"":714,""y"":315,""t"":479},{""x"":669,""y"":297,""t"":514},{""x"":688,""y"":301,""t"":548},{""x"":658,""y"":358,""t"":582},{""x"":719,""y"":398,""t"":616},{""x"":810,""y"":439,""t"":650},{""x"":876,""y"":478,""t"":684},{""x"":944,""y"":455,""t"":718},{""x"":987,""y"":448,""t"":752},{""x"":1029,""y"":480,""t"":786},{""x"":1115,""y"":516,""t"":819},{""x"":1131,""y"":524,""t"":854},{""x"":1107,""y"":493,""t"":888},{""x"":1073,""y"":480,""t"":922},{""x"":1028,""y"":486,""t"":955},{""x"":977,""y"":515,""t"":989},{""x"":905,""y"":578,""t"":1025},{""x"":835,""y"":602,""t"":1058},{""x"":823,""y"":571,""t"":1092},{""x"":841,""y"":602,""t"":1127},{""x"":848,""y"":590,""t"":1160},{""x"":914,""y"":572,""t"":1194},{""x"":1041,""y"":506,""t"":1228},{""x"":1126,""y"":472,""t"":1262},{""x"":1216,""y"":443,""t"":1296},{""x"":1291,""y"":464,""t"":1329},{""x"":1350,""y"":484,""t"":1362},{""x"":1386,""y"":435,""t"":1397},{""x"":1428,""y"":365,""t"":1432},{""x"":1427,""y"":368,""t"":1466},{""x"":1429,""y"":306,""t"":1500},{""x"":1464,""y"":438,""t"":1534},{""x"":1492,""y"":559,""t"":1568},{""x"":1470,""y"":659,""t"":1602},{""x"":1398,""y"":699,""t"":1636},{""x"":1321,""y"":781,""t"":1669},{""x"":1278,""y"":869,""t"":1703},{""x"":1242,""y"":908,""t"":1737},{""x"":1204,""y"":911,""t"":1770},{""x"":1140,""y"":931,""t"":1806},{""x"":1097,""y"":926,""t"":1839},{""x"":1070,""y"":882,""t"":1874},{""x"":1035,""y"":788,""t"":1909},{""x"":986,""y"":754,""t"":1941},{""x"":982,""y"":675,""t"":1975}]","[{""x"":250,""y"":425,""width"":80,""height"":80,""top"":385,""right"":290,""bottom"":465,""left"":210},{""x"":400,""y"":165.1923788646684,""width"":80,""height"":80,""top"":125.1923788646684,""right"":440,""bottom"":205.1923788646684,""left"":360},{""x"":700,""y"":165.1923788646684,""width"":80,""height"":80,""top"":125.1923788646684,""right"":740,""bottom"":205.1923788646684,""left"":660},{""x"":850,""y"":425,""width"":80,""height"":80,""top"":385,""right"":890,""bottom"":465,""left"":810},{""x"":700,""y"":684.8076211353316,""width"":80,""height"":80,""top"":644.8076211353316,""right"":740,""bottom"":724.8076211353316,""left"":660},{""x"":400,""y"":684.8076211353316,""width"":80,""height"":80,""top"":644.8076211353316,""right"":440,""bottom"":724.8076211353316,""left"":360}]","{""#container"":{""x"":410,""y"":129.390625,""width"":1100,""height"":850,""top"":129.390625,""right"":1510,""bottom"":979.390625,""left"":410}}","[{'red': 1}, {'cyan': 14}, {'green': 0}, {'blue': 5}, {'yellow': 6}, {'purple': 0}]",{'blue': 5},cyan
342,,,,673.0,4.0,4.0,"[""cyan"",""blue"",""red"",""purple"",""green"",""yellow""]",cyan,True,"[{""x"":835,""y"":490,""t"":4},{""x"":750,""y"":376,""t"":38},{""x"":717,""y"":305,""t"":72},{""x"":674,""y"":248,""t"":106},{""x"":601,""y"":196,""t"":140},{""x"":573,""y"":155,""t"":175},{""x"":514,""y"":125,""t"":207},{""x"":500,""y"":119,""t"":241},{""x"":465,""y"":91,""t"":275},{""x"":427,""y"":39,""t"":309},{""x"":468,""y"":118,""t"":343},{""x"":476,""y"":133,""t"":378},{""x"":459,""y"":109,""t"":412},{""x"":493,""y"":130,""t"":446},{""x"":483,""y"":186,""t"":480},{""x"":493,""y"":221,""t"":513},{""x"":538,""y"":215,""t"":549},{""x"":567,""y"":263,""t"":582},{""x"":614,""y"":304,""t"":615},{""x"":640,""y"":273,""t"":650},{""x"":681,""y"":285,""t"":683},{""x"":689,""y"":290,""t"":718},{""x"":713,""y"":324,""t"":752},{""x"":707,""y"":327,""t"":785},{""x"":698,""y"":312,""t"":820},{""x"":685,""y"":302,""t"":854},{""x"":643,""y"":305,""t"":887},{""x"":619,""y"":307,""t"":922},{""x"":552,""y"":289,""t"":955},{""x"":487,""y"":292,""t"":991},{""x"":502,""y"":266,""t"":1024},{""x"":541,""y"":270,""t"":1058},{""x"":568,""y"":268,""t"":1090},{""x"":578,""y"":242,""t"":1126},{""x"":620,""y"":248,""t"":1160},{""x"":698,""y"":318,""t"":1194},{""x"":750,""y"":329,""t"":1227},{""x"":777,""y"":343,""t"":1263},{""x"":809,""y"":335,""t"":1296},{""x"":884,""y"":358,""t"":1330},{""x"":889,""y"":389,""t"":1363},{""x"":946,""y"":430,""t"":1398},{""x"":937,""y"":468,""t"":1432},{""x"":982,""y"":530,""t"":1466},{""x"":1055,""y"":559,""t"":1500},{""x"":1080,""y"":562,""t"":1535},{""x"":1100,""y"":525,""t"":1569},{""x"":1157,""y"":537,""t"":1601},{""x"":1145,""y"":506,""t"":1636},{""x"":1183,""y"":467,""t"":1670},{""x"":1202,""y"":447,""t"":1703},{""x"":1190,""y"":434,""t"":1739},{""x"":1092,""y"":490,""t"":1772},{""x"":989,""y"":481,""t"":1806},{""x"":879,""y"":474,""t"":1839},{""x"":793,""y"":445,""t"":1874},{""x"":721,""y"":416,""t"":1908},{""x"":670,""y"":357,""t"":1941},{""x"":635,""y"":314,""t"":1976}]","[{""x"":250,""y"":425,""width"":80,""height"":80,""top"":385,""right"":290,""bottom"":465,""left"":210},{""x"":400,""y"":165.1923788646684,""width"":80,""height"":80,""top"":125.1923788646684,""right"":440,""bottom"":205.1923788646684,""left"":360},{""x"":700,""y"":165.1923788646684,""width"":80,""height"":80,""top"":125.1923788646684,""right"":740,""bottom"":205.1923788646684,""left"":660},{""x"":850,""y"":425,""width"":80,""height"":80,""top"":385,""right"":890,""bottom"":465,""left"":810},{""x"":700,""y"":684.8076211353316,""width"":80,""height"":80,""top"":644.8076211353316,""right"":740,""bottom"":724.8076211353316,""left"":660},{""x"":400,""y"":684.8076211353316,""width"":80,""height"":80,""top"":644.8076211353316,""right"":440,""bottom"":724.8076211353316,""left"":360}]","{""#container"":{""x"":410,""y"":129.390625,""width"":1100,""height"":850,""top"":129.390625,""right"":1510,""bottom"":979.390625,""left"":410}}","[{'cyan': 0}, {'blue': 15}, {'red': 0}, {'purple': 5}, {'green': 0}, {'yellow': 0}]",,blue
343,李苏亚,23.0,男,,,,,,,,,,,,
344,,,,1446.0,5.0,4.0,"[""yellow"",""cyan"",""purple"",""red"",""green"",""blue""]",yellow,False,"[{""x"":919,""y"":571,""t"":4},{""x"":893,""y"":551,""t"":40},{""x"":846,""y"":497,""t"":73},{""x"":828,""y"":476,""t"":105},{""x"":762,""y"":442,""t"":140},{""x"":736,""y"":432,""t"":173},{""x"":730,""y"":434,""t"":208},{""x"":713,""y"":419,""t"":243},{""x"":740,""y"":468,""t"":276},{""x"":730,""y"":442,""t"":310},{""x"":748,""y"":471,""t"":344},{""x"":744,""y"":461,""t"":378},{""x"":748,""y"":442,""t"":412},{""x"":753,""y"":440,""t"":446},{""x"":772,""y"":433,""t"":481},{""x"":763,""y"":404,""t"":514},{""x"":771,""y"":444,""t"":547},{""x"":820,""y"":470,""t"":582},{""x"":784,""y"":438,""t"":616},{""x"":821,""y"":477,""t"":650},{""x"":822,""y"":461,""t"":685},{""x"":854,""y"":454,""t"":718},{""x"":860,""y"":452,""t"":751},{""x"":851,""y"":432,""t"":785},{""x"":862,""y"":442,""t"":820},{""x"":916,""y"":450,""t"":854},{""x"":975,""y"":461,""t"":888},{""x"":1068,""y"":514,""t"":922},{""x"":1097,""y"":505,""t"":955},{""x"":1107,""y"":512,""t"":990},{""x"":1092,""y"":509,""t"":1023},{""x"":1124,""y"":535,""t"":1057},{""x"":1148,""y"":569,""t"":1091},{""x"":1131,""y"":597,""t"":1126},{""x"":1114,""y"":620,""t"":1157},{""x"":1150,""y"":644,""t"":1194},{""x"":1117,""y"":639,""t"":1228},{""x"":1086,""y"":634,""t"":1262},{""x"":1049,""y"":630,""t"":1296},{""x"":1005,""y"":615,""t"":1329},{""x"":1010,""y"":622,""t"":1365},{""x"":998,""y"":616,""t"":1398},{""x"":988,""y"":594,""t"":1431},{""x"":983,""y"":611,""t"":1466},{""x"":971,""y"":597,""t"":1499},{""x"":986,""y"":599,""t"":1535},{""x"":1001,""y"":601,""t"":1566},{""x"":988,""y"":596,""t"":1601},{""x"":968,""y"":605,""t"":1635},{""x"":957,""y"":585,""t"":1670},{""x"":965,""y"":587,""t"":1704},{""x"":981,""y"":584,""t"":1738},{""x"":974,""y"":586,""t"":1771},{""x"":985,""y"":572,""t"":1805},{""x"":933,""y"":554,""t"":1840},{""x"":905,""y"":553,""t"":1874},{""x"":883,""y"":543,""t"":1908},{""x"":852,""y"":531,""t"":1942},{""x"":850,""y"":559,""t"":1976}]","[{""x"":250,""y"":425,""width"":80,""height"":80,""top"":385,""right"":290,""bottom"":465,""left"":210},{""x"":400,""y"":165.1923788646684,""width"":80,""height"":80,""top"":125.1923788646684,""right"":440,""bottom"":205.1923788646684,""left"":360},{""x"":700,""y"":165.1923788646684,""width"":80,""height"":80,""top"":125.1923788646684,""right"":740,""bottom"":205.1923788646684,""left"":660},{""x"":850,""y"":425,""width"":80,""height"":80,""top"":385,""right"":890,""bottom"":465,""left"":810},{""x"":700,""y"":684.8076211353316,""width"":80,""height"":80,""top"":644.8076211353316,""right"":740,""bottom"":724.8076211353316,""left"":660},{""x"":400,""y"":684.8076211353316,""width"":80,""height"":80,""top"":644.8076211353316,""right"":440,""bottom"":724.8076211353316,""left"":360}]","{""#container"":{""x"":410,""y"":129.390625,""width"":1100,""height"":850,""top"":129.390625,""right"":1510,""bottom"":979.390625,""left"":410}}","[{'yellow': 9}, {'cyan': 4}, {'purple': 0}, {'red': 4}, {'green': 0}, {'blue': 0}]",{'yellow': 9},yellow
345,,,,972.0,7.0,7.0,"[""cyan"",""purple"",""green"",""yellow"",""blue"",""red""]",purple_1,True,"[{""x"":879,""y"":570,""t"":4},{""x"":872,""y"":548,""t"":38},{""x"":864,""y"":524,""t"":72},{""x"":881,""y"":502,""t"":106},{""x"":870,""y"":500,""t"":140},{""x"":867,""y"":507,""t"":174},{""x"":864,""y"":507,""t"":207},{""x"":867,""y"":522,""t"":243},{""x"":818,""y"":464,""t"":275},{""x"":821,""y"":448,""t"":310},{""x"":825,""y"":424,""t"":344},{""x"":832,""y"":430,""t"":378},{""x"":841,""y"":432,""t"":411},{""x"":838,""y"":431,""t"":446},{""x"":813,""y"":420,""t"":480},{""x"":798,""y"":417,""t"":514},{""x"":811,""y"":413,""t"":548},{""x"":785,""y"":360,""t"":582},{""x"":788,""y"":367,""t"":617},{""x"":792,""y"":386,""t"":650},{""x"":782,""y"":362,""t"":683},{""x"":800,""y"":330,""t"":717},{""x"":811,""y"":342,""t"":752},{""x"":845,""y"":366,""t"":787},{""x"":886,""y"":394,""t"":820},{""x"":1014,""y"":508,""t"":854},{""x"":1098,""y"":608,""t"":888},{""x"":1163,""y"":692,""t"":922},{""x"":1220,""y"":749,""t"":955},{""x"":1275,""y"":755,""t"":989},{""x"":1296,""y"":754,""t"":1023},{""x"":1275,""y"":812,""t"":1058},{""x"":1221,""y"":889,""t"":1092},{""x"":1172,""y"":962,""t"":1126},{""x"":1115,""y"":977,""t"":1160},{""x"":1109,""y"":929,""t"":1194},{""x"":1096,""y"":869,""t"":1229},{""x"":1035,""y"":787,""t"":1262},{""x"":1000,""y"":716,""t"":1296},{""x"":983,""y"":666,""t"":1330},{""x"":949,""y"":603,""t"":1364},{""x"":912,""y"":543,""t"":1398},{""x"":874,""y"":490,""t"":1430},{""x"":830,""y"":453,""t"":1466},{""x"":852,""y"":442,""t"":1500},{""x"":816,""y"":406,""t"":1534},{""x"":818,""y"":421,""t"":1568},{""x"":845,""y"":423,""t"":1602},{""x"":863,""y"":449,""t"":1636},{""x"":919,""y"":477,""t"":1670},{""x"":985,""y"":522,""t"":1704},{""x"":1014,""y"":538,""t"":1738},{""x"":1037,""y"":562,""t"":1772},{""x"":1031,""y"":560,""t"":1806},{""x"":1033,""y"":575,""t"":1840},{""x"":1038,""y"":578,""t"":1873},{""x"":1053,""y"":590,""t"":1908},{""x"":1084,""y"":592,""t"":1942},{""x"":1074,""y"":594,""t"":1977}]","[{""x"":250,""y"":425,""width"":80,""height"":80,""top"":385,""right"":290,""bottom"":465,""left"":210},{""x"":400,""y"":165.1923788646684,""width"":80,""height"":80,""top"":125.1923788646684,""right"":440,""bottom"":205.1923788646684,""left"":360},{""x"":700,""y"":165.1923788646684,""width"":80,""height"":80,""top"":125.1923788646684,""right"":740,""bottom"":205.1923788646684,""left"":660},{""x"":850,""y"":425,""width"":80,""height"":80,""top"":385,""right"":890,""bottom"":465,""left"":810},{""x"":700,""y"":684.8076211353316,""width"":80,""height"":80,""top"":644.8076211353316,""right"":740,""bottom"":724.8076211353316,""left"":660},{""x"":400,""y"":684.8076211353316,""width"":80,""height"":80,""top"":644.8076211353316,""right"":440,""bottom"":724.8076211353316,""left"":360}]","{""#container"":{""x"":410,""y"":129.390625,""width"":1100,""height"":850,""top"":129.390625,""right"":1510,""bottom"":979.390625,""left"":410}}","[{'cyan': 0}, {'purple': 18}, {'green': 0}, {'yellow': 0}, {'blue': 7}, {'red': 0}]",{'purple_1': 18},purple_1
346,,,,1093.0,1.0,9.0,"[""purple"",""cyan"",""blue"",""green"",""red"",""yellow""]",blue,False,"[{""x"":1033,""y"":605,""t"":4},{""x"":1009,""y"":616,""t"":40},{""x"":978,""y"":603,""t"":72},{""x"":980,""y"":627,""t"":106},{""x"":956,""y"":609,""t"":140},{""x"":944,""y"":625,""t"":173},{""x"":935,""y"":637,""t"":207},{""x"":933,""y"":651,""t"":241},{""x"":901,""y"":630,""t"":277},{""x"":877,""y"":625,""t"":309},{""x"":873,""y"":609,""t"":344},{""x"":888,""y"":615,""t"":377},{""x"":901,""y"":621,""t"":409},{""x"":871,""y"":619,""t"":446},{""x"":892,""y"":612,""t"":479},{""x"":919,""y"":600,""t"":513},{""x"":883,""y"":525,""t"":548},{""x"":854,""y"":476,""t"":581},{""x"":836,""y"":467,""t"":615},{""x"":828,""y"":425,""t"":650},{""x"":889,""y"":450,""t"":683},{""x"":995,""y"":502,""t"":718},{""x"":1049,""y"":548,""t"":751},{""x"":1117,""y"":596,""t"":786},{""x"":1124,""y"":618,""t"":820},{""x"":1111,""y"":674,""t"":854},{""x"":1076,""y"":744,""t"":888},{""x"":1069,""y"":791,""t"":921},{""x"":1065,""y"":839,""t"":956},{""x"":1040,""y"":839,""t"":990},{""x"":1008,""y"":836,""t"":1024},{""x"":983,""y"":816,""t"":1058},{""x"":969,""y"":802,""t"":1091},{""x"":934,""y"":777,""t"":1126},{""x"":908,""y"":749,""t"":1159},{""x"":900,""y"":739,""t"":1194},{""x"":894,""y"":732,""t"":1228},{""x"":892,""y"":730,""t"":1262},{""x"":894,""y"":727,""t"":1296},{""x"":913,""y"":735,""t"":1329},{""x"":907,""y"":718,""t"":1365},{""x"":928,""y"":720,""t"":1398},{""x"":923,""y"":716,""t"":1431},{""x"":930,""y"":714,""t"":1466},{""x"":949,""y"":721,""t"":1499},{""x"":959,""y"":737,""t"":1534},{""x"":973,""y"":720,""t"":1567},{""x"":1039,""y"":716,""t"":1602},{""x"":1096,""y"":723,""t"":1637},{""x"":1141,""y"":738,""t"":1670},{""x"":1162,""y"":713,""t"":1704},{""x"":1170,""y"":705,""t"":1738},{""x"":1228,""y"":715,""t"":1771},{""x"":1243,""y"":725,""t"":1807},{""x"":1272,""y"":739,""t"":1839},{""x"":1284,""y"":746,""t"":1873},{""x"":1309,""y"":756,""t"":1908},{""x"":1339,""y"":775,""t"":1943},{""x"":1308,""y"":757,""t"":1976}]","[{""x"":250,""y"":425,""width"":80,""height"":80,""top"":385,""right"":290,""bottom"":465,""left"":210},{""x"":400,""y"":165.1923788646684,""width"":80,""height"":80,""top"":125.1923788646684,""right"":440,""bottom"":205.1923788646684,""left"":360},{""x"":700,""y"":165.1923788646684,""width"":80,""height"":80,""top"":125.1923788646684,""right"":740,""bottom"":205.1923788646684,""left"":660},{""x"":850,""y"":425,""width"":80,""height"":80,""top"":385,""right"":890,""bottom"":465,""left"":810},{""x"":700,""y"":684.8076211353316,""width"":80,""height"":80,""top"":644.8076211353316,""right"":740,""bottom"":724.8076211353316,""left"":660},{""x"":400,""y"":684.8076211353316,""width"":80,""height"":80,""top"":644.8076211353316,""right"":440,""bottom"":724.8076211353316,""left"":360}]","{""#container"":{""x"":410,""y"":129.390625,""width"":1100,""height"":850,""top"":129.390625,""right"":1510,""bottom"":979.390625,""left"":410}}","[{'purple': 0}, {'cyan': 1}, {'blue': 0}, {'green': 1}, {'red': 13}, {'yellow': 9}]",,red
347,,,,1882.0,1.0,4.0,"[""cyan"",""purple"",""green"",""blue"",""red"",""yellow""]",cyan_1,False,"[{""x"":1239,""y"":746,""t"":4},{""x"":1166,""y"":730,""t"":39},{""x"":1091,""y"":689,""t"":73},{""x"":1007,""y"":647,""t"":107},{""x"":973,""y"":650,""t"":140},{""x"":929,""y"":633,""t"":173},{""x"":918,""y"":628,""t"":208},{""x"":917,""y"":645,""t"":242},{""x"":919,""y"":647,""t"":276},{""x"":922,""y"":662,""t"":309},{""x"":913,""y"":651,""t"":343},{""x"":964,""y"":652,""t"":377},{""x"":1050,""y"":672,""t"":413},{""x"":1097,""y"":685,""t"":446},{""x"":1148,""y"":666,""t"":480},{""x"":1166,""y"":666,""t"":514},{""x"":1210,""y"":666,""t"":548},{""x"":1246,""y"":657,""t"":582},{""x"":1294,""y"":653,""t"":614},{""x"":1314,""y"":645,""t"":649},{""x"":1296,""y"":623,""t"":685},{""x"":1308,""y"":606,""t"":718},{""x"":1238,""y"":611,""t"":752},{""x"":1184,""y"":606,""t"":786},{""x"":1123,""y"":596,""t"":820},{""x"":1084,""y"":597,""t"":854},{""x"":1024,""y"":567,""t"":888},{""x"":1006,""y"":557,""t"":922},{""x"":1001,""y"":552,""t"":955},{""x"":1008,""y"":568,""t"":989},{""x"":1016,""y"":582,""t"":1022},{""x"":1013,""y"":576,""t"":1058},{""x"":993,""y"":565,""t"":1091},{""x"":1016,""y"":563,""t"":1126},{""x"":1077,""y"":590,""t"":1160},{""x"":1131,""y"":612,""t"":1193},{""x"":1173,""y"":635,""t"":1228},{""x"":1209,""y"":654,""t"":1262},{""x"":1250,""y"":654,""t"":1296},{""x"":1281,""y"":670,""t"":1331},{""x"":1300,""y"":663,""t"":1363},{""x"":1300,""y"":674,""t"":1397},{""x"":1269,""y"":689,""t"":1432},{""x"":1256,""y"":693,""t"":1466},{""x"":1262,""y"":695,""t"":1500},{""x"":1218,""y"":698,""t"":1534},{""x"":1168,""y"":727,""t"":1567},{""x"":1117,""y"":754,""t"":1602},{""x"":1065,""y"":756,""t"":1636},{""x"":1009,""y"":762,""t"":1670},{""x"":970,""y"":774,""t"":1704},{""x"":944,""y"":768,""t"":1738},{""x"":902,""y"":768,""t"":1772},{""x"":887,""y"":731,""t"":1805},{""x"":875,""y"":704,""t"":1839},{""x"":871,""y"":685,""t"":1874},{""x"":849,""y"":659,""t"":1908},{""x"":857,""y"":645,""t"":1942},{""x"":918,""y"":666,""t"":1976}]","[{""x"":250,""y"":425,""width"":80,""height"":80,""top"":385,""right"":290,""bottom"":465,""left"":210},{""x"":400,""y"":165.1923788646684,""width"":80,""height"":80,""top"":125.1923788646684,""right"":440,""bottom"":205.1923788646684,""left"":360},{""x"":700,""y"":165.1923788646684,""width"":80,""height"":80,""top"":125.1923788646684,""right"":740,""bottom"":205.1923788646684,""left"":660},{""x"":850,""y"":425,""width"":80,""height"":80,""top"":385,""right"":890,""bottom"":465,""left"":810},{""x"":700,""y"":684.8076211353316,""width"":80,""height"":80,""top"":644.8076211353316,""right"":740,""bottom"":724.8076211353316,""left"":660},{""x"":400,""y"":684.8076211353316,""width"":80,""height"":80,""top"":644.8076211353316,""right"":440,""bottom"":724.8076211353316,""left"":360}]","{""#container"":{""x"":410,""y"":129.390625,""width"":1100,""height"":850,""top"":129.390625,""right"":1510,""bottom"":979.390625,""left"":410}}","[{'cyan': 0}, {'purple': 0}, {'green': 0}, {'blue': 21}, {'red': 9}, {'yellow': 5}]",,blue
348,,,,527.0,4.0,4.0,"[""purple"",""green"",""cyan"",""yellow"",""blue"",""red""]",purple_1,True,"[{""x"":966,""y"":697,""t"":4},{""x"":1011,""y"":711,""t"":41},{""x"":1017,""y"":721,""t"":71},{""x"":1044,""y"":705,""t"":106},{""x"":1065,""y"":696,""t"":140},{""x"":1084,""y"":681,""t"":174},{""x"":1117,""y"":678,""t"":207},{""x"":1077,""y"":668,""t"":242},{""x"":1067,""y"":675,""t"":277},{""x"":1042,""y"":685,""t"":310},{""x"":1065,""y"":696,""t"":343},{""x"":995,""y"":694,""t"":379},{""x"":959,""y"":708,""t"":412},{""x"":919,""y"":723,""t"":444},{""x"":905,""y"":717,""t"":480},{""x"":896,""y"":719,""t"":514},{""x"":840,""y"":724,""t"":548},{""x"":812,""y"":737,""t"":582},{""x"":783,""y"":752,""t"":616},{""x"":782,""y"":745,""t"":649},{""x"":845,""y"":742,""t"":684},{""x"":993,""y"":752,""t"":717},{""x"":1078,""y"":723,""t"":752},{""x"":1166,""y"":704,""t"":787},{""x"":1218,""y"":676,""t"":820},{""x"":1257,""y"":653,""t"":853},{""x"":1312,""y"":661,""t"":888},{""x"":1343,""y"":665,""t"":922},{""x"":1360,""y"":645,""t"":956},{""x"":1377,""y"":626,""t"":990},{""x"":1371,""y"":608,""t"":1023},{""x"":1370,""y"":602,""t"":1057},{""x"":1358,""y"":593,""t"":1091},{""x"":1360,""y"":603,""t"":1126},{""x"":1347,""y"":608,""t"":1160},{""x"":1350,""y"":610,""t"":1194},{""x"":1350,""y"":612,""t"":1227},{""x"":1358,""y"":619,""t"":1262},{""x"":1299,""y"":597,""t"":1296},{""x"":1201,""y"":581,""t"":1330},{""x"":1117,""y"":590,""t"":1364},{""x"":1057,""y"":608,""t"":1398},{""x"":977,""y"":622,""t"":1432},{""x"":964,""y"":632,""t"":1465},{""x"":999,""y"":644,""t"":1501},{""x"":1045,""y"":679,""t"":1534},{""x"":1131,""y"":712,""t"":1568},{""x"":1187,""y"":742,""t"":1602},{""x"":1171,""y"":743,""t"":1636},{""x"":1216,""y"":760,""t"":1671},{""x"":1202,""y"":759,""t"":1704},{""x"":1245,""y"":782,""t"":1738},{""x"":1284,""y"":799,""t"":1772},{""x"":1324,""y"":787,""t"":1806},{""x"":1372,""y"":790,""t"":1840},{""x"":1379,""y"":792,""t"":1874},{""x"":1318,""y"":800,""t"":1907},{""x"":1241,""y"":799,""t"":1942},{""x"":1146,""y"":782,""t"":1975}]","[{""x"":250,""y"":425,""width"":80,""height"":80,""top"":385,""right"":290,""bottom"":465,""left"":210},{""x"":400,""y"":165.1923788646684,""width"":80,""height"":80,""top"":125.1923788646684,""right"":440,""bottom"":205.1923788646684,""left"":360},{""x"":700,""y"":165.1923788646684,""width"":80,""height"":80,""top"":125.1923788646684,""right"":740,""bottom"":205.1923788646684,""left"":660},{""x"":850,""y"":425,""width"":80,""height"":80,""top"":385,""right"":890,""bottom"":465,""left"":810},{""x"":700,""y"":684.8076211353316,""width"":80,""height"":80,""top"":644.8076211353316,""right"":740,""bottom"":724.8076211353316,""left"":660},{""x"":400,""y"":684.8076211353316,""width"":80,""height"":80,""top"":644.8076211353316,""right"":440,""bottom"":724.8076211353316,""left"":360}]","{""#container"":{""x"":410,""y"":129.390625,""width"":1100,""height"":850,""top"":129.390625,""right"":1510,""bottom"":979.390625,""left"":410}}","[{'purple': 0}, {'green': 0}, {'cyan': 0}, {'yellow': 17}, {'blue': 21}, {'red': 8}]",,blue
349,,,,530.0,9.0,9.0,"[""purple"",""green"",""blue"",""yellow"",""red"",""cyan""]",blue_1,True,"[{""x"":1081,""y"":753,""t"":4},{""x"":1038,""y"":727,""t"":39},{""x"":1010,""y"":709,""t"":74},{""x"":992,""y"":698,""t"":107},{""x"":970,""y"":694,""t"":141},{""x"":948,""y"":686,""t"":174},{""x"":956,""y"":692,""t"":208},{""x"":966,""y"":698,""t"":240},{""x"":962,""y"":689,""t"":275},{""x"":957,""y"":689,""t"":311},{""x"":941,""y"":694,""t"":345},{""x"":904,""y"":731,""t"":378},{""x"":890,""y"":813,""t"":411},{""x"":915,""y"":899,""t"":447},{""x"":937,""y"":877,""t"":480},{""x"":992,""y"":827,""t"":514},{""x"":1042,""y"":777,""t"":548},{""x"":1078,""y"":748,""t"":582},{""x"":1148,""y"":725,""t"":616},{""x"":1222,""y"":687,""t"":650},{""x"":1271,""y"":671,""t"":684},{""x"":1322,""y"":661,""t"":717},{""x"":1341,""y"":636,""t"":752},{""x"":1359,""y"":618,""t"":786},{""x"":1297,""y"":617,""t"":820},{""x"":1218,""y"":598,""t"":854},{""x"":1121,""y"":597,""t"":888},{""x"":1091,""y"":609,""t"":922},{""x"":994,""y"":596,""t"":958},{""x"":931,""y"":607,""t"":990},{""x"":896,""y"":621,""t"":1024},{""x"":948,""y"":609,""t"":1057},{""x"":928,""y"":604,""t"":1092},{""x"":997,""y"":602,""t"":1127},{""x"":1075,""y"":623,""t"":1159},{""x"":1177,""y"":634,""t"":1193},{""x"":1244,""y"":623,""t"":1228},{""x"":1312,""y"":660,""t"":1261},{""x"":1361,""y"":667,""t"":1296},{""x"":1388,""y"":652,""t"":1330},{""x"":1408,""y"":642,""t"":1364},{""x"":1404,""y"":628,""t"":1398},{""x"":1398,""y"":615,""t"":1429},{""x"":1378,""y"":610,""t"":1466},{""x"":1294,""y"":606,""t"":1500},{""x"":1178,""y"":626,""t"":1534},{""x"":1067,""y"":654,""t"":1568},{""x"":995,""y"":686,""t"":1602},{""x"":924,""y"":728,""t"":1636},{""x"":879,""y"":733,""t"":1671},{""x"":876,""y"":757,""t"":1704},{""x"":967,""y"":794,""t"":1738},{""x"":979,""y"":801,""t"":1772},{""x"":998,""y"":799,""t"":1806},{""x"":1015,""y"":796,""t"":1838},{""x"":1062,""y"":796,""t"":1873},{""x"":1127,""y"":809,""t"":1908},{""x"":1198,""y"":826,""t"":1942},{""x"":1160,""y"":810,""t"":1976}]","[{""x"":250,""y"":425,""width"":80,""height"":80,""top"":385,""right"":290,""bottom"":465,""left"":210},{""x"":400,""y"":165.1923788646684,""width"":80,""height"":80,""top"":125.1923788646684,""right"":440,""bottom"":205.1923788646684,""left"":360},{""x"":700,""y"":165.1923788646684,""width"":80,""height"":80,""top"":125.1923788646684,""right"":740,""bottom"":205.1923788646684,""left"":660},{""x"":850,""y"":425,""width"":80,""height"":80,""top"":385,""right"":890,""bottom"":465,""left"":810},{""x"":700,""y"":684.8076211353316,""width"":80,""height"":80,""top"":644.8076211353316,""right"":740,""bottom"":724.8076211353316,""left"":660},{""x"":400,""y"":684.8076211353316,""width"":80,""height"":80,""top"":644.8076211353316,""right"":440,""bottom"":724.8076211353316,""left"":360}]","{""#container"":{""x"":410,""y"":129.390625,""width"":1100,""height"":850,""top"":129.390625,""right"":1510,""bottom"":979.390625,""left"":410}}","[{'purple': 0}, {'green': 0}, {'blue': 0}, {'yellow': 14}, {'red': 15}, {'cyan': 7}]",,red
350,,,,1261.0,4.0,3.0,"[""blue"",""cyan"",""red"",""green"",""purple"",""yellow""]",purple,False,"[{""x"":1091,""y"":664,""t"":4},{""x"":1060,""y"":682,""t"":38},{""x"":1021,""y"":660,""t"":72},{""x"":985,""y"":660,""t"":107},{""x"":969,""y"":646,""t"":139},{""x"":957,""y"":644,""t"":174},{""x"":938,""y"":630,""t"":207},{""x"":919,""y"":620,""t"":242},{""x"":911,""y"":635,""t"":276},{""x"":911,""y"":640,""t"":310},{""x"":945,""y"":649,""t"":343},{""x"":992,""y"":639,""t"":378},{""x"":1073,""y"":643,""t"":411},{""x"":1106,""y"":639,""t"":445},{""x"":1128,""y"":627,""t"":479},{""x"":1170,""y"":622,""t"":514},{""x"":1219,""y"":643,""t"":548},{""x"":1238,""y"":655,""t"":582},{""x"":1290,""y"":685,""t"":616},{""x"":1287,""y"":692,""t"":650},{""x"":1260,""y"":679,""t"":683},{""x"":1273,""y"":707,""t"":717},{""x"":1174,""y"":717,""t"":752},{""x"":1101,""y"":715,""t"":785},{""x"":1036,""y"":707,""t"":819},{""x"":974,""y"":689,""t"":853},{""x"":925,""y"":671,""t"":887},{""x"":915,""y"":652,""t"":921},{""x"":907,""y"":605,""t"":956},{""x"":922,""y"":600,""t"":990},{""x"":929,""y"":587,""t"":1025},{""x"":950,""y"":556,""t"":1057},{""x"":914,""y"":521,""t"":1092},{""x"":927,""y"":526,""t"":1125},{""x"":925,""y"":507,""t"":1160},{""x"":902,""y"":477,""t"":1194},{""x"":899,""y"":453,""t"":1228},{""x"":911,""y"":457,""t"":1262},{""x"":919,""y"":450,""t"":1296},{""x"":902,""y"":430,""t"":1329},{""x"":892,""y"":414,""t"":1364},{""x"":872,""y"":404,""t"":1397},{""x"":886,""y"":412,""t"":1432},{""x"":888,""y"":457,""t"":1465},{""x"":863,""y"":446,""t"":1499},{""x"":890,""y"":474,""t"":1533},{""x"":914,""y"":497,""t"":1565},{""x"":947,""y"":514,""t"":1602},{""x"":985,""y"":541,""t"":1635},{""x"":1026,""y"":541,""t"":1670},{""x"":1066,""y"":576,""t"":1704},{""x"":1144,""y"":610,""t"":1738},{""x"":1175,""y"":634,""t"":1772},{""x"":1209,""y"":660,""t"":1805},{""x"":1174,""y"":668,""t"":1839},{""x"":1187,""y"":691,""t"":1874},{""x"":1123,""y"":676,""t"":1908},{""x"":1087,""y"":668,""t"":1940},{""x"":1077,""y"":700,""t"":1976}]","[{""x"":250,""y"":425,""width"":80,""height"":80,""top"":385,""right"":290,""bottom"":465,""left"":210},{""x"":400,""y"":165.1923788646684,""width"":80,""height"":80,""top"":125.1923788646684,""right"":440,""bottom"":205.1923788646684,""left"":360},{""x"":700,""y"":165.1923788646684,""width"":80,""height"":80,""top"":125.1923788646684,""right"":740,""bottom"":205.1923788646684,""left"":660},{""x"":850,""y"":425,""width"":80,""height"":80,""top"":385,""right"":890,""bottom"":465,""left"":810},{""x"":700,""y"":684.8076211353316,""width"":80,""height"":80,""top"":644.8076211353316,""right"":740,""bottom"":724.8076211353316,""left"":660},{""x"":400,""y"":684.8076211353316,""width"":80,""height"":80,""top"":644.8076211353316,""right"":440,""bottom"":724.8076211353316,""left"":360}]","{""#container"":{""x"":410,""y"":129.390625,""width"":1100,""height"":850,""top"":129.390625,""right"":1510,""bottom"":979.390625,""left"":410}}","[{'blue': 0}, {'cyan': 3}, {'red': 0}, {'green': 10}, {'purple': 8}, {'yellow': 0}]",{'purple': 8},green
351,,,,1298.0,7.0,7.0,"[""blue"",""red"",""yellow"",""purple"",""green"",""cyan""]",red,True,"[{""x"":1048,""y"":704,""t"":4},{""x"":1033,""y"":705,""t"":38},{""x"":1027,""y"":701,""t"":72},{""x"":1024,""y"":704,""t"":105},{""x"":991,""y"":697,""t"":140},{""x"":968,""y"":693,""t"":174},{""x"":952,""y"":668,""t"":208},{""x"":930,""y"":655,""t"":241},{""x"":904,""y"":640,""t"":275},{""x"":899,""y"":621,""t"":309},{""x"":888,""y"":615,""t"":345},{""x"":879,""y"":595,""t"":378},{""x"":888,""y"":601,""t"":409},{""x"":919,""y"":583,""t"":446},{""x"":906,""y"":551,""t"":481},{""x"":888,""y"":541,""t"":514},{""x"":897,""y"":555,""t"":547},{""x"":879,""y"":552,""t"":581},{""x"":900,""y"":557,""t"":615},{""x"":972,""y"":579,""t"":650},{""x"":1015,""y"":584,""t"":683},{""x"":1049,""y"":609,""t"":717},{""x"":1120,""y"":625,""t"":751},{""x"":1171,""y"":637,""t"":787},{""x"":1212,""y"":646,""t"":817},{""x"":1250,""y"":659,""t"":853},{""x"":1186,""y"":747,""t"":889},{""x"":1132,""y"":816,""t"":922},{""x"":1105,""y"":875,""t"":956},{""x"":1057,""y"":866,""t"":989},{""x"":1033,""y"":821,""t"":1024},{""x"":980,""y"":744,""t"":1058},{""x"":951,""y"":710,""t"":1092},{""x"":909,""y"":620,""t"":1126},{""x"":869,""y"":549,""t"":1160},{""x"":877,""y"":499,""t"":1193},{""x"":872,""y"":493,""t"":1228},{""x"":838,""y"":442,""t"":1262},{""x"":811,""y"":407,""t"":1296},{""x"":794,""y"":394,""t"":1329},{""x"":805,""y"":420,""t"":1365},{""x"":812,""y"":460,""t"":1397},{""x"":835,""y"":461,""t"":1431},{""x"":861,""y"":424,""t"":1465},{""x"":871,""y"":431,""t"":1500},{""x"":926,""y"":470,""t"":1534},{""x"":970,""y"":513,""t"":1568},{""x"":1010,""y"":540,""t"":1602},{""x"":1051,""y"":558,""t"":1635},{""x"":1077,""y"":559,""t"":1670},{""x"":1126,""y"":565,""t"":1703},{""x"":1143,""y"":571,""t"":1738},{""x"":1125,""y"":562,""t"":1771},{""x"":1113,""y"":564,""t"":1807},{""x"":1098,""y"":556,""t"":1840},{""x"":1087,""y"":563,""t"":1874},{""x"":1085,""y"":537,""t"":1908},{""x"":1123,""y"":542,""t"":1941},{""x"":1101,""y"":532,""t"":1976}]","[{""x"":250,""y"":425,""width"":80,""height"":80,""top"":385,""right"":290,""bottom"":465,""left"":210},{""x"":400,""y"":165.1923788646684,""width"":80,""height"":80,""top"":125.1923788646684,""right"":440,""bottom"":205.1923788646684,""left"":360},{""x"":700,""y"":165.1923788646684,""width"":80,""height"":80,""top"":125.1923788646684,""right"":740,""bottom"":205.1923788646684,""left"":660},{""x"":850,""y"":425,""width"":80,""height"":80,""top"":385,""right"":890,""bottom"":465,""left"":810},{""x"":700,""y"":684.8076211353316,""width"":80,""height"":80,""top"":644.8076211353316,""right"":740,""bottom"":724.8076211353316,""left"":660},{""x"":400,""y"":684.8076211353316,""width"":80,""height"":80,""top"":644.8076211353316,""right"":440,""bottom"":724.8076211353316,""left"":360}]","{""#container"":{""x"":410,""y"":129.390625,""width"":1100,""height"":850,""top"":129.390625,""right"":1510,""bottom"":979.390625,""left"":410}}","[{'blue': 0}, {'red': 5}, {'yellow': 0}, {'purple': 8}, {'green': 10}, {'cyan': 0}]",{'red': 5},green
352,,,,630.0,7.0,7.0,"[""green"",""cyan"",""purple"",""yellow"",""blue"",""red""]",cyan_1,True,"[{""x"":1018,""y"":511,""t"":5},{""x"":971,""y"":535,""t"":39},{""x"":930,""y"":547,""t"":73},{""x"":910,""y"":567,""t"":106},{""x"":886,""y"":569,""t"":139},{""x"":854,""y"":581,""t"":175},{""x"":855,""y"":599,""t"":208},{""x"":860,""y"":623,""t"":243},{""x"":863,""y"":638,""t"":276},{""x"":879,""y"":645,""t"":309},{""x"":911,""y"":645,""t"":344},{""x"":883,""y"":606,""t"":378},{""x"":854,""y"":574,""t"":412},{""x"":834,""y"":542,""t"":446},{""x"":819,""y"":537,""t"":479},{""x"":856,""y"":557,""t"":514},{""x"":906,""y"":566,""t"":548},{""x"":1010,""y"":581,""t"":583},{""x"":1086,""y"":594,""t"":614},{""x"":1086,""y"":593,""t"":650},{""x"":1127,""y"":591,""t"":684},{""x"":1120,""y"":584,""t"":718},{""x"":1062,""y"":574,""t"":752},{""x"":1017,""y"":584,""t"":786},{""x"":997,""y"":579,""t"":820},{""x"":973,""y"":570,""t"":854},{""x"":947,""y"":579,""t"":889},{""x"":923,""y"":577,""t"":922},{""x"":898,""y"":566,""t"":956},{""x"":881,""y"":562,""t"":991},{""x"":869,""y"":559,""t"":1021},{""x"":883,""y"":536,""t"":1058},{""x"":919,""y"":532,""t"":1091},{""x"":931,""y"":529,""t"":1125},{""x"":958,""y"":533,""t"":1159},{""x"":1010,""y"":545,""t"":1194},{""x"":1030,""y"":547,""t"":1228},{""x"":1069,""y"":552,""t"":1262},{""x"":1122,""y"":571,""t"":1296},{""x"":1145,""y"":584,""t"":1329},{""x"":1169,""y"":596,""t"":1365},{""x"":1177,""y"":595,""t"":1398},{""x"":1161,""y"":584,""t"":1431},{""x"":1165,""y"":595,""t"":1466},{""x"":1132,""y"":586,""t"":1501},{""x"":1098,""y"":596,""t"":1534},{""x"":1069,""y"":595,""t"":1568},{""x"":1045,""y"":590,""t"":1602},{""x"":1033,""y"":600,""t"":1636},{""x"":1038,""y"":605,""t"":1671},{""x"":1044,""y"":637,""t"":1704},{""x"":1022,""y"":638,""t"":1738},{""x"":996,""y"":645,""t"":1772},{""x"":1011,""y"":666,""t"":1806},{""x"":983,""y"":662,""t"":1841},{""x"":1000,""y"":673,""t"":1874},{""x"":977,""y"":673,""t"":1908},{""x"":983,""y"":679,""t"":1943},{""x"":971,""y"":679,""t"":1975}]","[{""x"":250,""y"":425,""width"":80,""height"":80,""top"":385,""right"":290,""bottom"":465,""left"":210},{""x"":400,""y"":165.1923788646684,""width"":80,""height"":80,""top"":125.1923788646684,""right"":440,""bottom"":205.1923788646684,""left"":360},{""x"":700,""y"":165.1923788646684,""width"":80,""height"":80,""top"":125.1923788646684,""right"":740,""bottom"":205.1923788646684,""left"":660},{""x"":850,""y"":425,""width"":80,""height"":80,""top"":385,""right"":890,""bottom"":465,""left"":810},{""x"":700,""y"":684.8076211353316,""width"":80,""height"":80,""top"":644.8076211353316,""right"":740,""bottom"":724.8076211353316,""left"":660},{""x"":400,""y"":684.8076211353316,""width"":80,""height"":80,""top"":644.8076211353316,""right"":440,""bottom"":724.8076211353316,""left"":360}]","{""#container"":{""x"":410,""y"":129.390625,""width"":1100,""height"":850,""top"":129.390625,""right"":1510,""bottom"":979.390625,""left"":410}}","[{'green': 0}, {'cyan': 0}, {'purple': 0}, {'yellow': 9}, {'blue': 0}, {'red': 0}]",,yellow
353,,,,369.0,1.0,1.0,"[""green"",""blue"",""purple"",""red"",""cyan"",""yellow""]",yellow_1,True,"[{""x"":944,""y"":682,""t"":5},{""x"":907,""y"":678,""t"":43},{""x"":889,""y"":693,""t"":73},{""x"":879,""y"":701,""t"":106},{""x"":878,""y"":700,""t"":139},{""x"":880,""y"":706,""t"":173},{""x"":875,""y"":690,""t"":208},{""x"":868,""y"":684,""t"":242},{""x"":856,""y"":659,""t"":275},{""x"":847,""y"":617,""t"":310},{""x"":854,""y"":613,""t"":343},{""x"":870,""y"":627,""t"":377},{""x"":884,""y"":597,""t"":412},{""x"":888,""y"":583,""t"":446},{""x"":868,""y"":590,""t"":480},{""x"":878,""y"":581,""t"":513},{""x"":877,""y"":569,""t"":548},{""x"":858,""y"":583,""t"":582},{""x"":849,""y"":588,""t"":615},{""x"":825,""y"":590,""t"":649},{""x"":798,""y"":595,""t"":684},{""x"":772,""y"":584,""t"":717},{""x"":780,""y"":584,""t"":751},{""x"":783,""y"":601,""t"":785},{""x"":802,""y"":614,""t"":820},{""x"":848,""y"":628,""t"":853},{""x"":883,""y"":635,""t"":888},{""x"":926,""y"":648,""t"":922},{""x"":963,""y"":647,""t"":956},{""x"":972,""y"":641,""t"":990},{""x"":1003,""y"":648,""t"":1024},{""x"":1040,""y"":647,""t"":1058},{""x"":1052,""y"":637,""t"":1092},{""x"":1094,""y"":649,""t"":1125},{""x"":1102,""y"":636,""t"":1160},{""x"":1134,""y"":620,""t"":1194},{""x"":1174,""y"":623,""t"":1227},{""x"":1145,""y"":593,""t"":1261},{""x"":1131,""y"":573,""t"":1295},{""x"":1080,""y"":538,""t"":1330},{""x"":1016,""y"":514,""t"":1363},{""x"":969,""y"":493,""t"":1398},{""x"":927,""y"":480,""t"":1431},{""x"":888,""y"":464,""t"":1466},{""x"":858,""y"":452,""t"":1498},{""x"":849,""y"":460,""t"":1533},{""x"":847,""y"":484,""t"":1568},{""x"":891,""y"":510,""t"":1601},{""x"":943,""y"":550,""t"":1636},{""x"":1019,""y"":617,""t"":1670},{""x"":1052,""y"":637,""t"":1704},{""x"":1118,""y"":668,""t"":1739},{""x"":1163,""y"":695,""t"":1772},{""x"":1128,""y"":696,""t"":1807},{""x"":1087,""y"":674,""t"":1840},{""x"":1057,""y"":669,""t"":1875},{""x"":1011,""y"":646,""t"":1906},{""x"":998,""y"":637,""t"":1942},{""x"":974,""y"":635,""t"":1977}]","[{""x"":250,""y"":425,""width"":80,""height"":80,""top"":385,""right"":290,""bottom"":465,""left"":210},{""x"":400,""y"":165.1923788646684,""width"":80,""height"":80,""top"":125.1923788646684,""right"":440,""bottom"":205.1923788646684,""left"":360},{""x"":700,""y"":165.1923788646684,""width"":80,""height"":80,""top"":125.1923788646684,""right"":740,""bottom"":205.1923788646684,""left"":660},{""x"":850,""y"":425,""width"":80,""height"":80,""top"":385,""right"":890,""bottom"":465,""left"":810},{""x"":700,""y"":684.8076211353316,""width"":80,""height"":80,""top"":644.8076211353316,""right"":740,""bottom"":724.8076211353316,""left"":660},{""x"":400,""y"":684.8076211353316,""width"":80,""height"":80,""top"":644.8076211353316,""right"":440,""bottom"":724.8076211353316,""left"":360}]","{""#container"":{""x"":410,""y"":129.390625,""width"":1100,""height"":850,""top"":129.390625,""right"":1510,""bottom"":979.390625,""left"":410}}","[{'green': 4}, {'blue': 0}, {'purple': 0}, {'red': 4}, {'cyan': 4}, {'yellow': 6}]",{'yellow_1': 6},yellow_1
354,,,,1086.0,6.0,3.0,"[""blue"",""purple"",""yellow"",""green"",""cyan"",""red""]",cyan,False,"[{""x"":957,""y"":635,""t"":4},{""x"":947,""y"":659,""t"":39},{""x"":926,""y"":667,""t"":72},{""x"":932,""y"":688,""t"":106},{""x"":937,""y"":693,""t"":140},{""x"":920,""y"":697,""t"":174},{""x"":921,""y"":700,""t"":209},{""x"":926,""y"":693,""t"":242},{""x"":931,""y"":704,""t"":275},{""x"":921,""y"":677,""t"":309},{""x"":917,""y"":676,""t"":344},{""x"":906,""y"":658,""t"":378},{""x"":957,""y"":646,""t"":412},{""x"":963,""y"":623,""t"":446},{""x"":979,""y"":603,""t"":480},{""x"":994,""y"":580,""t"":514},{""x"":1005,""y"":555,""t"":548},{""x"":984,""y"":535,""t"":582},{""x"":992,""y"":532,""t"":616},{""x"":1009,""y"":541,""t"":650},{""x"":1017,""y"":528,""t"":683},{""x"":1016,""y"":520,""t"":718},{""x"":1000,""y"":505,""t"":751},{""x"":1087,""y"":532,""t"":786},{""x"":1148,""y"":551,""t"":819},{""x"":1182,""y"":555,""t"":855},{""x"":1183,""y"":555,""t"":888},{""x"":1214,""y"":564,""t"":922},{""x"":1245,""y"":582,""t"":956},{""x"":1210,""y"":576,""t"":990},{""x"":1232,""y"":587,""t"":1024},{""x"":1250,""y"":588,""t"":1059},{""x"":1265,""y"":583,""t"":1090},{""x"":1256,""y"":617,""t"":1126},{""x"":1245,""y"":656,""t"":1160},{""x"":1217,""y"":698,""t"":1194},{""x"":1197,""y"":716,""t"":1228},{""x"":1158,""y"":719,""t"":1262},{""x"":1138,""y"":738,""t"":1296},{""x"":1067,""y"":722,""t"":1331},{""x"":1001,""y"":722,""t"":1364},{""x"":947,""y"":735,""t"":1399},{""x"":885,""y"":708,""t"":1431},{""x"":849,""y"":726,""t"":1466},{""x"":826,""y"":724,""t"":1498},{""x"":797,""y"":716,""t"":1535},{""x"":794,""y"":710,""t"":1567},{""x"":770,""y"":728,""t"":1601},{""x"":783,""y"":742,""t"":1635},{""x"":803,""y"":744,""t"":1669},{""x"":814,""y"":746,""t"":1704},{""x"":839,""y"":747,""t"":1738},{""x"":896,""y"":740,""t"":1772},{""x"":962,""y"":737,""t"":1806},{""x"":1052,""y"":736,""t"":1840},{""x"":1100,""y"":739,""t"":1875},{""x"":1170,""y"":753,""t"":1907},{""x"":1208,""y"":742,""t"":1942},{""x"":1232,""y"":743,""t"":1976}]","[{""x"":250,""y"":425,""width"":80,""height"":80,""top"":385,""right"":290,""bottom"":465,""left"":210},{""x"":400,""y"":165.1923788646684,""width"":80,""height"":80,""top"":125.1923788646684,""right"":440,""bottom"":205.1923788646684,""left"":360},{""x"":700,""y"":165.1923788646684,""width"":80,""height"":80,""top"":125.1923788646684,""right"":740,""bottom"":205.1923788646684,""left"":660},{""x"":850,""y"":425,""width"":80,""height"":80,""top"":385,""right"":890,""bottom"":465,""left"":810},{""x"":700,""y"":684.8076211353316,""width"":80,""height"":80,""top"":644.8076211353316,""right"":740,""bottom"":724.8076211353316,""left"":660},{""x"":400,""y"":684.8076211353316,""width"":80,""height"":80,""top"":644.8076211353316,""right"":440,""bottom"":724.8076211353316,""left"":360}]","{""#container"":{""x"":410,""y"":129.390625,""width"":1100,""height"":850,""top"":129.390625,""right"":1510,""bottom"":979.390625,""left"":410}}","[{'blue': 0}, {'purple': 0}, {'yellow': 0}, {'green': 12}, {'cyan': 10}, {'red': 11}]",{'cyan': 10},green
355,,,,1613.0,4.0,4.0,"[""purple"",""blue"",""red"",""cyan"",""yellow"",""green""]",purple,True,"[{""x"":1178,""y"":714,""t"":5},{""x"":1127,""y"":691,""t"":38},{""x"":1093,""y"":699,""t"":72},{""x"":1055,""y"":692,""t"":105},{""x"":1046,""y"":677,""t"":139},{""x"":999,""y"":657,""t"":175},{""x"":963,""y"":657,""t"":208},{""x"":946,""y"":640,""t"":242},{""x"":930,""y"":616,""t"":276},{""x"":922,""y"":606,""t"":310},{""x"":892,""y"":583,""t"":344},{""x"":881,""y"":579,""t"":377},{""x"":933,""y"":592,""t"":411},{""x"":947,""y"":571,""t"":446},{""x"":976,""y"":548,""t"":480},{""x"":997,""y"":546,""t"":513},{""x"":1049,""y"":551,""t"":547},{""x"":1057,""y"":571,""t"":582},{""x"":1017,""y"":576,""t"":616},{""x"":977,""y"":598,""t"":650},{""x"":975,""y"":621,""t"":684},{""x"":966,""y"":622,""t"":718},{""x"":956,""y"":615,""t"":752},{""x"":937,""y"":613,""t"":785},{""x"":913,""y"":580,""t"":820},{""x"":931,""y"":566,""t"":854},{""x"":938,""y"":576,""t"":885},{""x"":942,""y"":606,""t"":922},{""x"":973,""y"":655,""t"":956},{""x"":981,""y"":725,""t"":989},{""x"":998,""y"":748,""t"":1024},{""x"":1020,""y"":760,""t"":1058},{""x"":1078,""y"":760,""t"":1092},{""x"":1120,""y"":751,""t"":1125},{""x"":1118,""y"":712,""t"":1160},{""x"":1150,""y"":697,""t"":1193},{""x"":1146,""y"":669,""t"":1227},{""x"":1167,""y"":648,""t"":1262},{""x"":1183,""y"":630,""t"":1293},{""x"":1169,""y"":611,""t"":1330},{""x"":1166,""y"":602,""t"":1364},{""x"":1139,""y"":594,""t"":1398},{""x"":1157,""y"":621,""t"":1431},{""x"":1111,""y"":627,""t"":1466},{""x"":1117,""y"":646,""t"":1499},{""x"":1099,""y"":676,""t"":1535},{""x"":1127,""y"":696,""t"":1568},{""x"":1107,""y"":696,""t"":1601},{""x"":1111,""y"":712,""t"":1636},{""x"":1061,""y"":730,""t"":1670},{""x"":1022,""y"":744,""t"":1705},{""x"":978,""y"":734,""t"":1738},{""x"":926,""y"":704,""t"":1772},{""x"":893,""y"":699,""t"":1806},{""x"":869,""y"":701,""t"":1840},{""x"":860,""y"":698,""t"":1873},{""x"":870,""y"":687,""t"":1908},{""x"":874,""y"":664,""t"":1942},{""x"":915,""y"":666,""t"":1976}]","[{""x"":250,""y"":425,""width"":80,""height"":80,""top"":385,""right"":290,""bottom"":465,""left"":210},{""x"":400,""y"":165.1923788646684,""width"":80,""height"":80,""top"":125.1923788646684,""right"":440,""bottom"":205.1923788646684,""left"":360},{""x"":700,""y"":165.1923788646684,""width"":80,""height"":80,""top"":125.1923788646684,""right"":740,""bottom"":205.1923788646684,""left"":660},{""x"":850,""y"":425,""width"":80,""height"":80,""top"":385,""right"":890,""bottom"":465,""left"":810},{""x"":700,""y"":684.8076211353316,""width"":80,""height"":80,""top"":644.8076211353316,""right"":740,""bottom"":724.8076211353316,""left"":660},{""x"":400,""y"":684.8076211353316,""width"":80,""height"":80,""top"":644.8076211353316,""right"":440,""bottom"":724.8076211353316,""left"":360}]","{""#container"":{""x"":410,""y"":129.390625,""width"":1100,""height"":850,""top"":129.390625,""right"":1510,""bottom"":979.390625,""left"":410}}","[{'purple': 0}, {'blue': 0}, {'red': 0}, {'cyan': 6}, {'yellow': 17}, {'green': 4}]",,yellow
356,,,,906.0,1.0,1.0,"[""cyan"",""purple"",""green"",""blue"",""yellow"",""red""]",red_1,True,"[{""x"":906,""y"":659,""t"":4},{""x"":914,""y"":651,""t"":40},{""x"":923,""y"":639,""t"":73},{""x"":951,""y"":650,""t"":107},{""x"":942,""y"":644,""t"":139},{""x"":930,""y"":636,""t"":174},{""x"":913,""y"":623,""t"":209},{""x"":912,""y"":628,""t"":242},{""x"":928,""y"":625,""t"":276},{""x"":936,""y"":625,""t"":310},{""x"":918,""y"":612,""t"":343},{""x"":945,""y"":606,""t"":378},{""x"":980,""y"":605,""t"":412},{""x"":982,""y"":581,""t"":447},{""x"":981,""y"":559,""t"":480},{""x"":996,""y"":573,""t"":513},{""x"":1021,""y"":568,""t"":548},{""x"":1019,""y"":568,""t"":582},{""x"":1039,""y"":551,""t"":615},{""x"":1103,""y"":560,""t"":650},{""x"":1135,""y"":559,""t"":684},{""x"":1173,""y"":563,""t"":718},{""x"":1199,""y"":573,""t"":752},{""x"":1186,""y"":565,""t"":786},{""x"":1186,""y"":562,""t"":819},{""x"":1184,""y"":555,""t"":854},{""x"":1205,""y"":569,""t"":888},{""x"":1210,""y"":583,""t"":923},{""x"":1177,""y"":576,""t"":956},{""x"":1190,""y"":576,""t"":990},{""x"":1212,""y"":582,""t"":1024},{""x"":1197,""y"":595,""t"":1063},{""x"":1170,""y"":572,""t"":1092},{""x"":1186,""y"":569,""t"":1126},{""x"":1196,""y"":574,""t"":1159},{""x"":1218,""y"":598,""t"":1194},{""x"":1221,""y"":592,""t"":1228},{""x"":1198,""y"":593,""t"":1262},{""x"":1167,""y"":612,""t"":1296},{""x"":1174,""y"":641,""t"":1330},{""x"":1118,""y"":668,""t"":1364},{""x"":1103,""y"":670,""t"":1398},{""x"":1091,""y"":674,""t"":1432},{""x"":1075,""y"":686,""t"":1466},{""x"":1086,""y"":692,""t"":1500},{""x"":1052,""y"":717,""t"":1534},{""x"":1035,""y"":739,""t"":1568},{""x"":1023,""y"":756,""t"":1599},{""x"":985,""y"":747,""t"":1637},{""x"":955,""y"":738,""t"":1671},{""x"":930,""y"":729,""t"":1704},{""x"":900,""y"":719,""t"":1738},{""x"":906,""y"":713,""t"":1772},{""x"":937,""y"":707,""t"":1807},{""x"":954,""y"":705,""t"":1842},{""x"":982,""y"":719,""t"":1874},{""x"":997,""y"":709,""t"":1907},{""x"":1025,""y"":697,""t"":1942},{""x"":1061,""y"":713,""t"":1976}]","[{""x"":250,""y"":425,""width"":80,""height"":80,""top"":385,""right"":290,""bottom"":465,""left"":210},{""x"":400,""y"":165.1923788646684,""width"":80,""height"":80,""top"":125.1923788646684,""right"":440,""bottom"":205.1923788646684,""left"":360},{""x"":700,""y"":165.1923788646684,""width"":80,""height"":80,""top"":125.1923788646684,""right"":740,""bottom"":205.1923788646684,""left"":660},{""x"":850,""y"":425,""width"":80,""height"":80,""top"":385,""right"":890,""bottom"":465,""left"":810},{""x"":700,""y"":684.8076211353316,""width"":80,""height"":80,""top"":644.8076211353316,""right"":740,""bottom"":724.8076211353316,""left"":660},{""x"":400,""y"":684.8076211353316,""width"":80,""height"":80,""top"":644.8076211353316,""right"":440,""bottom"":724.8076211353316,""left"":360}]","{""#container"":{""x"":410,""y"":129.390625,""width"":1100,""height"":850,""top"":129.390625,""right"":1510,""bottom"":979.390625,""left"":410}}","[{'cyan': 0}, {'purple': 0}, {'green': 0}, {'blue': 20}, {'yellow': 11}, {'red': 3}]",{'red_1': 3},blue
357,,,,957.0,4.0,4.0,"[""red"",""cyan"",""yellow"",""blue"",""purple"",""green""]",red,True,"[{""x"":1042,""y"":697,""t"":4},{""x"":1035,""y"":700,""t"":41},{""x"":1013,""y"":699,""t"":73},{""x"":983,""y"":690,""t"":106},{""x"":977,""y"":700,""t"":140},{""x"":953,""y"":705,""t"":174},{""x"":942,""y"":709,""t"":208},{""x"":940,""y"":714,""t"":241},{""x"":930,""y"":707,""t"":276},{""x"":941,""y"":704,""t"":309},{""x"":946,""y"":703,""t"":343},{""x"":932,""y"":678,""t"":377},{""x"":934,""y"":678,""t"":412},{""x"":885,""y"":688,""t"":446},{""x"":876,""y"":675,""t"":479},{""x"":873,""y"":645,""t"":514},{""x"":919,""y"":645,""t"":548},{""x"":950,""y"":642,""t"":582},{""x"":936,""y"":615,""t"":615},{""x"":980,""y"":626,""t"":649},{""x"":981,""y"":627,""t"":684},{""x"":972,""y"":621,""t"":718},{""x"":989,""y"":623,""t"":751},{""x"":1039,""y"":602,""t"":786},{""x"":1093,""y"":598,""t"":819},{""x"":1153,""y"":592,""t"":854},{""x"":1164,""y"":589,""t"":888},{""x"":1184,""y"":583,""t"":922},{""x"":1228,""y"":586,""t"":955},{""x"":1227,""y"":577,""t"":989},{""x"":1258,""y"":577,""t"":1023},{""x"":1239,""y"":585,""t"":1058},{""x"":1284,""y"":585,""t"":1093},{""x"":1285,""y"":580,""t"":1125},{""x"":1280,""y"":572,""t"":1159},{""x"":1264,""y"":575,""t"":1194},{""x"":1275,""y"":575,""t"":1228},{""x"":1307,""y"":593,""t"":1263},{""x"":1304,""y"":593,""t"":1296},{""x"":1290,""y"":599,""t"":1329},{""x"":1262,""y"":622,""t"":1364},{""x"":1220,""y"":630,""t"":1396},{""x"":1186,""y"":654,""t"":1432},{""x"":1154,""y"":668,""t"":1466},{""x"":1129,""y"":659,""t"":1500},{""x"":1147,""y"":677,""t"":1535},{""x"":1136,""y"":691,""t"":1568},{""x"":1107,""y"":702,""t"":1601},{""x"":1057,""y"":709,""t"":1635},{""x"":1033,""y"":727,""t"":1669},{""x"":989,""y"":724,""t"":1704},{""x"":987,""y"":722,""t"":1738},{""x"":989,""y"":711,""t"":1772},{""x"":993,""y"":700,""t"":1803},{""x"":976,""y"":704,""t"":1840},{""x"":954,""y"":703,""t"":1873},{""x"":962,""y"":741,""t"":1909},{""x"":948,""y"":760,""t"":1942},{""x"":928,""y"":761,""t"":1977}]","[{""x"":250,""y"":425,""width"":80,""height"":80,""top"":385,""right"":290,""bottom"":465,""left"":210},{""x"":400,""y"":165.1923788646684,""width"":80,""height"":80,""top"":125.1923788646684,""right"":440,""bottom"":205.1923788646684,""left"":360},{""x"":700,""y"":165.1923788646684,""width"":80,""height"":80,""top"":125.1923788646684,""right"":740,""bottom"":205.1923788646684,""left"":660},{""x"":850,""y"":425,""width"":80,""height"":80,""top"":385,""right"":890,""bottom"":465,""left"":810},{""x"":700,""y"":684.8076211353316,""width"":80,""height"":80,""top"":644.8076211353316,""right"":740,""bottom"":724.8076211353316,""left"":660},{""x"":400,""y"":684.8076211353316,""width"":80,""height"":80,""top"":644.8076211353316,""right"":440,""bottom"":724.8076211353316,""left"":360}]","{""#container"":{""x"":410,""y"":129.390625,""width"":1100,""height"":850,""top"":129.390625,""right"":1510,""bottom"":979.390625,""left"":410}}","[{'red': 0}, {'cyan': 0}, {'yellow': 0}, {'blue': 18}, {'purple': 7}, {'green': 3}]",,blue
358,,,,857.0,4.0,4.0,"[""blue"",""purple"",""red"",""green"",""yellow"",""cyan""]",blue_1,True,"[{""x"":923,""y"":750,""t"":4},{""x"":924,""y"":735,""t"":43},{""x"":906,""y"":723,""t"":72},{""x"":916,""y"":720,""t"":106},{""x"":937,""y"":726,""t"":140},{""x"":940,""y"":733,""t"":174},{""x"":954,""y"":733,""t"":207},{""x"":961,""y"":723,""t"":241},{""x"":962,""y"":722,""t"":276},{""x"":962,""y"":716,""t"":310},{""x"":937,""y"":701,""t"":344},{""x"":933,""y"":682,""t"":377},{""x"":937,""y"":680,""t"":412},{""x"":951,""y"":688,""t"":445},{""x"":969,""y"":692,""t"":480},{""x"":966,""y"":691,""t"":514},{""x"":961,""y"":678,""t"":548},{""x"":956,""y"":646,""t"":581},{""x"":963,""y"":611,""t"":616},{""x"":959,""y"":574,""t"":649},{""x"":1016,""y"":561,""t"":684},{""x"":1062,""y"":552,""t"":717},{""x"":1078,""y"":534,""t"":752},{""x"":1072,""y"":524,""t"":783},{""x"":1088,""y"":498,""t"":820},{""x"":1162,""y"":520,""t"":854},{""x"":1167,""y"":517,""t"":888},{""x"":1191,""y"":530,""t"":921},{""x"":1196,""y"":546,""t"":955},{""x"":1185,""y"":545,""t"":989},{""x"":1241,""y"":564,""t"":1023},{""x"":1236,""y"":561,""t"":1058},{""x"":1242,""y"":591,""t"":1091},{""x"":1233,""y"":606,""t"":1126},{""x"":1233,""y"":601,""t"":1160},{""x"":1230,""y"":598,""t"":1192},{""x"":1243,""y"":622,""t"":1228},{""x"":1238,""y"":619,""t"":1261},{""x"":1230,""y"":618,""t"":1295},{""x"":1213,""y"":607,""t"":1330},{""x"":1180,""y"":599,""t"":1364},{""x"":1208,""y"":620,""t"":1398},{""x"":1190,""y"":605,""t"":1432},{""x"":1212,""y"":602,""t"":1466},{""x"":1234,""y"":603,""t"":1500},{""x"":1236,""y"":612,""t"":1533},{""x"":1232,""y"":615,""t"":1568},{""x"":1247,""y"":611,""t"":1602},{""x"":1252,""y"":608,""t"":1636},{""x"":1265,""y"":605,""t"":1670},{""x"":1246,""y"":597,""t"":1704},{""x"":1241,""y"":598,""t"":1738},{""x"":1213,""y"":593,""t"":1772},{""x"":1210,""y"":594,""t"":1806},{""x"":1216,""y"":628,""t"":1840},{""x"":1152,""y"":637,""t"":1874},{""x"":1126,""y"":662,""t"":1908},{""x"":1105,""y"":677,""t"":1942},{""x"":1085,""y"":696,""t"":1976}]","[{""x"":250,""y"":425,""width"":80,""height"":80,""top"":385,""right"":290,""bottom"":465,""left"":210},{""x"":400,""y"":165.1923788646684,""width"":80,""height"":80,""top"":125.1923788646684,""right"":440,""bottom"":205.1923788646684,""left"":360},{""x"":700,""y"":165.1923788646684,""width"":80,""height"":80,""top"":125.1923788646684,""right"":740,""bottom"":205.1923788646684,""left"":660},{""x"":850,""y"":425,""width"":80,""height"":80,""top"":385,""right"":890,""bottom"":465,""left"":810},{""x"":700,""y"":684.8076211353316,""width"":80,""height"":80,""top"":644.8076211353316,""right"":740,""bottom"":724.8076211353316,""left"":660},{""x"":400,""y"":684.8076211353316,""width"":80,""height"":80,""top"":644.8076211353316,""right"":440,""bottom"":724.8076211353316,""left"":360}]","{""#container"":{""x"":410,""y"":129.390625,""width"":1100,""height"":850,""top"":129.390625,""right"":1510,""bottom"":979.390625,""left"":410}}","[{'blue': 0}, {'purple': 0}, {'red': 0}, {'green': 31}, {'yellow': 2}, {'cyan': 4}]",,green
359,,,,504.0,6.0,6.0,"[""green"",""red"",""yellow"",""purple"",""blue"",""cyan""]",purple,True,"[{""x"":1028,""y"":685,""t"":4},{""x"":987,""y"":681,""t"":43},{""x"":960,""y"":675,""t"":76},{""x"":940,""y"":670,""t"":103},{""x"":928,""y"":670,""t"":140},{""x"":898,""y"":665,""t"":174},{""x"":872,""y"":627,""t"":208},{""x"":871,""y"":627,""t"":241},{""x"":877,""y"":617,""t"":273},{""x"":880,""y"":611,""t"":310},{""x"":956,""y"":638,""t"":343},{""x"":1042,""y"":641,""t"":377},{""x"":1115,""y"":641,""t"":411},{""x"":1182,""y"":640,""t"":447},{""x"":1219,""y"":644,""t"":479},{""x"":1307,""y"":664,""t"":513},{""x"":1405,""y"":644,""t"":548},{""x"":1513,""y"":634,""t"":582},{""x"":1575,""y"":618,""t"":615},{""x"":1618,""y"":605,""t"":650},{""x"":1631,""y"":602,""t"":683},{""x"":1650,""y"":593,""t"":718},{""x"":1634,""y"":569,""t"":752},{""x"":1661,""y"":572,""t"":786},{""x"":1622,""y"":540,""t"":820},{""x"":1611,""y"":562,""t"":853},{""x"":1603,""y"":553,""t"":888},{""x"":1601,""y"":563,""t"":921},{""x"":1578,""y"":588,""t"":956},{""x"":1495,""y"":567,""t"":990},{""x"":1411,""y"":606,""t"":1024},{""x"":1293,""y"":593,""t"":1058},{""x"":1254,""y"":607,""t"":1091},{""x"":1236,""y"":635,""t"":1125},{""x"":1213,""y"":637,""t"":1159},{""x"":1156,""y"":633,""t"":1193},{""x"":1123,""y"":653,""t"":1227},{""x"":1128,""y"":654,""t"":1262},{""x"":1110,""y"":666,""t"":1296},{""x"":1059,""y"":632,""t"":1330},{""x"":1048,""y"":626,""t"":1365},{""x"":1032,""y"":614,""t"":1398},{""x"":1017,""y"":598,""t"":1432},{""x"":1015,""y"":594,""t"":1466},{""x"":1017,""y"":577,""t"":1500},{""x"":1030,""y"":578,""t"":1533},{""x"":1025,""y"":559,""t"":1568},{""x"":1037,""y"":573,""t"":1602},{""x"":1042,""y"":607,""t"":1636},{""x"":1056,""y"":646,""t"":1670},{""x"":1041,""y"":666,""t"":1704},{""x"":1037,""y"":705,""t"":1739},{""x"":1031,""y"":698,""t"":1771},{""x"":1103,""y"":729,""t"":1806},{""x"":1105,""y"":723,""t"":1839},{""x"":1131,""y"":741,""t"":1874},{""x"":1148,""y"":747,""t"":1908},{""x"":1215,""y"":764,""t"":1942},{""x"":1213,""y"":772,""t"":1976}]","[{""x"":250,""y"":425,""width"":80,""height"":80,""top"":385,""right"":290,""bottom"":465,""left"":210},{""x"":400,""y"":165.1923788646684,""width"":80,""height"":80,""top"":125.1923788646684,""right"":440,""bottom"":205.1923788646684,""left"":360},{""x"":700,""y"":165.1923788646684,""width"":80,""height"":80,""top"":125.1923788646684,""right"":740,""bottom"":205.1923788646684,""left"":660},{""x"":850,""y"":425,""width"":80,""height"":80,""top"":385,""right"":890,""bottom"":465,""left"":810},{""x"":700,""y"":684.8076211353316,""width"":80,""height"":80,""top"":644.8076211353316,""right"":740,""bottom"":724.8076211353316,""left"":660},{""x"":400,""y"":684.8076211353316,""width"":80,""height"":80,""top"":644.8076211353316,""right"":440,""bottom"":724.8076211353316,""left"":360}]","{""#container"":{""x"":410,""y"":129.390625,""width"":1100,""height"":850,""top"":129.390625,""right"":1510,""bottom"":979.390625,""left"":410}}","[{'green': 0}, {'red': 0}, {'yellow': 0}, {'purple': 8}, {'blue': 9}, {'cyan': 0}]",{'purple': 8},blue
360,,,,1062.0,7.0,7.0,"[""cyan"",""green"",""red"",""purple"",""blue"",""yellow""]",green_1,True,"[{""x"":1151,""y"":751,""t"":4},{""x"":1098,""y"":737,""t"":40},{""x"":1075,""y"":736,""t"":73},{""x"":1033,""y"":720,""t"":105},{""x"":1023,""y"":712,""t"":139},{""x"":1007,""y"":701,""t"":173},{""x"":984,""y"":690,""t"":207},{""x"":978,""y"":679,""t"":241},{""x"":961,""y"":656,""t"":275},{""x"":951,""y"":643,""t"":311},{""x"":977,""y"":643,""t"":344},{""x"":1018,""y"":647,""t"":377},{""x"":1026,""y"":636,""t"":411},{""x"":1031,""y"":633,""t"":446},{""x"":1033,""y"":629,""t"":479},{""x"":1147,""y"":624,""t"":514},{""x"":1288,""y"":620,""t"":548},{""x"":1405,""y"":617,""t"":581},{""x"":1502,""y"":596,""t"":617},{""x"":1578,""y"":611,""t"":650},{""x"":1644,""y"":599,""t"":684},{""x"":1691,""y"":603,""t"":719},{""x"":1695,""y"":608,""t"":751},{""x"":1658,""y"":621,""t"":786},{""x"":1518,""y"":624,""t"":819},{""x"":1388,""y"":629,""t"":854},{""x"":1275,""y"":634,""t"":886},{""x"":1202,""y"":640,""t"":922},{""x"":1120,""y"":642,""t"":955},{""x"":1068,""y"":624,""t"":989},{""x"":1030,""y"":607,""t"":1023},{""x"":1028,""y"":592,""t"":1058},{""x"":1032,""y"":580,""t"":1092},{""x"":1015,""y"":574,""t"":1126},{""x"":1027,""y"":569,""t"":1160},{""x"":1046,""y"":589,""t"":1193},{""x"":1038,""y"":586,""t"":1228},{""x"":1011,""y"":641,""t"":1262},{""x"":1013,""y"":690,""t"":1295},{""x"":982,""y"":722,""t"":1330},{""x"":973,""y"":724,""t"":1363},{""x"":995,""y"":753,""t"":1398},{""x"":1008,""y"":768,""t"":1432},{""x"":1029,""y"":763,""t"":1467},{""x"":1048,""y"":772,""t"":1500},{""x"":1044,""y"":762,""t"":1533},{""x"":1070,""y"":775,""t"":1568},{""x"":1027,""y"":726,""t"":1601},{""x"":1077,""y"":727,""t"":1636},{""x"":1069,""y"":694,""t"":1669},{""x"":1070,""y"":667,""t"":1703},{""x"":1088,""y"":675,""t"":1738},{""x"":1086,""y"":671,""t"":1772},{""x"":1052,""y"":670,""t"":1805},{""x"":1039,""y"":675,""t"":1840},{""x"":1005,""y"":675,""t"":1874},{""x"":974,""y"":657,""t"":1908},{""x"":941,""y"":644,""t"":1942},{""x"":922,""y"":621,""t"":1976}]","[{""x"":250,""y"":425,""width"":80,""height"":80,""top"":385,""right"":290,""bottom"":465,""left"":210},{""x"":400,""y"":165.1923788646684,""width"":80,""height"":80,""top"":125.1923788646684,""right"":440,""bottom"":205.1923788646684,""left"":360},{""x"":700,""y"":165.1923788646684,""width"":80,""height"":80,""top"":125.1923788646684,""right"":740,""bottom"":205.1923788646684,""left"":660},{""x"":850,""y"":425,""width"":80,""height"":80,""top"":385,""right"":890,""bottom"":465,""left"":810},{""x"":700,""y"":684.8076211353316,""width"":80,""height"":80,""top"":644.8076211353316,""right"":740,""bottom"":724.8076211353316,""left"":660},{""x"":400,""y"":684.8076211353316,""width"":80,""height"":80,""top"":644.8076211353316,""right"":440,""bottom"":724.8076211353316,""left"":360}]","{""#container"":{""x"":410,""y"":129.390625,""width"":1100,""height"":850,""top"":129.390625,""right"":1510,""bottom"":979.390625,""left"":410}}","[{'cyan': 0}, {'green': 0}, {'red': 0}, {'purple': 5}, {'blue': 16}, {'yellow': 0}]",,blue
361,,,,1082.0,4.0,4.0,"[""cyan"",""red"",""purple"",""yellow"",""blue"",""green""]",cyan,True,"[{""x"":908,""y"":610,""t"":4},{""x"":871,""y"":583,""t"":43},{""x"":855,""y"":596,""t"":76},{""x"":868,""y"":595,""t"":105},{""x"":877,""y"":614,""t"":140},{""x"":886,""y"":630,""t"":171},{""x"":896,""y"":617,""t"":208},{""x"":877,""y"":618,""t"":242},{""x"":893,""y"":631,""t"":276},{""x"":893,""y"":633,""t"":310},{""x"":905,""y"":643,""t"":344},{""x"":879,""y"":609,""t"":378},{""x"":894,""y"":597,""t"":412},{""x"":870,""y"":571,""t"":445},{""x"":846,""y"":566,""t"":480},{""x"":842,""y"":554,""t"":513},{""x"":843,""y"":546,""t"":548},{""x"":819,""y"":555,""t"":582},{""x"":828,""y"":539,""t"":616},{""x"":835,""y"":542,""t"":649},{""x"":803,""y"":503,""t"":683},{""x"":802,""y"":505,""t"":718},{""x"":837,""y"":499,""t"":752},{""x"":906,""y"":520,""t"":785},{""x"":964,""y"":539,""t"":820},{""x"":1010,""y"":548,""t"":853},{""x"":1040,""y"":556,""t"":888},{""x"":1057,""y"":565,""t"":923},{""x"":1109,""y"":583,""t"":956},{""x"":1147,""y"":592,""t"":989},{""x"":1112,""y"":588,""t"":1024},{""x"":1111,""y"":627,""t"":1057},{""x"":1074,""y"":716,""t"":1093},{""x"":1051,""y"":778,""t"":1125},{""x"":1032,""y"":818,""t"":1160},{""x"":1027,""y"":846,""t"":1194},{""x"":1006,""y"":838,""t"":1227},{""x"":1001,""y"":825,""t"":1261},{""x"":1015,""y"":809,""t"":1296},{""x"":981,""y"":750,""t"":1330},{""x"":995,""y"":708,""t"":1363},{""x"":1129,""y"":727,""t"":1397},{""x"":1208,""y"":710,""t"":1431},{""x"":1319,""y"":706,""t"":1466},{""x"":1406,""y"":702,""t"":1501},{""x"":1454,""y"":682,""t"":1533},{""x"":1523,""y"":668,""t"":1568},{""x"":1559,""y"":660,""t"":1602},{""x"":1615,""y"":664,""t"":1635},{""x"":1627,""y"":651,""t"":1670},{""x"":1482,""y"":625,""t"":1703},{""x"":1349,""y"":621,""t"":1737},{""x"":1234,""y"":619,""t"":1769},{""x"":1126,""y"":613,""t"":1805},{""x"":1043,""y"":607,""t"":1840},{""x"":988,""y"":598,""t"":1873},{""x"":946,""y"":599,""t"":1908},{""x"":920,""y"":610,""t"":1943},{""x"":883,""y"":598,""t"":1975}]","[{""x"":250,""y"":425,""width"":80,""height"":80,""top"":385,""right"":290,""bottom"":465,""left"":210},{""x"":400,""y"":165.1923788646684,""width"":80,""height"":80,""top"":125.1923788646684,""right"":440,""bottom"":205.1923788646684,""left"":360},{""x"":700,""y"":165.1923788646684,""width"":80,""height"":80,""top"":125.1923788646684,""right"":740,""bottom"":205.1923788646684,""left"":660},{""x"":850,""y"":425,""width"":80,""height"":80,""top"":385,""right"":890,""bottom"":465,""left"":810},{""x"":700,""y"":684.8076211353316,""width"":80,""height"":80,""top"":644.8076211353316,""right"":740,""bottom"":724.8076211353316,""left"":660},{""x"":400,""y"":684.8076211353316,""width"":80,""height"":80,""top"":644.8076211353316,""right"":440,""bottom"":724.8076211353316,""left"":360}]","{""#container"":{""x"":410,""y"":129.390625,""width"":1100,""height"":850,""top"":129.390625,""right"":1510,""bottom"":979.390625,""left"":410}}","[{'cyan': 0}, {'red': 0}, {'purple': 0}, {'yellow': 4}, {'blue': 10}, {'green': 0}]",,blue
362,,,,1426.0,4.0,7.0,"[""green"",""purple"",""red"",""cyan"",""yellow"",""blue""]",purple,False,"[{""x"":868,""y"":593,""t"":5},{""x"":839,""y"":582,""t"":40},{""x"":827,""y"":603,""t"":72},{""x"":812,""y"":596,""t"":106},{""x"":801,""y"":577,""t"":140},{""x"":792,""y"":568,""t"":174},{""x"":809,""y"":565,""t"":209},{""x"":821,""y"":543,""t"":239},{""x"":834,""y"":556,""t"":275},{""x"":861,""y"":577,""t"":309},{""x"":887,""y"":619,""t"":345},{""x"":866,""y"":640,""t"":378},{""x"":881,""y"":661,""t"":412},{""x"":877,""y"":678,""t"":445},{""x"":865,""y"":686,""t"":480},{""x"":837,""y"":691,""t"":514},{""x"":820,""y"":661,""t"":548},{""x"":796,""y"":642,""t"":581},{""x"":843,""y"":655,""t"":616},{""x"":905,""y"":685,""t"":649},{""x"":947,""y"":704,""t"":683},{""x"":967,""y"":688,""t"":717},{""x"":1053,""y"":709,""t"":752},{""x"":1084,""y"":703,""t"":786},{""x"":1146,""y"":702,""t"":819},{""x"":1195,""y"":703,""t"":854},{""x"":1200,""y"":677,""t"":889},{""x"":1183,""y"":663,""t"":922},{""x"":1203,""y"":651,""t"":955},{""x"":1168,""y"":634,""t"":990},{""x"":1109,""y"":639,""t"":1024},{""x"":1071,""y"":631,""t"":1059},{""x"":1053,""y"":634,""t"":1092},{""x"":1017,""y"":640,""t"":1125},{""x"":998,""y"":636,""t"":1160},{""x"":975,""y"":628,""t"":1194},{""x"":953,""y"":608,""t"":1227},{""x"":928,""y"":587,""t"":1262},{""x"":893,""y"":565,""t"":1296},{""x"":872,""y"":563,""t"":1331},{""x"":859,""y"":569,""t"":1363},{""x"":866,""y"":583,""t"":1397},{""x"":872,""y"":584,""t"":1432},{""x"":869,""y"":570,""t"":1466},{""x"":863,""y"":589,""t"":1500},{""x"":874,""y"":610,""t"":1535},{""x"":890,""y"":594,""t"":1567},{""x"":913,""y"":613,""t"":1603},{""x"":884,""y"":588,""t"":1635},{""x"":882,""y"":572,""t"":1683},{""x"":877,""y"":569,""t"":1711},{""x"":900,""y"":586,""t"":1739},{""x"":898,""y"":604,""t"":1772},{""x"":884,""y"":605,""t"":1803},{""x"":885,""y"":613,""t"":1841},{""x"":916,""y"":633,""t"":1873},{""x"":924,""y"":668,""t"":1907},{""x"":939,""y"":687,""t"":1942},{""x"":939,""y"":679,""t"":1976}]","[{""x"":250,""y"":425,""width"":80,""height"":80,""top"":385,""right"":290,""bottom"":465,""left"":210},{""x"":400,""y"":165.1923788646684,""width"":80,""height"":80,""top"":125.1923788646684,""right"":440,""bottom"":205.1923788646684,""left"":360},{""x"":700,""y"":165.1923788646684,""width"":80,""height"":80,""top"":125.1923788646684,""right"":740,""bottom"":205.1923788646684,""left"":660},{""x"":850,""y"":425,""width"":80,""height"":80,""top"":385,""right"":890,""bottom"":465,""left"":810},{""x"":700,""y"":684.8076211353316,""width"":80,""height"":80,""top"":644.8076211353316,""right"":740,""bottom"":724.8076211353316,""left"":660},{""x"":400,""y"":684.8076211353316,""width"":80,""height"":80,""top"":644.8076211353316,""right"":440,""bottom"":724.8076211353316,""left"":360}]","{""#container"":{""x"":410,""y"":129.390625,""width"":1100,""height"":850,""top"":129.390625,""right"":1510,""bottom"":979.390625,""left"":410}}","[{'green': 3}, {'purple': 0}, {'red': 0}, {'cyan': 4}, {'yellow': 4}, {'blue': 2}]",,cyan
363,,,,765.0,4.0,4.0,"[""green"",""cyan"",""blue"",""purple"",""yellow"",""red""]",green_1,True,"[{""x"":920,""y"":664,""t"":5},{""x"":932,""y"":664,""t"":38},{""x"":929,""y"":655,""t"":72},{""x"":912,""y"":636,""t"":106},{""x"":919,""y"":622,""t"":140},{""x"":921,""y"":620,""t"":174},{""x"":915,""y"":624,""t"":208},{""x"":912,""y"":619,""t"":242},{""x"":909,""y"":612,""t"":275},{""x"":899,""y"":609,""t"":310},{""x"":906,""y"":634,""t"":344},{""x"":918,""y"":643,""t"":377},{""x"":887,""y"":616,""t"":412},{""x"":869,""y"":574,""t"":446},{""x"":848,""y"":592,""t"":477},{""x"":834,""y"":551,""t"":514},{""x"":812,""y"":574,""t"":548},{""x"":786,""y"":555,""t"":583},{""x"":776,""y"":540,""t"":616},{""x"":782,""y"":532,""t"":650},{""x"":804,""y"":526,""t"":684},{""x"":865,""y"":545,""t"":718},{""x"":911,""y"":565,""t"":752},{""x"":969,""y"":569,""t"":786},{""x"":1006,""y"":561,""t"":830},{""x"":1093,""y"":570,""t"":858},{""x"":1097,""y"":570,""t"":888},{""x"":1091,""y"":585,""t"":921},{""x"":1152,""y"":602,""t"":957},{""x"":1197,""y"":621,""t"":990},{""x"":1183,""y"":627,""t"":1024},{""x"":1214,""y"":644,""t"":1058},{""x"":1219,""y"":623,""t"":1092},{""x"":1205,""y"":634,""t"":1126},{""x"":1182,""y"":616,""t"":1160},{""x"":1169,""y"":614,""t"":1194},{""x"":1159,""y"":629,""t"":1228},{""x"":1125,""y"":629,""t"":1261},{""x"":1094,""y"":634,""t"":1296},{""x"":1052,""y"":635,""t"":1329},{""x"":1012,""y"":646,""t"":1363},{""x"":949,""y"":641,""t"":1398},{""x"":923,""y"":644,""t"":1432},{""x"":910,""y"":668,""t"":1466},{""x"":900,""y"":681,""t"":1500},{""x"":883,""y"":687,""t"":1534},{""x"":865,""y"":696,""t"":1567},{""x"":864,""y"":709,""t"":1602},{""x"":862,""y"":712,""t"":1636},{""x"":826,""y"":697,""t"":1670},{""x"":824,""y"":704,""t"":1704},{""x"":820,""y"":702,""t"":1738},{""x"":845,""y"":706,""t"":1771},{""x"":839,""y"":707,""t"":1806},{""x"":840,""y"":725,""t"":1840},{""x"":845,""y"":734,""t"":1874},{""x"":853,""y"":738,""t"":1908},{""x"":855,""y"":732,""t"":1942},{""x"":862,""y"":735,""t"":1975}]","[{""x"":250,""y"":425,""width"":80,""height"":80,""top"":385,""right"":290,""bottom"":465,""left"":210},{""x"":400,""y"":165.1923788646684,""width"":80,""height"":80,""top"":125.1923788646684,""right"":440,""bottom"":205.1923788646684,""left"":360},{""x"":700,""y"":165.1923788646684,""width"":80,""height"":80,""top"":125.1923788646684,""right"":740,""bottom"":205.1923788646684,""left"":660},{""x"":850,""y"":425,""width"":80,""height"":80,""top"":385,""right"":890,""bottom"":465,""left"":810},{""x"":700,""y"":684.8076211353316,""width"":80,""height"":80,""top"":644.8076211353316,""right"":740,""bottom"":724.8076211353316,""left"":660},{""x"":400,""y"":684.8076211353316,""width"":80,""height"":80,""top"":644.8076211353316,""right"":440,""bottom"":724.8076211353316,""left"":360}]","{""#container"":{""x"":410,""y"":129.390625,""width"":1100,""height"":850,""top"":129.390625,""right"":1510,""bottom"":979.390625,""left"":410}}","[{'green': 4}, {'cyan': 0}, {'blue': 0}, {'purple': 9}, {'yellow': 0}, {'red': 14}]",{'green_1': 4},red
364,,,,465.0,6.0,6.0,"[""cyan"",""yellow"",""blue"",""green"",""red"",""purple""]",green_1,True,"[{""x"":869,""y"":709,""t"":5},{""x"":877,""y"":702,""t"":44},{""x"":879,""y"":682,""t"":73},{""x"":882,""y"":664,""t"":106},{""x"":895,""y"":658,""t"":140},{""x"":918,""y"":671,""t"":174},{""x"":911,""y"":655,""t"":208},{""x"":906,""y"":644,""t"":241},{""x"":918,""y"":654,""t"":276},{""x"":922,""y"":642,""t"":311},{""x"":909,""y"":625,""t"":343},{""x"":898,""y"":617,""t"":378},{""x"":887,""y"":597,""t"":411},{""x"":871,""y"":613,""t"":446},{""x"":863,""y"":640,""t"":480},{""x"":862,""y"":646,""t"":514},{""x"":847,""y"":649,""t"":548},{""x"":873,""y"":661,""t"":582},{""x"":897,""y"":681,""t"":616},{""x"":920,""y"":698,""t"":649},{""x"":917,""y"":708,""t"":685},{""x"":931,""y"":714,""t"":718},{""x"":1019,""y"":708,""t"":752},{""x"":1064,""y"":671,""t"":786},{""x"":1070,""y"":638,""t"":820},{""x"":1139,""y"":652,""t"":854},{""x"":1213,""y"":643,""t"":888},{""x"":1208,""y"":620,""t"":921},{""x"":1253,""y"":625,""t"":956},{""x"":1303,""y"":624,""t"":989},{""x"":1312,""y"":626,""t"":1023},{""x"":1334,""y"":623,""t"":1057},{""x"":1346,""y"":626,""t"":1092},{""x"":1307,""y"":624,""t"":1126},{""x"":1247,""y"":627,""t"":1159},{""x"":1196,""y"":640,""t"":1194},{""x"":1156,""y"":647,""t"":1228},{""x"":1156,""y"":670,""t"":1260},{""x"":1105,""y"":670,""t"":1296},{""x"":1065,""y"":668,""t"":1329},{""x"":1044,""y"":678,""t"":1364},{""x"":1018,""y"":681,""t"":1399},{""x"":999,""y"":668,""t"":1431},{""x"":1008,""y"":682,""t"":1465},{""x"":972,""y"":674,""t"":1499},{""x"":965,""y"":681,""t"":1534},{""x"":917,""y"":662,""t"":1568},{""x"":881,""y"":659,""t"":1601},{""x"":879,""y"":666,""t"":1636},{""x"":859,""y"":679,""t"":1670},{""x"":835,""y"":674,""t"":1703},{""x"":830,""y"":687,""t"":1738},{""x"":827,""y"":685,""t"":1772},{""x"":807,""y"":696,""t"":1806},{""x"":812,""y"":700,""t"":1840},{""x"":828,""y"":707,""t"":1875},{""x"":914,""y"":721,""t"":1908},{""x"":950,""y"":715,""t"":1941},{""x"":975,""y"":709,""t"":1976}]","[{""x"":250,""y"":425,""width"":80,""height"":80,""top"":385,""right"":290,""bottom"":465,""left"":210},{""x"":400,""y"":165.1923788646684,""width"":80,""height"":80,""top"":125.1923788646684,""right"":440,""bottom"":205.1923788646684,""left"":360},{""x"":700,""y"":165.1923788646684,""width"":80,""height"":80,""top"":125.1923788646684,""right"":740,""bottom"":205.1923788646684,""left"":660},{""x"":850,""y"":425,""width"":80,""height"":80,""top"":385,""right"":890,""bottom"":465,""left"":810},{""x"":700,""y"":684.8076211353316,""width"":80,""height"":80,""top"":644.8076211353316,""right"":740,""bottom"":724.8076211353316,""left"":660},{""x"":400,""y"":684.8076211353316,""width"":80,""height"":80,""top"":644.8076211353316,""right"":440,""bottom"":724.8076211353316,""left"":360}]","{""#container"":{""x"":410,""y"":129.390625,""width"":1100,""height"":850,""top"":129.390625,""right"":1510,""bottom"":979.390625,""left"":410}}","[{'cyan': 0}, {'yellow': 0}, {'blue': 0}, {'green': 11}, {'red': 2}, {'purple': 11}]",{'green_1': 11},green_1
365,,,,697.0,1.0,1.0,"[""blue"",""yellow"",""purple"",""red"",""cyan"",""green""]",green_1,True,"[{""x"":938,""y"":658,""t"":4},{""x"":926,""y"":646,""t"":39},{""x"":915,""y"":630,""t"":76},{""x"":899,""y"":632,""t"":105},{""x"":903,""y"":628,""t"":139},{""x"":901,""y"":622,""t"":175},{""x"":903,""y"":623,""t"":208},{""x"":904,""y"":620,""t"":242},{""x"":890,""y"":618,""t"":276},{""x"":867,""y"":614,""t"":308},{""x"":875,""y"":619,""t"":343},{""x"":883,""y"":625,""t"":377},{""x"":888,""y"":631,""t"":412},{""x"":958,""y"":673,""t"":445},{""x"":1000,""y"":693,""t"":480},{""x"":1028,""y"":698,""t"":514},{""x"":1041,""y"":714,""t"":548},{""x"":1014,""y"":718,""t"":582},{""x"":1005,""y"":776,""t"":616},{""x"":967,""y"":817,""t"":649},{""x"":926,""y"":837,""t"":684},{""x"":918,""y"":855,""t"":719},{""x"":895,""y"":845,""t"":753},{""x"":883,""y"":829,""t"":786},{""x"":870,""y"":808,""t"":820},{""x"":868,""y"":768,""t"":854},{""x"":828,""y"":733,""t"":887},{""x"":796,""y"":687,""t"":922},{""x"":792,""y"":656,""t"":956},{""x"":815,""y"":690,""t"":989},{""x"":862,""y"":740,""t"":1024},{""x"":922,""y"":812,""t"":1058},{""x"":951,""y"":853,""t"":1092},{""x"":976,""y"":843,""t"":1127},{""x"":991,""y"":818,""t"":1160},{""x"":1007,""y"":766,""t"":1194},{""x"":1005,""y"":738,""t"":1228},{""x"":1007,""y"":705,""t"":1261},{""x"":966,""y"":657,""t"":1296},{""x"":938,""y"":642,""t"":1329},{""x"":972,""y"":639,""t"":1364},{""x"":970,""y"":610,""t"":1399},{""x"":952,""y"":610,""t"":1431},{""x"":964,""y"":595,""t"":1466},{""x"":973,""y"":591,""t"":1500},{""x"":994,""y"":613,""t"":1534},{""x"":1069,""y"":642,""t"":1568},{""x"":1110,""y"":656,""t"":1602},{""x"":1120,""y"":667,""t"":1635},{""x"":1136,""y"":664,""t"":1670},{""x"":1117,""y"":648,""t"":1703},{""x"":1138,""y"":657,""t"":1737},{""x"":1165,""y"":663,""t"":1771},{""x"":1194,""y"":657,""t"":1807},{""x"":1200,""y"":663,""t"":1841},{""x"":1166,""y"":655,""t"":1874},{""x"":1139,""y"":647,""t"":1907},{""x"":1116,""y"":640,""t"":1939},{""x"":1092,""y"":627,""t"":1976}]","[{""x"":250,""y"":425,""width"":80,""height"":80,""top"":385,""right"":290,""bottom"":465,""left"":210},{""x"":400,""y"":165.1923788646684,""width"":80,""height"":80,""top"":125.1923788646684,""right"":440,""bottom"":205.1923788646684,""left"":360},{""x"":700,""y"":165.1923788646684,""width"":80,""height"":80,""top"":125.1923788646684,""right"":740,""bottom"":205.1923788646684,""left"":660},{""x"":850,""y"":425,""width"":80,""height"":80,""top"":385,""right"":890,""bottom"":465,""left"":810},{""x"":700,""y"":684.8076211353316,""width"":80,""height"":80,""top"":644.8076211353316,""right"":740,""bottom"":724.8076211353316,""left"":660},{""x"":400,""y"":684.8076211353316,""width"":80,""height"":80,""top"":644.8076211353316,""right"":440,""bottom"":724.8076211353316,""left"":360}]","{""#container"":{""x"":410,""y"":129.390625,""width"":1100,""height"":850,""top"":129.390625,""right"":1510,""bottom"":979.390625,""left"":410}}","[{'blue': 0}, {'yellow': 0}, {'purple': 0}, {'red': 4}, {'cyan': 10}, {'green': 12}]",{'green_1': 12},green_1
366,,,,1333.0,3.0,3.0,"[""green"",""red"",""cyan"",""purple"",""yellow"",""blue""]",yellow_1,True,"[{""x"":1043,""y"":638,""t"":4},{""x"":986,""y"":624,""t"":39},{""x"":963,""y"":650,""t"":72},{""x"":941,""y"":663,""t"":106},{""x"":926,""y"":674,""t"":141},{""x"":925,""y"":677,""t"":174},{""x"":916,""y"":694,""t"":209},{""x"":917,""y"":708,""t"":242},{""x"":938,""y"":719,""t"":275},{""x"":930,""y"":728,""t"":310},{""x"":949,""y"":724,""t"":344},{""x"":967,""y"":719,""t"":376},{""x"":950,""y"":727,""t"":412},{""x"":956,""y"":715,""t"":446},{""x"":963,""y"":718,""t"":480},{""x"":962,""y"":689,""t"":514},{""x"":949,""y"":661,""t"":548},{""x"":952,""y"":636,""t"":583},{""x"":944,""y"":625,""t"":616},{""x"":943,""y"":603,""t"":649},{""x"":946,""y"":593,""t"":685},{""x"":959,""y"":593,""t"":718},{""x"":1035,""y"":609,""t"":753},{""x"":1077,""y"":604,""t"":783},{""x"":1076,""y"":574,""t"":819},{""x"":1077,""y"":583,""t"":855},{""x"":1097,""y"":601,""t"":888},{""x"":1111,""y"":608,""t"":922},{""x"":1129,""y"":620,""t"":957},{""x"":1103,""y"":617,""t"":989},{""x"":1047,""y"":613,""t"":1033},{""x"":1003,""y"":621,""t"":1060},{""x"":946,""y"":617,""t"":1093},{""x"":905,""y"":624,""t"":1126},{""x"":863,""y"":581,""t"":1160},{""x"":860,""y"":589,""t"":1195},{""x"":828,""y"":594,""t"":1228},{""x"":797,""y"":589,""t"":1262},{""x"":822,""y"":587,""t"":1296},{""x"":830,""y"":608,""t"":1330},{""x"":845,""y"":626,""t"":1364},{""x"":888,""y"":643,""t"":1398},{""x"":916,""y"":661,""t"":1432},{""x"":904,""y"":656,""t"":1465},{""x"":930,""y"":695,""t"":1500},{""x"":954,""y"":707,""t"":1534},{""x"":991,""y"":696,""t"":1568},{""x"":996,""y"":694,""t"":1602},{""x"":1022,""y"":708,""t"":1636},{""x"":1048,""y"":694,""t"":1670},{""x"":1030,""y"":681,""t"":1705},{""x"":1053,""y"":687,""t"":1738},{""x"":1068,""y"":688,""t"":1771},{""x"":1088,""y"":683,""t"":1805},{""x"":1092,""y"":680,""t"":1840},{""x"":1113,""y"":683,""t"":1874},{""x"":1094,""y"":666,""t"":1908},{""x"":1107,""y"":665,""t"":1940},{""x"":1107,""y"":673,""t"":1976}]","[{""x"":250,""y"":425,""width"":80,""height"":80,""top"":385,""right"":290,""bottom"":465,""left"":210},{""x"":400,""y"":165.1923788646684,""width"":80,""height"":80,""top"":125.1923788646684,""right"":440,""bottom"":205.1923788646684,""left"":360},{""x"":700,""y"":165.1923788646684,""width"":80,""height"":80,""top"":125.1923788646684,""right"":740,""bottom"":205.1923788646684,""left"":660},{""x"":850,""y"":425,""width"":80,""height"":80,""top"":385,""right"":890,""bottom"":465,""left"":810},{""x"":700,""y"":684.8076211353316,""width"":80,""height"":80,""top"":644.8076211353316,""right"":740,""bottom"":724.8076211353316,""left"":660},{""x"":400,""y"":684.8076211353316,""width"":80,""height"":80,""top"":644.8076211353316,""right"":440,""bottom"":724.8076211353316,""left"":360}]","{""#container"":{""x"":410,""y"":129.390625,""width"":1100,""height"":850,""top"":129.390625,""right"":1510,""bottom"":979.390625,""left"":410}}","[{'green': 1}, {'red': 0}, {'cyan': 0}, {'purple': 1}, {'yellow': 10}, {'blue': 1}]",{'yellow_1': 10},yellow_1
367,,,,439.0,4.0,4.0,"[""yellow"",""green"",""purple"",""blue"",""red"",""cyan""]",yellow_1,True,"[{""x"":1078,""y"":681,""t"":4},{""x"":1044,""y"":690,""t"":44},{""x"":1007,""y"":681,""t"":73},{""x"":961,""y"":664,""t"":106},{""x"":924,""y"":661,""t"":139},{""x"":903,""y"":664,""t"":175},{""x"":890,""y"":668,""t"":208},{""x"":872,""y"":662,""t"":241},{""x"":865,""y"":670,""t"":276},{""x"":856,""y"":680,""t"":310},{""x"":850,""y"":662,""t"":344},{""x"":861,""y"":672,""t"":378},{""x"":847,""y"":663,""t"":411},{""x"":859,""y"":691,""t"":447},{""x"":873,""y"":711,""t"":480},{""x"":869,""y"":713,""t"":513},{""x"":854,""y"":709,""t"":547},{""x"":831,""y"":712,""t"":581},{""x"":819,""y"":719,""t"":616},{""x"":815,""y"":694,""t"":649},{""x"":791,""y"":688,""t"":684},{""x"":774,""y"":679,""t"":718},{""x"":769,""y"":683,""t"":751},{""x"":797,""y"":666,""t"":786},{""x"":829,""y"":649,""t"":819},{""x"":886,""y"":645,""t"":854},{""x"":954,""y"":655,""t"":887},{""x"":1011,""y"":664,""t"":919},{""x"":1037,""y"":654,""t"":956},{""x"":1087,""y"":662,""t"":990},{""x"":1150,""y"":665,""t"":1025},{""x"":1195,""y"":653,""t"":1059},{""x"":1244,""y"":661,""t"":1092},{""x"":1256,""y"":663,""t"":1126},{""x"":1280,""y"":664,""t"":1160},{""x"":1290,""y"":675,""t"":1195},{""x"":1292,""y"":692,""t"":1227},{""x"":1279,""y"":712,""t"":1262},{""x"":1237,""y"":705,""t"":1296},{""x"":1199,""y"":697,""t"":1328},{""x"":1161,""y"":688,""t"":1364},{""x"":1109,""y"":673,""t"":1399},{""x"":1073,""y"":678,""t"":1432},{""x"":1019,""y"":686,""t"":1466},{""x"":993,""y"":692,""t"":1500},{""x"":969,""y"":708,""t"":1535},{""x"":931,""y"":710,""t"":1567},{""x"":898,""y"":704,""t"":1602},{""x"":906,""y"":729,""t"":1636},{""x"":892,""y"":736,""t"":1670},{""x"":916,""y"":764,""t"":1703},{""x"":910,""y"":768,""t"":1738},{""x"":898,""y"":753,""t"":1772},{""x"":909,""y"":762,""t"":1806},{""x"":914,""y"":763,""t"":1840},{""x"":917,""y"":765,""t"":1873},{""x"":929,""y"":768,""t"":1908},{""x"":930,""y"":763,""t"":1941},{""x"":933,""y"":755,""t"":1976}]","[{""x"":250,""y"":425,""width"":80,""height"":80,""top"":385,""right"":290,""bottom"":465,""left"":210},{""x"":400,""y"":165.1923788646684,""width"":80,""height"":80,""top"":125.1923788646684,""right"":440,""bottom"":205.1923788646684,""left"":360},{""x"":700,""y"":165.1923788646684,""width"":80,""height"":80,""top"":125.1923788646684,""right"":740,""bottom"":205.1923788646684,""left"":660},{""x"":850,""y"":425,""width"":80,""height"":80,""top"":385,""right"":890,""bottom"":465,""left"":810},{""x"":700,""y"":684.8076211353316,""width"":80,""height"":80,""top"":644.8076211353316,""right"":740,""bottom"":724.8076211353316,""left"":660},{""x"":400,""y"":684.8076211353316,""width"":80,""height"":80,""top"":644.8076211353316,""right"":440,""bottom"":724.8076211353316,""left"":360}]","{""#container"":{""x"":410,""y"":129.390625,""width"":1100,""height"":850,""top"":129.390625,""right"":1510,""bottom"":979.390625,""left"":410}}","[{'yellow': 0}, {'green': 0}, {'purple': 0}, {'blue': 6}, {'red': 6}, {'cyan': 24}]",,cyan
368,,,,1587.0,1.0,3.0,"[""blue"",""yellow"",""cyan"",""green"",""red"",""purple""]",red_1,False,"[{""x"":922,""y"":724,""t"":4},{""x"":894,""y"":700,""t"":43},{""x"":886,""y"":676,""t"":73},{""x"":882,""y"":658,""t"":107},{""x"":901,""y"":662,""t"":140},{""x"":913,""y"":650,""t"":173},{""x"":922,""y"":653,""t"":208},{""x"":924,""y"":655,""t"":242},{""x"":925,""y"":656,""t"":276},{""x"":930,""y"":668,""t"":310},{""x"":945,""y"":667,""t"":344},{""x"":953,""y"":673,""t"":379},{""x"":969,""y"":660,""t"":412},{""x"":1057,""y"":667,""t"":446},{""x"":1083,""y"":673,""t"":479},{""x"":1087,""y"":662,""t"":514},{""x"":1098,""y"":674,""t"":548},{""x"":1132,""y"":670,""t"":581},{""x"":1127,""y"":674,""t"":616},{""x"":1106,""y"":674,""t"":650},{""x"":1085,""y"":659,""t"":684},{""x"":1071,""y"":655,""t"":717},{""x"":1033,""y"":651,""t"":751},{""x"":1029,""y"":674,""t"":786},{""x"":1097,""y"":686,""t"":820},{""x"":1114,""y"":690,""t"":854},{""x"":1121,""y"":652,""t"":888},{""x"":1104,""y"":644,""t"":922},{""x"":1104,""y"":640,""t"":956},{""x"":1145,""y"":651,""t"":990},{""x"":1179,""y"":647,""t"":1024},{""x"":1180,""y"":656,""t"":1057},{""x"":1175,""y"":645,""t"":1092},{""x"":1133,""y"":607,""t"":1126},{""x"":1195,""y"":617,""t"":1159},{""x"":1153,""y"":592,""t"":1194},{""x"":1124,""y"":590,""t"":1225},{""x"":1157,""y"":570,""t"":1262},{""x"":1194,""y"":592,""t"":1296},{""x"":1207,""y"":575,""t"":1329},{""x"":1192,""y"":589,""t"":1363},{""x"":1219,""y"":615,""t"":1398},{""x"":1170,""y"":618,""t"":1431},{""x"":1095,""y"":624,""t"":1466},{""x"":1060,""y"":641,""t"":1499},{""x"":1029,""y"":659,""t"":1534},{""x"":1024,""y"":672,""t"":1567},{""x"":1005,""y"":666,""t"":1603},{""x"":1001,""y"":672,""t"":1633},{""x"":958,""y"":658,""t"":1670},{""x"":954,""y"":655,""t"":1703},{""x"":947,""y"":653,""t"":1739},{""x"":940,""y"":635,""t"":1772},{""x"":930,""y"":629,""t"":1805},{""x"":927,""y"":626,""t"":1839},{""x"":936,""y"":640,""t"":1874},{""x"":915,""y"":656,""t"":1908},{""x"":892,""y"":674,""t"":1942},{""x"":906,""y"":708,""t"":1976}]","[{""x"":250,""y"":425,""width"":80,""height"":80,""top"":385,""right"":290,""bottom"":465,""left"":210},{""x"":400,""y"":165.1923788646684,""width"":80,""height"":80,""top"":125.1923788646684,""right"":440,""bottom"":205.1923788646684,""left"":360},{""x"":700,""y"":165.1923788646684,""width"":80,""height"":80,""top"":125.1923788646684,""right"":740,""bottom"":205.1923788646684,""left"":660},{""x"":850,""y"":425,""width"":80,""height"":80,""top"":385,""right"":890,""bottom"":465,""left"":810},{""x"":700,""y"":684.8076211353316,""width"":80,""height"":80,""top"":644.8076211353316,""right"":740,""bottom"":724.8076211353316,""left"":660},{""x"":400,""y"":684.8076211353316,""width"":80,""height"":80,""top"":644.8076211353316,""right"":440,""bottom"":724.8076211353316,""left"":360}]","{""#container"":{""x"":410,""y"":129.390625,""width"":1100,""height"":850,""top"":129.390625,""right"":1510,""bottom"":979.390625,""left"":410}}","[{'blue': 0}, {'yellow': 0}, {'cyan': 0}, {'green': 13}, {'red': 7}, {'purple': 3}]",{'red_1': 7},green
369,,,,976.0,4.0,3.0,"[""cyan"",""blue"",""purple"",""red"",""yellow"",""green""]",yellow,False,"[{""x"":928,""y"":728,""t"":5},{""x"":932,""y"":732,""t"":48},{""x"":945,""y"":736,""t"":79},{""x"":958,""y"":738,""t"":108},{""x"":940,""y"":725,""t"":140},{""x"":968,""y"":728,""t"":173},{""x"":975,""y"":734,""t"":207},{""x"":954,""y"":719,""t"":242},{""x"":931,""y"":710,""t"":276},{""x"":921,""y"":693,""t"":310},{""x"":907,""y"":677,""t"":344},{""x"":905,""y"":665,""t"":378},{""x"":938,""y"":689,""t"":412},{""x"":924,""y"":677,""t"":445},{""x"":930,""y"":672,""t"":480},{""x"":918,""y"":661,""t"":514},{""x"":913,""y"":666,""t"":549},{""x"":924,""y"":664,""t"":582},{""x"":962,""y"":685,""t"":615},{""x"":956,""y"":667,""t"":649},{""x"":950,""y"":662,""t"":684},{""x"":972,""y"":695,""t"":717},{""x"":978,""y"":712,""t"":752},{""x"":983,""y"":725,""t"":786},{""x"":999,""y"":733,""t"":819},{""x"":987,""y"":762,""t"":854},{""x"":966,""y"":753,""t"":887},{""x"":978,""y"":769,""t"":922},{""x"":988,""y"":781,""t"":953},{""x"":987,""y"":771,""t"":990},{""x"":1021,""y"":778,""t"":1023},{""x"":1034,""y"":785,""t"":1057},{""x"":1010,""y"":773,""t"":1091},{""x"":1017,""y"":762,""t"":1126},{""x"":1019,""y"":738,""t"":1160},{""x"":985,""y"":710,""t"":1194},{""x"":979,""y"":701,""t"":1228},{""x"":1003,""y"":691,""t"":1263},{""x"":1025,""y"":699,""t"":1296},{""x"":996,""y"":692,""t"":1329},{""x"":993,""y"":695,""t"":1363},{""x"":989,""y"":683,""t"":1398},{""x"":971,""y"":684,""t"":1432},{""x"":992,""y"":700,""t"":1466},{""x"":1000,""y"":694,""t"":1500},{""x"":1020,""y"":702,""t"":1533},{""x"":1050,""y"":709,""t"":1568},{""x"":1056,""y"":686,""t"":1602},{""x"":1058,""y"":687,""t"":1635},{""x"":1040,""y"":669,""t"":1670},{""x"":1027,""y"":651,""t"":1703},{""x"":1040,""y"":650,""t"":1738},{""x"":1053,""y"":667,""t"":1771},{""x"":1084,""y"":689,""t"":1806},{""x"":1087,""y"":694,""t"":1840},{""x"":1088,""y"":712,""t"":1874},{""x"":1074,""y"":704,""t"":1908},{""x"":1029,""y"":694,""t"":1941},{""x"":1009,""y"":720,""t"":1977}]","[{""x"":250,""y"":425,""width"":80,""height"":80,""top"":385,""right"":290,""bottom"":465,""left"":210},{""x"":400,""y"":165.1923788646684,""width"":80,""height"":80,""top"":125.1923788646684,""right"":440,""bottom"":205.1923788646684,""left"":360},{""x"":700,""y"":165.1923788646684,""width"":80,""height"":80,""top"":125.1923788646684,""right"":740,""bottom"":205.1923788646684,""left"":660},{""x"":850,""y"":425,""width"":80,""height"":80,""top"":385,""right"":890,""bottom"":465,""left"":810},{""x"":700,""y"":684.8076211353316,""width"":80,""height"":80,""top"":644.8076211353316,""right"":740,""bottom"":724.8076211353316,""left"":660},{""x"":400,""y"":684.8076211353316,""width"":80,""height"":80,""top"":644.8076211353316,""right"":440,""bottom"":724.8076211353316,""left"":360}]","{""#container"":{""x"":410,""y"":129.390625,""width"":1100,""height"":850,""top"":129.390625,""right"":1510,""bottom"":979.390625,""left"":410}}","[{'cyan': 0}, {'blue': 0}, {'purple': 0}, {'red': 0}, {'yellow': 21}, {'green': 2}]",{'yellow': 21},yellow
370,,,,511.0,4.0,4.0,"[""red"",""blue"",""yellow"",""green"",""cyan"",""purple""]",red_1,True,"[{""x"":991,""y"":738,""t"":4},{""x"":962,""y"":723,""t"":38},{""x"":965,""y"":723,""t"":77},{""x"":961,""y"":724,""t"":106},{""x"":935,""y"":711,""t"":139},{""x"":932,""y"":717,""t"":174},{""x"":942,""y"":732,""t"":207},{""x"":955,""y"":735,""t"":242},{""x"":946,""y"":739,""t"":275},{""x"":955,""y"":748,""t"":310},{""x"":946,""y"":727,""t"":343},{""x"":930,""y"":695,""t"":378},{""x"":904,""y"":677,""t"":412},{""x"":921,""y"":674,""t"":446},{""x"":969,""y"":677,""t"":480},{""x"":977,""y"":660,""t"":514},{""x"":997,""y"":638,""t"":548},{""x"":1017,""y"":612,""t"":582},{""x"":1024,""y"":609,""t"":616},{""x"":1021,""y"":600,""t"":650},{""x"":1021,""y"":587,""t"":685},{""x"":1058,""y"":586,""t"":717},{""x"":1062,""y"":571,""t"":751},{""x"":1048,""y"":551,""t"":786},{""x"":1046,""y"":550,""t"":820},{""x"":1043,""y"":560,""t"":854},{""x"":1090,""y"":587,""t"":888},{""x"":1123,""y"":619,""t"":920},{""x"":1171,""y"":639,""t"":957},{""x"":1171,""y"":657,""t"":991},{""x"":1167,""y"":658,""t"":1024},{""x"":1218,""y"":689,""t"":1058},{""x"":1195,""y"":662,""t"":1092},{""x"":1161,""y"":650,""t"":1125},{""x"":1126,""y"":633,""t"":1159},{""x"":1097,""y"":622,""t"":1193},{""x"":1067,""y"":606,""t"":1227},{""x"":1072,""y"":600,""t"":1262},{""x"":1077,""y"":595,""t"":1294},{""x"":1101,""y"":626,""t"":1330},{""x"":1105,""y"":619,""t"":1365},{""x"":1111,""y"":624,""t"":1399},{""x"":1133,""y"":631,""t"":1432},{""x"":1135,""y"":638,""t"":1466},{""x"":1130,""y"":630,""t"":1499},{""x"":1110,""y"":618,""t"":1533},{""x"":1108,""y"":633,""t"":1568},{""x"":1094,""y"":628,""t"":1602},{""x"":1088,""y"":615,""t"":1636},{""x"":1074,""y"":624,""t"":1670},{""x"":1070,""y"":626,""t"":1704},{""x"":1050,""y"":647,""t"":1738},{""x"":1047,""y"":710,""t"":1772},{""x"":997,""y"":781,""t"":1806},{""x"":969,""y"":839,""t"":1840},{""x"":961,""y"":876,""t"":1874},{""x"":968,""y"":857,""t"":1907},{""x"":984,""y"":850,""t"":1941},{""x"":1008,""y"":842,""t"":1976}]","[{""x"":250,""y"":425,""width"":80,""height"":80,""top"":385,""right"":290,""bottom"":465,""left"":210},{""x"":400,""y"":165.1923788646684,""width"":80,""height"":80,""top"":125.1923788646684,""right"":440,""bottom"":205.1923788646684,""left"":360},{""x"":700,""y"":165.1923788646684,""width"":80,""height"":80,""top"":125.1923788646684,""right"":740,""bottom"":205.1923788646684,""left"":660},{""x"":850,""y"":425,""width"":80,""height"":80,""top"":385,""right"":890,""bottom"":465,""left"":810},{""x"":700,""y"":684.8076211353316,""width"":80,""height"":80,""top"":644.8076211353316,""right"":740,""bottom"":724.8076211353316,""left"":660},{""x"":400,""y"":684.8076211353316,""width"":80,""height"":80,""top"":644.8076211353316,""right"":440,""bottom"":724.8076211353316,""left"":360}]","{""#container"":{""x"":410,""y"":129.390625,""width"":1100,""height"":850,""top"":129.390625,""right"":1510,""bottom"":979.390625,""left"":410}}","[{'red': 0}, {'blue': 0}, {'yellow': 0}, {'green': 7}, {'cyan': 7}, {'purple': 0}]",,green
371,,,,864.0,7.0,7.0,"[""red"",""yellow"",""purple"",""green"",""cyan"",""blue""]",yellow_1,True,"[{""x"":997,""y"":787,""t"":5},{""x"":984,""y"":766,""t"":47},{""x"":970,""y"":754,""t"":81},{""x"":964,""y"":717,""t"":110},{""x"":934,""y"":687,""t"":140},{""x"":915,""y"":674,""t"":173},{""x"":934,""y"":673,""t"":208},{""x"":937,""y"":672,""t"":242},{""x"":942,""y"":651,""t"":276},{""x"":945,""y"":664,""t"":310},{""x"":964,""y"":660,""t"":344},{""x"":967,""y"":658,""t"":378},{""x"":980,""y"":673,""t"":412},{""x"":971,""y"":668,""t"":447},{""x"":937,""y"":690,""t"":480},{""x"":957,""y"":695,""t"":514},{""x"":929,""y"":696,""t"":548},{""x"":914,""y"":675,""t"":582},{""x"":870,""y"":671,""t"":616},{""x"":856,""y"":649,""t"":650},{""x"":918,""y"":639,""t"":685},{""x"":972,""y"":632,""t"":716},{""x"":1019,""y"":611,""t"":752},{""x"":1043,""y"":604,""t"":786},{""x"":1074,""y"":606,""t"":820},{""x"":1081,""y"":600,""t"":854},{""x"":1078,""y"":580,""t"":888},{""x"":1084,""y"":573,""t"":922},{""x"":1120,""y"":587,""t"":956},{""x"":1104,""y"":582,""t"":990},{""x"":1106,""y"":572,""t"":1024},{""x"":1106,""y"":559,""t"":1057},{""x"":1104,""y"":567,""t"":1092},{""x"":1102,""y"":575,""t"":1124},{""x"":1114,""y"":589,""t"":1160},{""x"":1111,""y"":583,""t"":1194},{""x"":1119,""y"":608,""t"":1228},{""x"":1115,""y"":613,""t"":1262},{""x"":1121,""y"":634,""t"":1296},{""x"":1098,""y"":653,""t"":1330},{""x"":1114,""y"":664,""t"":1364},{""x"":1121,""y"":670,""t"":1398},{""x"":1090,""y"":657,""t"":1432},{""x"":1099,""y"":666,""t"":1466},{""x"":1122,""y"":677,""t"":1499},{""x"":1103,""y"":654,""t"":1533},{""x"":1099,""y"":666,""t"":1568},{""x"":1133,""y"":682,""t"":1602},{""x"":1156,""y"":693,""t"":1635},{""x"":1153,""y"":698,""t"":1670},{""x"":1147,""y"":706,""t"":1703},{""x"":1150,""y"":705,""t"":1738},{""x"":1152,""y"":725,""t"":1772},{""x"":1139,""y"":730,""t"":1806},{""x"":1121,""y"":714,""t"":1840},{""x"":1088,""y"":695,""t"":1874},{""x"":1083,""y"":692,""t"":1908},{""x"":1041,""y"":687,""t"":1942},{""x"":1043,""y"":712,""t"":1976}]","[{""x"":250,""y"":425,""width"":80,""height"":80,""top"":385,""right"":290,""bottom"":465,""left"":210},{""x"":400,""y"":165.1923788646684,""width"":80,""height"":80,""top"":125.1923788646684,""right"":440,""bottom"":205.1923788646684,""left"":360},{""x"":700,""y"":165.1923788646684,""width"":80,""height"":80,""top"":125.1923788646684,""right"":740,""bottom"":205.1923788646684,""left"":660},{""x"":850,""y"":425,""width"":80,""height"":80,""top"":385,""right"":890,""bottom"":465,""left"":810},{""x"":700,""y"":684.8076211353316,""width"":80,""height"":80,""top"":644.8076211353316,""right"":740,""bottom"":724.8076211353316,""left"":660},{""x"":400,""y"":684.8076211353316,""width"":80,""height"":80,""top"":644.8076211353316,""right"":440,""bottom"":724.8076211353316,""left"":360}]","{""#container"":{""x"":410,""y"":129.390625,""width"":1100,""height"":850,""top"":129.390625,""right"":1510,""bottom"":979.390625,""left"":410}}","[{'red': 0}, {'yellow': 0}, {'purple': 0}, {'green': 1}, {'cyan': 18}, {'blue': 0}]",,cyan
372,,,,448.0,3.0,3.0,"[""yellow"",""purple"",""blue"",""cyan"",""red"",""green""]",red,True,"[{""x"":1031,""y"":723,""t"":4},{""x"":1018,""y"":730,""t"":46},{""x"":993,""y"":725,""t"":78},{""x"":966,""y"":711,""t"":106},{""x"":954,""y"":705,""t"":139},{""x"":951,""y"":701,""t"":174},{""x"":958,""y"":702,""t"":206},{""x"":937,""y"":704,""t"":242},{""x"":921,""y"":684,""t"":276},{""x"":941,""y"":692,""t"":310},{""x"":952,""y"":707,""t"":344},{""x"":948,""y"":716,""t"":377},{""x"":939,""y"":707,""t"":412},{""x"":918,""y"":669,""t"":446},{""x"":894,""y"":653,""t"":480},{""x"":879,""y"":654,""t"":514},{""x"":893,""y"":657,""t"":548},{""x"":863,""y"":638,""t"":581},{""x"":847,""y"":640,""t"":616},{""x"":852,""y"":633,""t"":650},{""x"":899,""y"":693,""t"":684},{""x"":913,""y"":770,""t"":718},{""x"":939,""y"":837,""t"":753},{""x"":957,""y"":848,""t"":787},{""x"":972,""y"":846,""t"":819},{""x"":989,""y"":822,""t"":855},{""x"":1008,""y"":787,""t"":887},{""x"":1019,""y"":739,""t"":921},{""x"":1033,""y"":705,""t"":956},{""x"":1074,""y"":657,""t"":990},{""x"":1088,""y"":641,""t"":1025},{""x"":1112,""y"":625,""t"":1058},{""x"":1087,""y"":585,""t"":1092},{""x"":1076,""y"":577,""t"":1126},{""x"":1067,""y"":557,""t"":1160},{""x"":1068,""y"":549,""t"":1194},{""x"":1063,""y"":536,""t"":1228},{""x"":1070,""y"":526,""t"":1262},{""x"":1051,""y"":521,""t"":1297},{""x"":1077,""y"":540,""t"":1330},{""x"":1035,""y"":536,""t"":1365},{""x"":1006,""y"":536,""t"":1396},{""x"":1004,""y"":552,""t"":1432},{""x"":1022,""y"":563,""t"":1466},{""x"":1028,""y"":585,""t"":1500},{""x"":1014,""y"":596,""t"":1534},{""x"":1031,""y"":625,""t"":1568},{""x"":1014,""y"":649,""t"":1602},{""x"":1042,""y"":664,""t"":1637},{""x"":1069,""y"":673,""t"":1670},{""x"":1043,""y"":674,""t"":1703},{""x"":992,""y"":670,""t"":1738},{""x"":968,""y"":672,""t"":1771},{""x"":956,""y"":670,""t"":1804},{""x"":965,""y"":668,""t"":1841},{""x"":957,""y"":663,""t"":1874},{""x"":948,""y"":643,""t"":1908},{""x"":945,""y"":619,""t"":1942},{""x"":959,""y"":619,""t"":1976}]","[{""x"":250,""y"":425,""width"":80,""height"":80,""top"":385,""right"":290,""bottom"":465,""left"":210},{""x"":400,""y"":165.1923788646684,""width"":80,""height"":80,""top"":125.1923788646684,""right"":440,""bottom"":205.1923788646684,""left"":360},{""x"":700,""y"":165.1923788646684,""width"":80,""height"":80,""top"":125.1923788646684,""right"":740,""bottom"":205.1923788646684,""left"":660},{""x"":850,""y"":425,""width"":80,""height"":80,""top"":385,""right"":890,""bottom"":465,""left"":810},{""x"":700,""y"":684.8076211353316,""width"":80,""height"":80,""top"":644.8076211353316,""right"":740,""bottom"":724.8076211353316,""left"":660},{""x"":400,""y"":684.8076211353316,""width"":80,""height"":80,""top"":644.8076211353316,""right"":440,""bottom"":724.8076211353316,""left"":360}]","{""#container"":{""x"":410,""y"":129.390625,""width"":1100,""height"":850,""top"":129.390625,""right"":1510,""bottom"":979.390625,""left"":410}}","[{'yellow': 0}, {'purple': 0}, {'blue': 0}, {'cyan': 0}, {'red': 9}, {'green': 2}]",{'red': 9},red
373,,,,784.0,9.0,3.0,"[""yellow"",""red"",""cyan"",""blue"",""green"",""purple""]",green,False,"[{""x"":971,""y"":628,""t"":4},{""x"":951,""y"":632,""t"":47},{""x"":950,""y"":637,""t"":73},{""x"":942,""y"":651,""t"":106},{""x"":949,""y"":655,""t"":140},{""x"":967,""y"":666,""t"":174},{""x"":973,""y"":671,""t"":208},{""x"":977,""y"":689,""t"":242},{""x"":960,""y"":690,""t"":275},{""x"":942,""y"":681,""t"":310},{""x"":958,""y"":680,""t"":343},{""x"":956,""y"":671,""t"":377},{""x"":934,""y"":668,""t"":412},{""x"":910,""y"":670,""t"":446},{""x"":875,""y"":651,""t"":481},{""x"":897,""y"":648,""t"":514},{""x"":865,""y"":664,""t"":548},{""x"":844,""y"":655,""t"":582},{""x"":827,""y"":665,""t"":616},{""x"":827,""y"":676,""t"":649},{""x"":811,""y"":672,""t"":684},{""x"":856,""y"":677,""t"":717},{""x"":912,""y"":653,""t"":751},{""x"":964,""y"":629,""t"":785},{""x"":1013,""y"":615,""t"":820},{""x"":1048,""y"":592,""t"":853},{""x"":1066,""y"":591,""t"":889},{""x"":1098,""y"":590,""t"":922},{""x"":1097,""y"":580,""t"":957},{""x"":1056,""y"":580,""t"":990},{""x"":1033,""y"":584,""t"":1024},{""x"":1004,""y"":579,""t"":1058},{""x"":969,""y"":572,""t"":1092},{""x"":954,""y"":577,""t"":1125},{""x"":934,""y"":546,""t"":1160},{""x"":928,""y"":544,""t"":1193},{""x"":933,""y"":549,""t"":1227},{""x"":934,""y"":563,""t"":1262},{""x"":936,""y"":558,""t"":1297},{""x"":933,""y"":563,""t"":1330},{""x"":916,""y"":556,""t"":1364},{""x"":938,""y"":566,""t"":1398},{""x"":953,""y"":581,""t"":1433},{""x"":1014,""y"":609,""t"":1466},{""x"":1077,""y"":629,""t"":1499},{""x"":1104,""y"":637,""t"":1534},{""x"":1140,""y"":643,""t"":1568},{""x"":1130,""y"":656,""t"":1601},{""x"":1119,""y"":672,""t"":1635},{""x"":1113,""y"":681,""t"":1667},{""x"":1114,""y"":685,""t"":1703},{""x"":1115,""y"":692,""t"":1737},{""x"":1103,""y"":696,""t"":1771},{""x"":1075,""y"":708,""t"":1806},{""x"":1031,""y"":697,""t"":1839},{""x"":1033,""y"":701,""t"":1874},{""x"":1039,""y"":701,""t"":1907},{""x"":1058,""y"":712,""t"":1941},{""x"":1062,""y"":708,""t"":1975}]","[{""x"":250,""y"":425,""width"":80,""height"":80,""top"":385,""right"":290,""bottom"":465,""left"":210},{""x"":400,""y"":165.1923788646684,""width"":80,""height"":80,""top"":125.1923788646684,""right"":440,""bottom"":205.1923788646684,""left"":360},{""x"":700,""y"":165.1923788646684,""width"":80,""height"":80,""top"":125.1923788646684,""right"":740,""bottom"":205.1923788646684,""left"":660},{""x"":850,""y"":425,""width"":80,""height"":80,""top"":385,""right"":890,""bottom"":465,""left"":810},{""x"":700,""y"":684.8076211353316,""width"":80,""height"":80,""top"":644.8076211353316,""right"":740,""bottom"":724.8076211353316,""left"":660},{""x"":400,""y"":684.8076211353316,""width"":80,""height"":80,""top"":644.8076211353316,""right"":440,""bottom"":724.8076211353316,""left"":360}]","{""#container"":{""x"":410,""y"":129.390625,""width"":1100,""height"":850,""top"":129.390625,""right"":1510,""bottom"":979.390625,""left"":410}}","[{'yellow': 0}, {'red': 0}, {'cyan': 0}, {'blue': 1}, {'green': 11}, {'purple': 3}]",{'green': 11},green
374,,,,740.0,3.0,6.0,"[""yellow"",""blue"",""red"",""green"",""cyan"",""purple""]",green,False,"[{""x"":1036,""y"":714,""t"":5},{""x"":1018,""y"":722,""t"":44},{""x"":985,""y"":725,""t"":72},{""x"":952,""y"":711,""t"":107},{""x"":946,""y"":705,""t"":140},{""x"":942,""y"":700,""t"":174},{""x"":936,""y"":691,""t"":208},{""x"":947,""y"":691,""t"":241},{""x"":940,""y"":685,""t"":275},{""x"":927,""y"":658,""t"":309},{""x"":915,""y"":642,""t"":344},{""x"":939,""y"":620,""t"":377},{""x"":965,""y"":609,""t"":412},{""x"":995,""y"":608,""t"":445},{""x"":1027,""y"":616,""t"":480},{""x"":1039,""y"":611,""t"":513},{""x"":1028,""y"":594,""t"":548},{""x"":1016,""y"":600,""t"":582},{""x"":982,""y"":627,""t"":616},{""x"":944,""y"":638,""t"":650},{""x"":904,""y"":635,""t"":684},{""x"":880,""y"":627,""t"":718},{""x"":858,""y"":639,""t"":752},{""x"":849,""y"":651,""t"":786},{""x"":821,""y"":647,""t"":820},{""x"":817,""y"":638,""t"":854},{""x"":805,""y"":636,""t"":888},{""x"":780,""y"":598,""t"":923},{""x"":789,""y"":603,""t"":957},{""x"":776,""y"":594,""t"":990},{""x"":773,""y"":597,""t"":1022},{""x"":780,""y"":583,""t"":1058},{""x"":848,""y"":574,""t"":1092},{""x"":912,""y"":583,""t"":1126},{""x"":962,""y"":565,""t"":1160},{""x"":1009,""y"":557,""t"":1194},{""x"":1019,""y"":539,""t"":1229},{""x"":1060,""y"":548,""t"":1262},{""x"":1055,""y"":546,""t"":1296},{""x"":1112,""y"":553,""t"":1329},{""x"":1092,""y"":557,""t"":1364},{""x"":1114,""y"":598,""t"":1398},{""x"":1156,""y"":638,""t"":1430},{""x"":1174,""y"":682,""t"":1466},{""x"":1165,""y"":697,""t"":1499},{""x"":1154,""y"":717,""t"":1535},{""x"":1117,""y"":717,""t"":1568},{""x"":1076,""y"":722,""t"":1602},{""x"":1053,""y"":738,""t"":1635},{""x"":1009,""y"":734,""t"":1670},{""x"":996,""y"":739,""t"":1703},{""x"":959,""y"":731,""t"":1738},{""x"":945,""y"":736,""t"":1772},{""x"":895,""y"":711,""t"":1805},{""x"":880,""y"":712,""t"":1840},{""x"":864,""y"":709,""t"":1874},{""x"":847,""y"":718,""t"":1908},{""x"":836,""y"":727,""t"":1942},{""x"":847,""y"":738,""t"":1975}]","[{""x"":250,""y"":425,""width"":80,""height"":80,""top"":385,""right"":290,""bottom"":465,""left"":210},{""x"":400,""y"":165.1923788646684,""width"":80,""height"":80,""top"":125.1923788646684,""right"":440,""bottom"":205.1923788646684,""left"":360},{""x"":700,""y"":165.1923788646684,""width"":80,""height"":80,""top"":125.1923788646684,""right"":740,""bottom"":205.1923788646684,""left"":660},{""x"":850,""y"":425,""width"":80,""height"":80,""top"":385,""right"":890,""bottom"":465,""left"":810},{""x"":700,""y"":684.8076211353316,""width"":80,""height"":80,""top"":644.8076211353316,""right"":740,""bottom"":724.8076211353316,""left"":660},{""x"":400,""y"":684.8076211353316,""width"":80,""height"":80,""top"":644.8076211353316,""right"":440,""bottom"":724.8076211353316,""left"":360}]","{""#container"":{""x"":410,""y"":129.390625,""width"":1100,""height"":850,""top"":129.390625,""right"":1510,""bottom"":979.390625,""left"":410}}","[{'yellow': 5}, {'blue': 0}, {'red': 0}, {'green': 2}, {'cyan': 10}, {'purple': 6}]",{'green': 2},cyan
375,,,,442.0,6.0,6.0,"[""purple"",""red"",""blue"",""cyan"",""yellow"",""green""]",cyan,True,"[{""x"":834,""y"":725,""t"":4},{""x"":833,""y"":700,""t"":44},{""x"":833,""y"":708,""t"":75},{""x"":846,""y"":716,""t"":106},{""x"":859,""y"":715,""t"":140},{""x"":885,""y"":697,""t"":174},{""x"":920,""y"":714,""t"":207},{""x"":953,""y"":720,""t"":242},{""x"":981,""y"":731,""t"":275},{""x"":992,""y"":710,""t"":310},{""x"":1019,""y"":699,""t"":344},{""x"":1051,""y"":698,""t"":376},{""x"":1059,""y"":687,""t"":412},{""x"":1078,""y"":693,""t"":445},{""x"":1106,""y"":692,""t"":480},{""x"":1165,""y"":710,""t"":514},{""x"":1185,""y"":720,""t"":547},{""x"":1173,""y"":692,""t"":582},{""x"":1172,""y"":687,""t"":615},{""x"":1197,""y"":674,""t"":649},{""x"":1196,""y"":646,""t"":685},{""x"":1204,""y"":637,""t"":717},{""x"":1172,""y"":617,""t"":752},{""x"":1131,""y"":590,""t"":784},{""x"":1046,""y"":579,""t"":820},{""x"":999,""y"":580,""t"":854},{""x"":951,""y"":587,""t"":887},{""x"":920,""y"":585,""t"":922},{""x"":900,""y"":573,""t"":956},{""x"":879,""y"":586,""t"":990},{""x"":930,""y"":607,""t"":1024},{""x"":983,""y"":613,""t"":1058},{""x"":1041,""y"":644,""t"":1092},{""x"":1084,""y"":664,""t"":1126},{""x"":1103,""y"":653,""t"":1160},{""x"":1153,""y"":662,""t"":1194},{""x"":1180,""y"":683,""t"":1227},{""x"":1171,""y"":685,""t"":1262},{""x"":1131,""y"":675,""t"":1296},{""x"":1114,""y"":685,""t"":1330},{""x"":1096,""y"":691,""t"":1363},{""x"":1088,""y"":680,""t"":1398},{""x"":1079,""y"":699,""t"":1433},{""x"":1089,""y"":736,""t"":1466},{""x"":1086,""y"":724,""t"":1500},{""x"":1086,""y"":725,""t"":1534},{""x"":1082,""y"":708,""t"":1567},{""x"":1071,""y"":698,""t"":1603},{""x"":1050,""y"":686,""t"":1636},{""x"":1025,""y"":710,""t"":1670},{""x"":967,""y"":747,""t"":1705},{""x"":919,""y"":809,""t"":1738},{""x"":878,""y"":823,""t"":1772},{""x"":830,""y"":837,""t"":1806},{""x"":862,""y"":839,""t"":1839},{""x"":858,""y"":816,""t"":1874},{""x"":863,""y"":822,""t"":1908},{""x"":856,""y"":779,""t"":1942},{""x"":869,""y"":753,""t"":1976}]","[{""x"":250,""y"":425,""width"":80,""height"":80,""top"":385,""right"":290,""bottom"":465,""left"":210},{""x"":400,""y"":165.1923788646684,""width"":80,""height"":80,""top"":125.1923788646684,""right"":440,""bottom"":205.1923788646684,""left"":360},{""x"":700,""y"":165.1923788646684,""width"":80,""height"":80,""top"":125.1923788646684,""right"":740,""bottom"":205.1923788646684,""left"":660},{""x"":850,""y"":425,""width"":80,""height"":80,""top"":385,""right"":890,""bottom"":465,""left"":810},{""x"":700,""y"":684.8076211353316,""width"":80,""height"":80,""top"":644.8076211353316,""right"":740,""bottom"":724.8076211353316,""left"":660},{""x"":400,""y"":684.8076211353316,""width"":80,""height"":80,""top"":644.8076211353316,""right"":440,""bottom"":724.8076211353316,""left"":360}]","{""#container"":{""x"":410,""y"":129.390625,""width"":1100,""height"":850,""top"":129.390625,""right"":1510,""bottom"":979.390625,""left"":410}}","[{'purple': 0}, {'red': 0}, {'blue': 0}, {'cyan': 5}, {'yellow': 23}, {'green': 15}]",{'cyan': 5},yellow
376,,,,413.0,3.0,3.0,"[""green"",""yellow"",""red"",""cyan"",""purple"",""blue""]",purple_1,True,"[{""x"":892,""y"":741,""t"":4},{""x"":889,""y"":724,""t"":41},{""x"":905,""y"":712,""t"":77},{""x"":915,""y"":709,""t"":106},{""x"":937,""y"":696,""t"":141},{""x"":956,""y"":709,""t"":173},{""x"":956,""y"":712,""t"":208},{""x"":955,""y"":730,""t"":242},{""x"":960,""y"":734,""t"":276},{""x"":946,""y"":747,""t"":310},{""x"":926,""y"":729,""t"":344},{""x"":965,""y"":732,""t"":378},{""x"":985,""y"":750,""t"":412},{""x"":996,""y"":765,""t"":447},{""x"":1001,""y"":758,""t"":481},{""x"":1028,""y"":752,""t"":513},{""x"":1039,""y"":732,""t"":547},{""x"":1062,""y"":717,""t"":581},{""x"":1089,""y"":697,""t"":616},{""x"":1111,""y"":681,""t"":647},{""x"":1126,""y"":672,""t"":683},{""x"":1122,""y"":664,""t"":718},{""x"":1084,""y"":662,""t"":751},{""x"":1038,""y"":650,""t"":786},{""x"":1021,""y"":660,""t"":820},{""x"":1004,""y"":662,""t"":854},{""x"":977,""y"":653,""t"":888},{""x"":949,""y"":657,""t"":922},{""x"":917,""y"":654,""t"":956},{""x"":922,""y"":654,""t"":989},{""x"":989,""y"":673,""t"":1024},{""x"":1022,""y"":674,""t"":1055},{""x"":1050,""y"":684,""t"":1091},{""x"":1086,""y"":686,""t"":1127},{""x"":1133,""y"":702,""t"":1160},{""x"":1157,""y"":714,""t"":1194},{""x"":1177,""y"":705,""t"":1228},{""x"":1169,""y"":703,""t"":1262},{""x"":1183,""y"":698,""t"":1296},{""x"":1225,""y"":724,""t"":1330},{""x"":1213,""y"":733,""t"":1364},{""x"":1191,""y"":757,""t"":1397},{""x"":1167,""y"":774,""t"":1432},{""x"":1149,""y"":784,""t"":1465},{""x"":1133,""y"":809,""t"":1501},{""x"":1138,""y"":827,""t"":1533},{""x"":1130,""y"":826,""t"":1567},{""x"":1079,""y"":818,""t"":1602},{""x"":1045,""y"":809,""t"":1636},{""x"":1022,""y"":806,""t"":1671},{""x"":985,""y"":777,""t"":1704},{""x"":975,""y"":777,""t"":1738},{""x"":960,""y"":786,""t"":1771},{""x"":984,""y"":794,""t"":1806},{""x"":985,""y"":788,""t"":1841},{""x"":983,""y"":782,""t"":1873},{""x"":986,""y"":793,""t"":1908},{""x"":983,""y"":784,""t"":1941},{""x"":983,""y"":797,""t"":1976}]","[{""x"":250,""y"":425,""width"":80,""height"":80,""top"":385,""right"":290,""bottom"":465,""left"":210},{""x"":400,""y"":165.1923788646684,""width"":80,""height"":80,""top"":125.1923788646684,""right"":440,""bottom"":205.1923788646684,""left"":360},{""x"":700,""y"":165.1923788646684,""width"":80,""height"":80,""top"":125.1923788646684,""right"":740,""bottom"":205.1923788646684,""left"":660},{""x"":850,""y"":425,""width"":80,""height"":80,""top"":385,""right"":890,""bottom"":465,""left"":810},{""x"":700,""y"":684.8076211353316,""width"":80,""height"":80,""top"":644.8076211353316,""right"":740,""bottom"":724.8076211353316,""left"":660},{""x"":400,""y"":684.8076211353316,""width"":80,""height"":80,""top"":644.8076211353316,""right"":440,""bottom"":724.8076211353316,""left"":360}]","{""#container"":{""x"":410,""y"":129.390625,""width"":1100,""height"":850,""top"":129.390625,""right"":1510,""bottom"":979.390625,""left"":410}}","[{'green': 0}, {'yellow': 0}, {'red': 0}, {'cyan': 0}, {'purple': 35}, {'blue': 5}]",{'purple_1': 35},purple_1
377,,,,859.0,6.0,6.0,"[""purple"",""green"",""cyan"",""yellow"",""blue"",""red""]",yellow,True,"[{""x"":977,""y"":771,""t"":4},{""x"":972,""y"":744,""t"":40},{""x"":963,""y"":713,""t"":71},{""x"":962,""y"":698,""t"":106},{""x"":955,""y"":694,""t"":140},{""x"":967,""y"":707,""t"":174},{""x"":972,""y"":707,""t"":207},{""x"":963,""y"":705,""t"":241},{""x"":969,""y"":728,""t"":276},{""x"":991,""y"":725,""t"":310},{""x"":987,""y"":717,""t"":344},{""x"":983,""y"":712,""t"":378},{""x"":979,""y"":705,""t"":412},{""x"":977,""y"":717,""t"":446},{""x"":959,""y"":743,""t"":479},{""x"":939,""y"":758,""t"":514},{""x"":920,""y"":753,""t"":548},{""x"":904,""y"":748,""t"":579},{""x"":897,""y"":796,""t"":616},{""x"":865,""y"":836,""t"":650},{""x"":888,""y"":860,""t"":683},{""x"":917,""y"":861,""t"":718},{""x"":948,""y"":833,""t"":751},{""x"":958,""y"":784,""t"":786},{""x"":1000,""y"":772,""t"":820},{""x"":1065,""y"":755,""t"":854},{""x"":1082,""y"":738,""t"":887},{""x"":1079,""y"":743,""t"":922},{""x"":1096,""y"":770,""t"":956},{""x"":1070,""y"":769,""t"":988},{""x"":1079,""y"":769,""t"":1023},{""x"":1063,""y"":768,""t"":1058},{""x"":1052,""y"":758,""t"":1092},{""x"":1045,""y"":768,""t"":1126},{""x"":1015,""y"":755,""t"":1160},{""x"":1018,""y"":741,""t"":1194},{""x"":1055,""y"":716,""t"":1227},{""x"":1071,""y"":707,""t"":1262},{""x"":1077,""y"":677,""t"":1295},{""x"":1098,""y"":690,""t"":1329},{""x"":1081,""y"":661,""t"":1365},{""x"":1101,""y"":643,""t"":1398},{""x"":1164,""y"":661,""t"":1432},{""x"":1215,""y"":679,""t"":1465},{""x"":1247,""y"":669,""t"":1501},{""x"":1287,""y"":673,""t"":1533},{""x"":1306,""y"":678,""t"":1568},{""x"":1355,""y"":694,""t"":1602},{""x"":1362,""y"":702,""t"":1636},{""x"":1373,""y"":724,""t"":1669},{""x"":1387,""y"":745,""t"":1704},{""x"":1399,""y"":761,""t"":1738},{""x"":1368,""y"":773,""t"":1772},{""x"":1326,""y"":778,""t"":1805},{""x"":1294,""y"":770,""t"":1839},{""x"":1274,""y"":802,""t"":1874},{""x"":1225,""y"":822,""t"":1909},{""x"":1196,""y"":823,""t"":1941},{""x"":1138,""y"":813,""t"":1976}]","[{""x"":250,""y"":425,""width"":80,""height"":80,""top"":385,""right"":290,""bottom"":465,""left"":210},{""x"":400,""y"":165.1923788646684,""width"":80,""height"":80,""top"":125.1923788646684,""right"":440,""bottom"":205.1923788646684,""left"":360},{""x"":700,""y"":165.1923788646684,""width"":80,""height"":80,""top"":125.1923788646684,""right"":740,""bottom"":205.1923788646684,""left"":660},{""x"":850,""y"":425,""width"":80,""height"":80,""top"":385,""right"":890,""bottom"":465,""left"":810},{""x"":700,""y"":684.8076211353316,""width"":80,""height"":80,""top"":644.8076211353316,""right"":740,""bottom"":724.8076211353316,""left"":660},{""x"":400,""y"":684.8076211353316,""width"":80,""height"":80,""top"":644.8076211353316,""right"":440,""bottom"":724.8076211353316,""left"":360}]","{""#container"":{""x"":410,""y"":129.390625,""width"":1100,""height"":850,""top"":129.390625,""right"":1510,""bottom"":979.390625,""left"":410}}","[{'purple': 0}, {'green': 0}, {'cyan': 0}, {'yellow': 5}, {'blue': 21}, {'red': 8}]",{'yellow': 5},blue
378,,,,1119.0,6.0,6.0,"[""yellow"",""purple"",""red"",""cyan"",""green"",""blue""]",cyan_1,True,"[{""x"":1097,""y"":800,""t"":4},{""x"":1058,""y"":784,""t"":42},{""x"":1026,""y"":772,""t"":70},{""x"":1020,""y"":754,""t"":106},{""x"":979,""y"":723,""t"":140},{""x"":983,""y"":726,""t"":174},{""x"":957,""y"":709,""t"":207},{""x"":944,""y"":690,""t"":242},{""x"":929,""y"":684,""t"":276},{""x"":933,""y"":682,""t"":309},{""x"":953,""y"":703,""t"":344},{""x"":991,""y"":720,""t"":378},{""x"":1041,""y"":728,""t"":412},{""x"":1089,""y"":737,""t"":446},{""x"":1111,""y"":749,""t"":480},{""x"":1128,""y"":763,""t"":514},{""x"":1161,""y"":783,""t"":548},{""x"":1164,""y"":796,""t"":581},{""x"":1183,""y"":798,""t"":615},{""x"":1167,""y"":758,""t"":651},{""x"":1171,""y"":738,""t"":684},{""x"":1186,""y"":713,""t"":718},{""x"":1209,""y"":705,""t"":751},{""x"":1202,""y"":697,""t"":785},{""x"":1196,""y"":703,""t"":820},{""x"":1140,""y"":690,""t"":853},{""x"":1101,""y"":662,""t"":887},{""x"":1063,""y"":651,""t"":922},{""x"":1044,""y"":644,""t"":957},{""x"":1043,""y"":659,""t"":990},{""x"":1005,""y"":659,""t"":1023},{""x"":978,""y"":655,""t"":1059},{""x"":956,""y"":632,""t"":1092},{""x"":945,""y"":648,""t"":1125},{""x"":922,""y"":657,""t"":1160},{""x"":941,""y"":657,""t"":1194},{""x"":938,""y"":642,""t"":1227},{""x"":970,""y"":644,""t"":1262},{""x"":1004,""y"":656,""t"":1296},{""x"":1042,""y"":646,""t"":1331},{""x"":1064,""y"":652,""t"":1364},{""x"":1108,""y"":658,""t"":1398},{""x"":1195,""y"":688,""t"":1432},{""x"":1233,""y"":700,""t"":1467},{""x"":1219,""y"":699,""t"":1500},{""x"":1208,""y"":695,""t"":1534},{""x"":1248,""y"":707,""t"":1568},{""x"":1281,""y"":701,""t"":1602},{""x"":1316,""y"":715,""t"":1633},{""x"":1311,""y"":711,""t"":1671},{""x"":1246,""y"":678,""t"":1704},{""x"":1249,""y"":677,""t"":1737},{""x"":1233,""y"":666,""t"":1772},{""x"":1264,""y"":684,""t"":1806},{""x"":1261,""y"":688,""t"":1840},{""x"":1257,""y"":700,""t"":1874},{""x"":1250,""y"":711,""t"":1907},{""x"":1259,""y"":703,""t"":1942},{""x"":1247,""y"":707,""t"":1976}]","[{""x"":250,""y"":425,""width"":80,""height"":80,""top"":385,""right"":290,""bottom"":465,""left"":210},{""x"":400,""y"":165.1923788646684,""width"":80,""height"":80,""top"":125.1923788646684,""right"":440,""bottom"":205.1923788646684,""left"":360},{""x"":700,""y"":165.1923788646684,""width"":80,""height"":80,""top"":125.1923788646684,""right"":740,""bottom"":205.1923788646684,""left"":660},{""x"":850,""y"":425,""width"":80,""height"":80,""top"":385,""right"":890,""bottom"":465,""left"":810},{""x"":700,""y"":684.8076211353316,""width"":80,""height"":80,""top"":644.8076211353316,""right"":740,""bottom"":724.8076211353316,""left"":660},{""x"":400,""y"":684.8076211353316,""width"":80,""height"":80,""top"":644.8076211353316,""right"":440,""bottom"":724.8076211353316,""left"":360}]","{""#container"":{""x"":410,""y"":129.390625,""width"":1100,""height"":850,""top"":129.390625,""right"":1510,""bottom"":979.390625,""left"":410}}","[{'yellow': 0}, {'purple': 0}, {'red': 0}, {'cyan': 11}, {'green': 18}, {'blue': 0}]",{'cyan_1': 11},green
379,,,,1335.0,7.0,7.0,"[""purple"",""green"",""yellow"",""red"",""blue"",""cyan""]",green,True,"[{""x"":1188,""y"":720,""t"":4},{""x"":1143,""y"":728,""t"":44},{""x"":1100,""y"":738,""t"":76},{""x"":1052,""y"":746,""t"":105},{""x"":997,""y"":744,""t"":140},{""x"":972,""y"":747,""t"":173},{""x"":954,""y"":738,""t"":207},{""x"":940,""y"":731,""t"":242},{""x"":931,""y"":719,""t"":277},{""x"":924,""y"":701,""t"":309},{""x"":943,""y"":707,""t"":344},{""x"":940,""y"":708,""t"":378},{""x"":918,""y"":699,""t"":412},{""x"":901,""y"":714,""t"":446},{""x"":948,""y"":743,""t"":480},{""x"":953,""y"":756,""t"":514},{""x"":962,""y"":746,""t"":548},{""x"":965,""y"":748,""t"":581},{""x"":976,""y"":737,""t"":617},{""x"":1002,""y"":724,""t"":650},{""x"":1025,""y"":705,""t"":684},{""x"":1052,""y"":695,""t"":718},{""x"":1090,""y"":700,""t"":752},{""x"":1096,""y"":704,""t"":785},{""x"":1085,""y"":688,""t"":820},{""x"":1075,""y"":675,""t"":852},{""x"":1073,""y"":674,""t"":887},{""x"":1058,""y"":670,""t"":922},{""x"":1072,""y"":652,""t"":957},{""x"":1080,""y"":649,""t"":990},{""x"":1068,""y"":652,""t"":1025},{""x"":1079,""y"":637,""t"":1058},{""x"":1095,""y"":625,""t"":1092},{""x"":1086,""y"":616,""t"":1126},{""x"":1123,""y"":616,""t"":1160},{""x"":1145,""y"":612,""t"":1194},{""x"":1132,""y"":614,""t"":1228},{""x"":1130,""y"":613,""t"":1260},{""x"":1118,""y"":616,""t"":1296},{""x"":1111,""y"":632,""t"":1330},{""x"":1100,""y"":622,""t"":1363},{""x"":1105,""y"":637,""t"":1399},{""x"":1138,""y"":651,""t"":1432},{""x"":1130,""y"":664,""t"":1466},{""x"":1136,""y"":706,""t"":1500},{""x"":1104,""y"":731,""t"":1534},{""x"":1092,""y"":743,""t"":1568},{""x"":1065,""y"":747,""t"":1602},{""x"":1068,""y"":771,""t"":1636},{""x"":1054,""y"":778,""t"":1671},{""x"":1038,""y"":785,""t"":1704},{""x"":1012,""y"":791,""t"":1738},{""x"":991,""y"":776,""t"":1773},{""x"":1021,""y"":792,""t"":1806},{""x"":1007,""y"":789,""t"":1841},{""x"":990,""y"":781,""t"":1874},{""x"":969,""y"":756,""t"":1908},{""x"":974,""y"":764,""t"":1941},{""x"":966,""y"":746,""t"":1977}]","[{""x"":250,""y"":425,""width"":80,""height"":80,""top"":385,""right"":290,""bottom"":465,""left"":210},{""x"":400,""y"":165.1923788646684,""width"":80,""height"":80,""top"":125.1923788646684,""right"":440,""bottom"":205.1923788646684,""left"":360},{""x"":700,""y"":165.1923788646684,""width"":80,""height"":80,""top"":125.1923788646684,""right"":740,""bottom"":205.1923788646684,""left"":660},{""x"":850,""y"":425,""width"":80,""height"":80,""top"":385,""right"":890,""bottom"":465,""left"":810},{""x"":700,""y"":684.8076211353316,""width"":80,""height"":80,""top"":644.8076211353316,""right"":740,""bottom"":724.8076211353316,""left"":660},{""x"":400,""y"":684.8076211353316,""width"":80,""height"":80,""top"":644.8076211353316,""right"":440,""bottom"":724.8076211353316,""left"":360}]","{""#container"":{""x"":410,""y"":129.390625,""width"":1100,""height"":850,""top"":129.390625,""right"":1510,""bottom"":979.390625,""left"":410}}","[{'purple': 0}, {'green': 0}, {'yellow': 0}, {'red': 3}, {'blue': 26}, {'cyan': 1}]",,blue
380,,,,1023.0,7.0,7.0,"[""yellow"",""red"",""cyan"",""purple"",""blue"",""green""]",red_1,True,"[{""x"":923,""y"":717,""t"":5},{""x"":918,""y"":717,""t"":47},{""x"":938,""y"":712,""t"":76},{""x"":917,""y"":705,""t"":106},{""x"":903,""y"":720,""t"":140},{""x"":901,""y"":732,""t"":174},{""x"":914,""y"":757,""t"":208},{""x"":893,""y"":731,""t"":241},{""x"":912,""y"":738,""t"":276},{""x"":914,""y"":742,""t"":311},{""x"":900,""y"":732,""t"":344},{""x"":897,""y"":720,""t"":379},{""x"":945,""y"":719,""t"":412},{""x"":961,""y"":712,""t"":447},{""x"":1008,""y"":715,""t"":481},{""x"":1027,""y"":705,""t"":514},{""x"":1001,""y"":690,""t"":549},{""x"":982,""y"":687,""t"":582},{""x"":955,""y"":676,""t"":617},{""x"":952,""y"":673,""t"":649},{""x"":958,""y"":655,""t"":684},{""x"":948,""y"":648,""t"":717},{""x"":929,""y"":640,""t"":751},{""x"":911,""y"":614,""t"":786},{""x"":915,""y"":604,""t"":819},{""x"":906,""y"":598,""t"":853},{""x"":941,""y"":626,""t"":887},{""x"":968,""y"":662,""t"":922},{""x"":996,""y"":681,""t"":957},{""x"":1028,""y"":683,""t"":990},{""x"":1039,""y"":679,""t"":1024},{""x"":1062,""y"":686,""t"":1062},{""x"":1156,""y"":729,""t"":1091},{""x"":1184,""y"":730,""t"":1127},{""x"":1149,""y"":738,""t"":1159},{""x"":1142,""y"":714,""t"":1194},{""x"":1163,""y"":702,""t"":1228},{""x"":1172,""y"":698,""t"":1262},{""x"":1155,""y"":676,""t"":1295},{""x"":1151,""y"":640,""t"":1330},{""x"":1149,""y"":643,""t"":1363},{""x"":1179,""y"":632,""t"":1398},{""x"":1163,""y"":617,""t"":1432},{""x"":1144,""y"":599,""t"":1463},{""x"":1146,""y"":608,""t"":1499},{""x"":1132,""y"":625,""t"":1533},{""x"":1093,""y"":637,""t"":1568},{""x"":1051,""y"":673,""t"":1602},{""x"":1013,""y"":704,""t"":1636},{""x"":987,""y"":733,""t"":1670},{""x"":973,""y"":758,""t"":1704},{""x"":962,""y"":775,""t"":1738},{""x"":936,""y"":781,""t"":1771},{""x"":923,""y"":785,""t"":1806},{""x"":914,""y"":786,""t"":1838},{""x"":919,""y"":776,""t"":1874},{""x"":916,""y"":771,""t"":1908},{""x"":921,""y"":779,""t"":1943},{""x"":937,""y"":774,""t"":1976}]","[{""x"":250,""y"":425,""width"":80,""height"":80,""top"":385,""right"":290,""bottom"":465,""left"":210},{""x"":400,""y"":165.1923788646684,""width"":80,""height"":80,""top"":125.1923788646684,""right"":440,""bottom"":205.1923788646684,""left"":360},{""x"":700,""y"":165.1923788646684,""width"":80,""height"":80,""top"":125.1923788646684,""right"":740,""bottom"":205.1923788646684,""left"":660},{""x"":850,""y"":425,""width"":80,""height"":80,""top"":385,""right"":890,""bottom"":465,""left"":810},{""x"":700,""y"":684.8076211353316,""width"":80,""height"":80,""top"":644.8076211353316,""right"":740,""bottom"":724.8076211353316,""left"":660},{""x"":400,""y"":684.8076211353316,""width"":80,""height"":80,""top"":644.8076211353316,""right"":440,""bottom"":724.8076211353316,""left"":360}]","{""#container"":{""x"":410,""y"":129.390625,""width"":1100,""height"":850,""top"":129.390625,""right"":1510,""bottom"":979.390625,""left"":410}}","[{'yellow': 0}, {'red': 0}, {'cyan': 0}, {'purple': 7}, {'blue': 13}, {'green': 17}]",,green
381,,,,366.0,3.0,3.0,"[""green"",""yellow"",""purple"",""blue"",""cyan"",""red""]",cyan_1,True,"[{""x"":910,""y"":737,""t"":4},{""x"":910,""y"":727,""t"":50},{""x"":931,""y"":741,""t"":80},{""x"":935,""y"":741,""t"":109},{""x"":937,""y"":729,""t"":140},{""x"":942,""y"":725,""t"":174},{""x"":950,""y"":716,""t"":208},{""x"":965,""y"":700,""t"":241},{""x"":974,""y"":702,""t"":275},{""x"":985,""y"":707,""t"":309},{""x"":985,""y"":708,""t"":344},{""x"":972,""y"":693,""t"":379},{""x"":927,""y"":696,""t"":412},{""x"":910,""y"":721,""t"":446},{""x"":898,""y"":723,""t"":481},{""x"":892,""y"":748,""t"":514},{""x"":885,""y"":755,""t"":549},{""x"":882,""y"":775,""t"":582},{""x"":877,""y"":813,""t"":617},{""x"":877,""y"":824,""t"":650},{""x"":868,""y"":837,""t"":684},{""x"":899,""y"":787,""t"":719},{""x"":941,""y"":755,""t"":749},{""x"":987,""y"":727,""t"":786},{""x"":1017,""y"":704,""t"":820},{""x"":1006,""y"":660,""t"":854},{""x"":1040,""y"":641,""t"":887},{""x"":1061,""y"":631,""t"":922},{""x"":1064,""y"":601,""t"":956},{""x"":1135,""y"":612,""t"":991},{""x"":1205,""y"":619,""t"":1023},{""x"":1253,""y"":617,""t"":1058},{""x"":1261,""y"":610,""t"":1099},{""x"":1280,""y"":628,""t"":1128},{""x"":1293,""y"":645,""t"":1158},{""x"":1283,""y"":644,""t"":1194},{""x"":1291,""y"":668,""t"":1228},{""x"":1271,""y"":695,""t"":1263},{""x"":1254,""y"":710,""t"":1296},{""x"":1210,""y"":731,""t"":1329},{""x"":1204,""y"":740,""t"":1364},{""x"":1172,""y"":739,""t"":1397},{""x"":1159,""y"":757,""t"":1432},{""x"":1162,""y"":765,""t"":1466},{""x"":1186,""y"":772,""t"":1500},{""x"":1197,""y"":776,""t"":1534},{""x"":1210,""y"":787,""t"":1568},{""x"":1208,""y"":783,""t"":1602},{""x"":1168,""y"":797,""t"":1635},{""x"":1087,""y"":774,""t"":1670},{""x"":1043,""y"":765,""t"":1704},{""x"":1009,""y"":777,""t"":1738},{""x"":956,""y"":764,""t"":1772},{""x"":937,""y"":748,""t"":1807},{""x"":951,""y"":747,""t"":1839},{""x"":948,""y"":740,""t"":1873},{""x"":933,""y"":733,""t"":1908},{""x"":928,""y"":718,""t"":1942},{""x"":925,""y"":714,""t"":1976}]","[{""x"":250,""y"":425,""width"":80,""height"":80,""top"":385,""right"":290,""bottom"":465,""left"":210},{""x"":400,""y"":165.1923788646684,""width"":80,""height"":80,""top"":125.1923788646684,""right"":440,""bottom"":205.1923788646684,""left"":360},{""x"":700,""y"":165.1923788646684,""width"":80,""height"":80,""top"":125.1923788646684,""right"":740,""bottom"":205.1923788646684,""left"":660},{""x"":850,""y"":425,""width"":80,""height"":80,""top"":385,""right"":890,""bottom"":465,""left"":810},{""x"":700,""y"":684.8076211353316,""width"":80,""height"":80,""top"":644.8076211353316,""right"":740,""bottom"":724.8076211353316,""left"":660},{""x"":400,""y"":684.8076211353316,""width"":80,""height"":80,""top"":644.8076211353316,""right"":440,""bottom"":724.8076211353316,""left"":360}]","{""#container"":{""x"":410,""y"":129.390625,""width"":1100,""height"":850,""top"":129.390625,""right"":1510,""bottom"":979.390625,""left"":410}}","[{'green': 0}, {'yellow': 0}, {'purple': 0}, {'blue': 9}, {'cyan': 14}, {'red': 16}]",{'cyan_1': 14},red
382,,,,1058.0,1.0,1.0,"[""red"",""yellow"",""blue"",""cyan"",""green"",""purple""]",purple_1,True,"[{""x"":923,""y"":707,""t"":4},{""x"":944,""y"":701,""t"":43},{""x"":951,""y"":686,""t"":72},{""x"":960,""y"":675,""t"":106},{""x"":971,""y"":677,""t"":140},{""x"":998,""y"":681,""t"":174},{""x"":1017,""y"":672,""t"":208},{""x"":1033,""y"":674,""t"":242},{""x"":1027,""y"":661,""t"":275},{""x"":1028,""y"":649,""t"":310},{""x"":1010,""y"":649,""t"":345},{""x"":1039,""y"":658,""t"":377},{""x"":1030,""y"":666,""t"":412},{""x"":1024,""y"":652,""t"":446},{""x"":1023,""y"":641,""t"":480},{""x"":1016,""y"":636,""t"":514},{""x"":996,""y"":640,""t"":548},{""x"":1016,""y"":662,""t"":582},{""x"":1027,""y"":680,""t"":615},{""x"":1022,""y"":685,""t"":650},{""x"":1042,""y"":694,""t"":684},{""x"":1029,""y"":703,""t"":717},{""x"":1013,""y"":746,""t"":751},{""x"":1001,""y"":835,""t"":787},{""x"":994,""y"":892,""t"":820},{""x"":976,""y"":881,""t"":853},{""x"":1016,""y"":878,""t"":888},{""x"":996,""y"":800,""t"":922},{""x"":986,""y"":737,""t"":957},{""x"":991,""y"":726,""t"":990},{""x"":976,""y"":699,""t"":1024},{""x"":1008,""y"":691,""t"":1057},{""x"":1002,""y"":687,""t"":1092},{""x"":992,""y"":675,""t"":1126},{""x"":976,""y"":636,""t"":1160},{""x"":1008,""y"":627,""t"":1195},{""x"":1010,""y"":614,""t"":1228},{""x"":1026,""y"":613,""t"":1261},{""x"":1044,""y"":602,""t"":1296},{""x"":1070,""y"":618,""t"":1329},{""x"":1115,""y"":613,""t"":1364},{""x"":1121,""y"":615,""t"":1398},{""x"":1138,""y"":629,""t"":1433},{""x"":1149,""y"":634,""t"":1466},{""x"":1112,""y"":628,""t"":1500},{""x"":1078,""y"":622,""t"":1532},{""x"":1044,""y"":623,""t"":1568},{""x"":1018,""y"":618,""t"":1602},{""x"":988,""y"":618,""t"":1636},{""x"":942,""y"":607,""t"":1670},{""x"":954,""y"":607,""t"":1705},{""x"":933,""y"":625,""t"":1738},{""x"":928,""y"":614,""t"":1772},{""x"":920,""y"":645,""t"":1805},{""x"":904,""y"":653,""t"":1840},{""x"":941,""y"":687,""t"":1874},{""x"":968,""y"":710,""t"":1908},{""x"":992,""y"":728,""t"":1940},{""x"":1025,""y"":722,""t"":1977}]","[{""x"":250,""y"":425,""width"":80,""height"":80,""top"":385,""right"":290,""bottom"":465,""left"":210},{""x"":400,""y"":165.1923788646684,""width"":80,""height"":80,""top"":125.1923788646684,""right"":440,""bottom"":205.1923788646684,""left"":360},{""x"":700,""y"":165.1923788646684,""width"":80,""height"":80,""top"":125.1923788646684,""right"":740,""bottom"":205.1923788646684,""left"":660},{""x"":850,""y"":425,""width"":80,""height"":80,""top"":385,""right"":890,""bottom"":465,""left"":810},{""x"":700,""y"":684.8076211353316,""width"":80,""height"":80,""top"":644.8076211353316,""right"":740,""bottom"":724.8076211353316,""left"":660},{""x"":400,""y"":684.8076211353316,""width"":80,""height"":80,""top"":644.8076211353316,""right"":440,""bottom"":724.8076211353316,""left"":360}]","{""#container"":{""x"":410,""y"":129.390625,""width"":1100,""height"":850,""top"":129.390625,""right"":1510,""bottom"":979.390625,""left"":410}}","[{'red': 0}, {'yellow': 0}, {'blue': 0}, {'cyan': 2}, {'green': 12}, {'purple': 0}]",,green
383,,,,693.0,9.0,9.0,"[""blue"",""purple"",""cyan"",""yellow"",""green"",""red""]",cyan_1,True,"[{""x"":991,""y"":721,""t"":3},{""x"":981,""y"":728,""t"":38},{""x"":991,""y"":728,""t"":72},{""x"":989,""y"":718,""t"":107},{""x"":978,""y"":714,""t"":140},{""x"":978,""y"":724,""t"":174},{""x"":995,""y"":713,""t"":208},{""x"":980,""y"":715,""t"":242},{""x"":954,""y"":690,""t"":276},{""x"":967,""y"":683,""t"":310},{""x"":967,""y"":662,""t"":344},{""x"":977,""y"":660,""t"":378},{""x"":998,""y"":685,""t"":411},{""x"":1000,""y"":699,""t"":447},{""x"":1001,""y"":716,""t"":480},{""x"":1002,""y"":721,""t"":514},{""x"":1007,""y"":732,""t"":548},{""x"":1006,""y"":726,""t"":582},{""x"":992,""y"":722,""t"":616},{""x"":982,""y"":724,""t"":650},{""x"":1012,""y"":717,""t"":684},{""x"":1054,""y"":726,""t"":719},{""x"":1097,""y"":724,""t"":751},{""x"":1122,""y"":710,""t"":786},{""x"":1150,""y"":702,""t"":818},{""x"":1153,""y"":713,""t"":854},{""x"":1186,""y"":714,""t"":889},{""x"":1200,""y"":700,""t"":922},{""x"":1201,""y"":703,""t"":956},{""x"":1212,""y"":699,""t"":990},{""x"":1216,""y"":702,""t"":1024},{""x"":1236,""y"":710,""t"":1057},{""x"":1217,""y"":701,""t"":1092},{""x"":1228,""y"":682,""t"":1126},{""x"":1219,""y"":687,""t"":1159},{""x"":1210,""y"":691,""t"":1191},{""x"":1176,""y"":719,""t"":1229},{""x"":1127,""y"":800,""t"":1262},{""x"":1073,""y"":865,""t"":1297},{""x"":1045,""y"":867,""t"":1330},{""x"":1008,""y"":855,""t"":1364},{""x"":974,""y"":827,""t"":1398},{""x"":949,""y"":799,""t"":1432},{""x"":953,""y"":758,""t"":1466},{""x"":982,""y"":736,""t"":1500},{""x"":1022,""y"":740,""t"":1534},{""x"":1040,""y"":716,""t"":1568},{""x"":1064,""y"":689,""t"":1599},{""x"":1111,""y"":671,""t"":1636},{""x"":1100,""y"":628,""t"":1669},{""x"":1135,""y"":650,""t"":1704},{""x"":1132,""y"":625,""t"":1737},{""x"":1118,""y"":625,""t"":1772},{""x"":1110,""y"":644,""t"":1805},{""x"":1111,""y"":656,""t"":1840},{""x"":1140,""y"":649,""t"":1873},{""x"":1122,""y"":653,""t"":1908},{""x"":1109,""y"":629,""t"":1941},{""x"":1101,""y"":633,""t"":1977}]","[{""x"":250,""y"":425,""width"":80,""height"":80,""top"":385,""right"":290,""bottom"":465,""left"":210},{""x"":400,""y"":165.1923788646684,""width"":80,""height"":80,""top"":125.1923788646684,""right"":440,""bottom"":205.1923788646684,""left"":360},{""x"":700,""y"":165.1923788646684,""width"":80,""height"":80,""top"":125.1923788646684,""right"":740,""bottom"":205.1923788646684,""left"":660},{""x"":850,""y"":425,""width"":80,""height"":80,""top"":385,""right"":890,""bottom"":465,""left"":810},{""x"":700,""y"":684.8076211353316,""width"":80,""height"":80,""top"":644.8076211353316,""right"":740,""bottom"":724.8076211353316,""left"":660},{""x"":400,""y"":684.8076211353316,""width"":80,""height"":80,""top"":644.8076211353316,""right"":440,""bottom"":724.8076211353316,""left"":360}]","{""#container"":{""x"":410,""y"":129.390625,""width"":1100,""height"":850,""top"":129.390625,""right"":1510,""bottom"":979.390625,""left"":410}}","[{'blue': 0}, {'purple': 0}, {'cyan': 0}, {'yellow': 4}, {'green': 26}, {'red': 1}]",,green
384,,,,1242.0,7.0,7.0,"[""cyan"",""yellow"",""red"",""green"",""blue"",""purple""]",yellow,True,"[{""x"":1052,""y"":638,""t"":4},{""x"":1017,""y"":657,""t"":38},{""x"":1009,""y"":675,""t"":75},{""x"":983,""y"":680,""t"":105},{""x"":957,""y"":688,""t"":140},{""x"":947,""y"":709,""t"":173},{""x"":939,""y"":722,""t"":208},{""x"":930,""y"":728,""t"":243},{""x"":946,""y"":718,""t"":276},{""x"":943,""y"":726,""t"":310},{""x"":962,""y"":716,""t"":344},{""x"":969,""y"":726,""t"":377},{""x"":961,""y"":722,""t"":412},{""x"":958,""y"":725,""t"":443},{""x"":954,""y"":710,""t"":479},{""x"":965,""y"":697,""t"":513},{""x"":1012,""y"":682,""t"":548},{""x"":1042,""y"":653,""t"":581},{""x"":1066,""y"":618,""t"":615},{""x"":1081,""y"":622,""t"":649},{""x"":1081,""y"":596,""t"":683},{""x"":1085,""y"":625,""t"":718},{""x"":1065,""y"":665,""t"":751},{""x"":1053,""y"":722,""t"":786},{""x"":1053,""y"":747,""t"":820},{""x"":1061,""y"":761,""t"":853},{""x"":1076,""y"":756,""t"":887},{""x"":1063,""y"":715,""t"":922},{""x"":1088,""y"":682,""t"":955},{""x"":1077,""y"":655,""t"":990},{""x"":1084,""y"":634,""t"":1023},{""x"":1070,""y"":632,""t"":1058},{""x"":1081,""y"":623,""t"":1091},{""x"":1075,""y"":616,""t"":1126},{""x"":1066,""y"":603,""t"":1160},{""x"":1075,""y"":596,""t"":1194},{""x"":1085,""y"":598,""t"":1228},{""x"":1086,""y"":592,""t"":1261},{""x"":1079,""y"":584,""t"":1296},{""x"":1086,""y"":587,""t"":1340},{""x"":1148,""y"":640,""t"":1368},{""x"":1153,""y"":670,""t"":1398},{""x"":1169,""y"":704,""t"":1432},{""x"":1149,""y"":728,""t"":1466},{""x"":1136,""y"":725,""t"":1500},{""x"":1068,""y"":716,""t"":1534},{""x"":1033,""y"":748,""t"":1568},{""x"":960,""y"":759,""t"":1602},{""x"":926,""y"":759,""t"":1635},{""x"":930,""y"":777,""t"":1670},{""x"":914,""y"":798,""t"":1704},{""x"":915,""y"":812,""t"":1737},{""x"":918,""y"":819,""t"":1771},{""x"":919,""y"":829,""t"":1806},{""x"":938,""y"":850,""t"":1839},{""x"":926,""y"":823,""t"":1874},{""x"":935,""y"":829,""t"":1908},{""x"":966,""y"":801,""t"":1942},{""x"":1029,""y"":807,""t"":1976}]","[{""x"":250,""y"":425,""width"":80,""height"":80,""top"":385,""right"":290,""bottom"":465,""left"":210},{""x"":400,""y"":165.1923788646684,""width"":80,""height"":80,""top"":125.1923788646684,""right"":440,""bottom"":205.1923788646684,""left"":360},{""x"":700,""y"":165.1923788646684,""width"":80,""height"":80,""top"":125.1923788646684,""right"":740,""bottom"":205.1923788646684,""left"":660},{""x"":850,""y"":425,""width"":80,""height"":80,""top"":385,""right"":890,""bottom"":465,""left"":810},{""x"":700,""y"":684.8076211353316,""width"":80,""height"":80,""top"":644.8076211353316,""right"":740,""bottom"":724.8076211353316,""left"":660},{""x"":400,""y"":684.8076211353316,""width"":80,""height"":80,""top"":644.8076211353316,""right"":440,""bottom"":724.8076211353316,""left"":360}]","{""#container"":{""x"":410,""y"":129.390625,""width"":1100,""height"":850,""top"":129.390625,""right"":1510,""bottom"":979.390625,""left"":410}}","[{'cyan': 0}, {'yellow': 0}, {'red': 0}, {'green': 1}, {'blue': 13}, {'purple': 10}]",,blue
385,,,,1020.0,9.0,9.0,"[""green"",""purple"",""yellow"",""red"",""blue"",""cyan""]",yellow_1,True,"[{""x"":1008,""y"":771,""t"":4},{""x"":1003,""y"":746,""t"":48},{""x"":994,""y"":717,""t"":77},{""x"":988,""y"":705,""t"":106},{""x"":985,""y"":711,""t"":140},{""x"":990,""y"":715,""t"":174},{""x"":994,""y"":713,""t"":209},{""x"":976,""y"":713,""t"":242},{""x"":963,""y"":699,""t"":276},{""x"":940,""y"":677,""t"":308},{""x"":930,""y"":671,""t"":343},{""x"":949,""y"":653,""t"":378},{""x"":999,""y"":636,""t"":411},{""x"":1022,""y"":623,""t"":446},{""x"":1059,""y"":618,""t"":479},{""x"":1081,""y"":630,""t"":514},{""x"":1073,""y"":597,""t"":549},{""x"":1110,""y"":614,""t"":582},{""x"":1104,""y"":591,""t"":615},{""x"":1060,""y"":618,""t"":650},{""x"":1046,""y"":654,""t"":684},{""x"":1016,""y"":655,""t"":717},{""x"":972,""y"":670,""t"":751},{""x"":944,""y"":671,""t"":786},{""x"":918,""y"":658,""t"":821},{""x"":871,""y"":632,""t"":854},{""x"":868,""y"":637,""t"":887},{""x"":852,""y"":657,""t"":922},{""x"":859,""y"":665,""t"":956},{""x"":850,""y"":659,""t"":989},{""x"":849,""y"":653,""t"":1024},{""x"":861,""y"":661,""t"":1058},{""x"":852,""y"":651,""t"":1092},{""x"":873,""y"":649,""t"":1125},{""x"":929,""y"":672,""t"":1159},{""x"":967,""y"":688,""t"":1194},{""x"":1016,""y"":707,""t"":1228},{""x"":1053,""y"":721,""t"":1262},{""x"":1080,""y"":739,""t"":1296},{""x"":1116,""y"":731,""t"":1330},{""x"":1118,""y"":740,""t"":1365},{""x"":1117,""y"":727,""t"":1398},{""x"":1103,""y"":743,""t"":1432},{""x"":1071,""y"":766,""t"":1466},{""x"":1009,""y"":784,""t"":1497},{""x"":960,""y"":794,""t"":1534},{""x"":918,""y"":806,""t"":1567},{""x"":893,""y"":808,""t"":1602},{""x"":870,""y"":828,""t"":1636},{""x"":853,""y"":828,""t"":1671},{""x"":855,""y"":816,""t"":1703},{""x"":833,""y"":811,""t"":1738},{""x"":832,""y"":829,""t"":1772},{""x"":851,""y"":817,""t"":1806},{""x"":871,""y"":817,""t"":1839},{""x"":887,""y"":808,""t"":1873},{""x"":912,""y"":813,""t"":1905},{""x"":918,""y"":811,""t"":1942},{""x"":921,""y"":803,""t"":1976}]","[{""x"":250,""y"":425,""width"":80,""height"":80,""top"":385,""right"":290,""bottom"":465,""left"":210},{""x"":400,""y"":165.1923788646684,""width"":80,""height"":80,""top"":125.1923788646684,""right"":440,""bottom"":205.1923788646684,""left"":360},{""x"":700,""y"":165.1923788646684,""width"":80,""height"":80,""top"":125.1923788646684,""right"":740,""bottom"":205.1923788646684,""left"":660},{""x"":850,""y"":425,""width"":80,""height"":80,""top"":385,""right"":890,""bottom"":465,""left"":810},{""x"":700,""y"":684.8076211353316,""width"":80,""height"":80,""top"":644.8076211353316,""right"":740,""bottom"":724.8076211353316,""left"":660},{""x"":400,""y"":684.8076211353316,""width"":80,""height"":80,""top"":644.8076211353316,""right"":440,""bottom"":724.8076211353316,""left"":360}]","{""#container"":{""x"":410,""y"":129.390625,""width"":1100,""height"":850,""top"":129.390625,""right"":1510,""bottom"":979.390625,""left"":410}}","[{'green': 0}, {'purple': 0}, {'yellow': 0}, {'red': 0}, {'blue': 11}, {'cyan': 13}]",,cyan
386,,,,2507.0,1.0,1.0,"[""yellow"",""red"",""purple"",""cyan"",""green"",""blue""]",blue,True,"[{""x"":926,""y"":774,""t"":4},{""x"":963,""y"":768,""t"":38},{""x"":969,""y"":758,""t"":72},{""x"":976,""y"":749,""t"":108},{""x"":975,""y"":752,""t"":139},{""x"":968,""y"":718,""t"":174},{""x"":963,""y"":718,""t"":208},{""x"":945,""y"":696,""t"":242},{""x"":938,""y"":694,""t"":276},{""x"":937,""y"":669,""t"":310},{""x"":954,""y"":678,""t"":344},{""x"":979,""y"":656,""t"":378},{""x"":999,""y"":639,""t"":411},{""x"":994,""y"":596,""t"":446},{""x"":966,""y"":582,""t"":480},{""x"":948,""y"":545,""t"":513},{""x"":920,""y"":552,""t"":548},{""x"":943,""y"":552,""t"":582},{""x"":952,""y"":560,""t"":616},{""x"":954,""y"":549,""t"":651},{""x"":1000,""y"":552,""t"":684},{""x"":1033,""y"":554,""t"":718},{""x"":1050,""y"":548,""t"":751},{""x"":1075,""y"":548,""t"":786},{""x"":1088,""y"":556,""t"":818},{""x"":1104,""y"":577,""t"":855},{""x"":1087,""y"":605,""t"":888},{""x"":1082,""y"":652,""t"":923},{""x"":1083,""y"":720,""t"":956},{""x"":1069,""y"":711,""t"":990},{""x"":1047,""y"":713,""t"":1024},{""x"":1016,""y"":711,""t"":1059},{""x"":1035,""y"":711,""t"":1092},{""x"":1036,""y"":705,""t"":1126},{""x"":1036,""y"":696,""t"":1159},{""x"":1041,""y"":692,""t"":1195},{""x"":1055,""y"":670,""t"":1228},{""x"":1056,""y"":643,""t"":1262},{""x"":1073,""y"":661,""t"":1296},{""x"":1078,""y"":665,""t"":1330},{""x"":1106,""y"":660,""t"":1364},{""x"":1140,""y"":671,""t"":1397},{""x"":1137,""y"":656,""t"":1432},{""x"":1172,""y"":655,""t"":1467},{""x"":1156,""y"":631,""t"":1500},{""x"":1193,""y"":623,""t"":1534},{""x"":1211,""y"":622,""t"":1568},{""x"":1235,""y"":643,""t"":1601},{""x"":1182,""y"":639,""t"":1636},{""x"":1126,""y"":662,""t"":1670},{""x"":1061,""y"":671,""t"":1704},{""x"":1012,""y"":676,""t"":1738},{""x"":961,""y"":671,""t"":1772},{""x"":909,""y"":679,""t"":1805},{""x"":863,""y"":689,""t"":1840},{""x"":866,""y"":702,""t"":1874},{""x"":892,""y"":726,""t"":1908},{""x"":922,""y"":736,""t"":1941},{""x"":948,""y"":742,""t"":1976}]","[{""x"":250,""y"":425,""width"":80,""height"":80,""top"":385,""right"":290,""bottom"":465,""left"":210},{""x"":400,""y"":165.1923788646684,""width"":80,""height"":80,""top"":125.1923788646684,""right"":440,""bottom"":205.1923788646684,""left"":360},{""x"":700,""y"":165.1923788646684,""width"":80,""height"":80,""top"":125.1923788646684,""right"":740,""bottom"":205.1923788646684,""left"":660},{""x"":850,""y"":425,""width"":80,""height"":80,""top"":385,""right"":890,""bottom"":465,""left"":810},{""x"":700,""y"":684.8076211353316,""width"":80,""height"":80,""top"":644.8076211353316,""right"":740,""bottom"":724.8076211353316,""left"":660},{""x"":400,""y"":684.8076211353316,""width"":80,""height"":80,""top"":644.8076211353316,""right"":440,""bottom"":724.8076211353316,""left"":360}]","{""#container"":{""x"":410,""y"":129.390625,""width"":1100,""height"":850,""top"":129.390625,""right"":1510,""bottom"":979.390625,""left"":410}}","[{'yellow': 0}, {'red': 0}, {'purple': 0}, {'cyan': 6}, {'green': 11}, {'blue': 5}]",{'blue': 5},green
387,,,,659.0,6.0,6.0,"[""purple"",""yellow"",""blue"",""red"",""cyan"",""green""]",red_1,True,"[{""x"":944,""y"":735,""t"":4},{""x"":939,""y"":726,""t"":45},{""x"":950,""y"":740,""t"":75},{""x"":955,""y"":748,""t"":107},{""x"":953,""y"":747,""t"":140},{""x"":957,""y"":761,""t"":174},{""x"":970,""y"":766,""t"":209},{""x"":966,""y"":762,""t"":242},{""x"":958,""y"":755,""t"":276},{""x"":964,""y"":749,""t"":310},{""x"":948,""y"":739,""t"":343},{""x"":950,""y"":713,""t"":377},{""x"":1025,""y"":703,""t"":412},{""x"":1043,""y"":691,""t"":445},{""x"":1084,""y"":682,""t"":480},{""x"":1102,""y"":661,""t"":514},{""x"":1101,""y"":650,""t"":548},{""x"":1047,""y"":665,""t"":583},{""x"":1053,""y"":674,""t"":613},{""x"":1052,""y"":687,""t"":650},{""x"":1022,""y"":676,""t"":684},{""x"":1001,""y"":685,""t"":718},{""x"":997,""y"":675,""t"":751},{""x"":996,""y"":676,""t"":786},{""x"":983,""y"":682,""t"":820},{""x"":979,""y"":678,""t"":855},{""x"":1045,""y"":671,""t"":888},{""x"":1077,""y"":666,""t"":922},{""x"":1115,""y"":654,""t"":956},{""x"":1182,""y"":677,""t"":990},{""x"":1238,""y"":697,""t"":1022},{""x"":1238,""y"":695,""t"":1058},{""x"":1217,""y"":681,""t"":1092},{""x"":1236,""y"":686,""t"":1127},{""x"":1223,""y"":701,""t"":1161},{""x"":1198,""y"":723,""t"":1193},{""x"":1182,""y"":728,""t"":1228},{""x"":1165,""y"":739,""t"":1262},{""x"":1139,""y"":752,""t"":1296},{""x"":1120,""y"":759,""t"":1330},{""x"":1044,""y"":758,""t"":1365},{""x"":1003,""y"":758,""t"":1398},{""x"":968,""y"":758,""t"":1432},{""x"":947,""y"":776,""t"":1466},{""x"":912,""y"":781,""t"":1500},{""x"":906,""y"":762,""t"":1534},{""x"":913,""y"":763,""t"":1568},{""x"":933,""y"":781,""t"":1602},{""x"":974,""y"":804,""t"":1636},{""x"":1012,""y"":804,""t"":1670},{""x"":1057,""y"":796,""t"":1705},{""x"":1086,""y"":791,""t"":1738},{""x"":1099,""y"":785,""t"":1772},{""x"":1090,""y"":778,""t"":1806},{""x"":1082,""y"":767,""t"":1840},{""x"":1097,""y"":779,""t"":1874},{""x"":1079,""y"":784,""t"":1907},{""x"":1102,""y"":787,""t"":1942},{""x"":1092,""y"":787,""t"":1976}]","[{""x"":250,""y"":425,""width"":80,""height"":80,""top"":385,""right"":290,""bottom"":465,""left"":210},{""x"":400,""y"":165.1923788646684,""width"":80,""height"":80,""top"":125.1923788646684,""right"":440,""bottom"":205.1923788646684,""left"":360},{""x"":700,""y"":165.1923788646684,""width"":80,""height"":80,""top"":125.1923788646684,""right"":740,""bottom"":205.1923788646684,""left"":660},{""x"":850,""y"":425,""width"":80,""height"":80,""top"":385,""right"":890,""bottom"":465,""left"":810},{""x"":700,""y"":684.8076211353316,""width"":80,""height"":80,""top"":644.8076211353316,""right"":740,""bottom"":724.8076211353316,""left"":660},{""x"":400,""y"":684.8076211353316,""width"":80,""height"":80,""top"":644.8076211353316,""right"":440,""bottom"":724.8076211353316,""left"":360}]","{""#container"":{""x"":410,""y"":129.390625,""width"":1100,""height"":850,""top"":129.390625,""right"":1510,""bottom"":979.390625,""left"":410}}","[{'purple': 0}, {'yellow': 0}, {'blue': 0}, {'red': 5}, {'cyan': 23}, {'green': 5}]",{'red_1': 5},cyan
388,,,,1258.0,7.0,7.0,"[""yellow"",""cyan"",""purple"",""red"",""blue"",""green""]",cyan,True,"[{""x"":1055,""y"":768,""t"":4},{""x"":1026,""y"":754,""t"":47},{""x"":994,""y"":740,""t"":74},{""x"":1000,""y"":749,""t"":105},{""x"":992,""y"":727,""t"":140},{""x"":959,""y"":695,""t"":173},{""x"":950,""y"":685,""t"":209},{""x"":952,""y"":684,""t"":242},{""x"":955,""y"":690,""t"":276},{""x"":959,""y"":696,""t"":308},{""x"":978,""y"":723,""t"":344},{""x"":961,""y"":717,""t"":378},{""x"":972,""y"":717,""t"":412},{""x"":1042,""y"":744,""t"":447},{""x"":1107,""y"":729,""t"":479},{""x"":1234,""y"":729,""t"":513},{""x"":1338,""y"":734,""t"":548},{""x"":1445,""y"":752,""t"":582},{""x"":1547,""y"":751,""t"":615},{""x"":1607,""y"":746,""t"":649},{""x"":1652,""y"":734,""t"":682},{""x"":1671,""y"":723,""t"":717},{""x"":1726,""y"":739,""t"":752},{""x"":1713,""y"":694,""t"":786},{""x"":1649,""y"":680,""t"":820},{""x"":1519,""y"":696,""t"":855},{""x"":1415,""y"":696,""t"":888},{""x"":1333,""y"":714,""t"":922},{""x"":1273,""y"":712,""t"":956},{""x"":1200,""y"":699,""t"":990},{""x"":1149,""y"":682,""t"":1024},{""x"":1132,""y"":682,""t"":1058},{""x"":1173,""y"":659,""t"":1092},{""x"":1242,""y"":616,""t"":1126},{""x"":1322,""y"":599,""t"":1160},{""x"":1384,""y"":597,""t"":1194},{""x"":1445,""y"":590,""t"":1228},{""x"":1468,""y"":572,""t"":1262},{""x"":1483,""y"":531,""t"":1296},{""x"":1499,""y"":507,""t"":1331},{""x"":1538,""y"":534,""t"":1364},{""x"":1538,""y"":531,""t"":1398},{""x"":1432,""y"":568,""t"":1432},{""x"":1326,""y"":603,""t"":1466},{""x"":1284,""y"":636,""t"":1499},{""x"":1216,""y"":650,""t"":1533},{""x"":1194,""y"":670,""t"":1569},{""x"":1155,""y"":683,""t"":1602},{""x"":1135,""y"":700,""t"":1636},{""x"":1107,""y"":723,""t"":1670},{""x"":1105,""y"":725,""t"":1704},{""x"":1164,""y"":704,""t"":1737},{""x"":1302,""y"":737,""t"":1772},{""x"":1394,""y"":738,""t"":1805},{""x"":1455,""y"":736,""t"":1840},{""x"":1539,""y"":735,""t"":1872},{""x"":1603,""y"":718,""t"":1908},{""x"":1634,""y"":701,""t"":1942},{""x"":1588,""y"":666,""t"":1976}]","[{""x"":250,""y"":425,""width"":80,""height"":80,""top"":385,""right"":290,""bottom"":465,""left"":210},{""x"":400,""y"":165.1923788646684,""width"":80,""height"":80,""top"":125.1923788646684,""right"":440,""bottom"":205.1923788646684,""left"":360},{""x"":700,""y"":165.1923788646684,""width"":80,""height"":80,""top"":125.1923788646684,""right"":740,""bottom"":205.1923788646684,""left"":660},{""x"":850,""y"":425,""width"":80,""height"":80,""top"":385,""right"":890,""bottom"":465,""left"":810},{""x"":700,""y"":684.8076211353316,""width"":80,""height"":80,""top"":644.8076211353316,""right"":740,""bottom"":724.8076211353316,""left"":660},{""x"":400,""y"":684.8076211353316,""width"":80,""height"":80,""top"":644.8076211353316,""right"":440,""bottom"":724.8076211353316,""left"":360}]","{""#container"":{""x"":410,""y"":129.390625,""width"":1100,""height"":850,""top"":129.390625,""right"":1510,""bottom"":979.390625,""left"":410}}","[{'yellow': 0}, {'cyan': 0}, {'purple': 0}, {'red': 8}, {'blue': 15}, {'green': 0}]",,blue
389,,,,906.0,9.0,1.0,"[""red"",""purple"",""cyan"",""blue"",""green"",""yellow""]",yellow,False,"[{""x"":1416,""y"":645,""t"":3},{""x"":1291,""y"":656,""t"":43},{""x"":1187,""y"":650,""t"":71},{""x"":1122,""y"":657,""t"":106},{""x"":1094,""y"":661,""t"":140},{""x"":1075,""y"":665,""t"":172},{""x"":1110,""y"":655,""t"":209},{""x"":1154,""y"":636,""t"":242},{""x"":1198,""y"":621,""t"":275},{""x"":1192,""y"":650,""t"":309},{""x"":1166,""y"":677,""t"":358},{""x"":1184,""y"":717,""t"":386},{""x"":1163,""y"":757,""t"":414},{""x"":1135,""y"":776,""t"":446},{""x"":1115,""y"":798,""t"":480},{""x"":1086,""y"":799,""t"":514},{""x"":1064,""y"":808,""t"":548},{""x"":1063,""y"":799,""t"":582},{""x"":1061,""y"":798,""t"":617},{""x"":1053,""y"":794,""t"":650},{""x"":1124,""y"":787,""t"":684},{""x"":1247,""y"":774,""t"":718},{""x"":1351,""y"":740,""t"":752},{""x"":1454,""y"":716,""t"":786},{""x"":1546,""y"":694,""t"":819},{""x"":1621,""y"":685,""t"":854},{""x"":1638,""y"":652,""t"":887},{""x"":1622,""y"":614,""t"":922},{""x"":1639,""y"":595,""t"":956},{""x"":1632,""y"":594,""t"":989},{""x"":1646,""y"":576,""t"":1024},{""x"":1648,""y"":576,""t"":1058},{""x"":1636,""y"":568,""t"":1092},{""x"":1652,""y"":573,""t"":1126},{""x"":1665,""y"":588,""t"":1159},{""x"":1675,""y"":590,""t"":1194},{""x"":1683,""y"":581,""t"":1228},{""x"":1666,""y"":577,""t"":1262},{""x"":1498,""y"":611,""t"":1295},{""x"":1350,""y"":615,""t"":1330},{""x"":1239,""y"":638,""t"":1362},{""x"":1145,""y"":656,""t"":1399},{""x"":1061,""y"":675,""t"":1431},{""x"":1023,""y"":687,""t"":1466},{""x"":995,""y"":709,""t"":1500},{""x"":951,""y"":718,""t"":1534},{""x"":917,""y"":738,""t"":1569},{""x"":897,""y"":752,""t"":1602},{""x"":887,""y"":761,""t"":1636},{""x"":917,""y"":776,""t"":1670},{""x"":923,""y"":778,""t"":1704},{""x"":947,""y"":794,""t"":1737},{""x"":963,""y"":794,""t"":1770},{""x"":981,""y"":798,""t"":1806},{""x"":988,""y"":816,""t"":1841},{""x"":990,""y"":822,""t"":1874},{""x"":1001,""y"":822,""t"":1908},{""x"":984,""y"":828,""t"":1942},{""x"":981,""y"":815,""t"":1976}]","[{""x"":250,""y"":425,""width"":80,""height"":80,""top"":385,""right"":290,""bottom"":465,""left"":210},{""x"":400,""y"":165.1923788646684,""width"":80,""height"":80,""top"":125.1923788646684,""right"":440,""bottom"":205.1923788646684,""left"":360},{""x"":700,""y"":165.1923788646684,""width"":80,""height"":80,""top"":125.1923788646684,""right"":740,""bottom"":205.1923788646684,""left"":660},{""x"":850,""y"":425,""width"":80,""height"":80,""top"":385,""right"":890,""bottom"":465,""left"":810},{""x"":700,""y"":684.8076211353316,""width"":80,""height"":80,""top"":644.8076211353316,""right"":740,""bottom"":724.8076211353316,""left"":660},{""x"":400,""y"":684.8076211353316,""width"":80,""height"":80,""top"":644.8076211353316,""right"":440,""bottom"":724.8076211353316,""left"":360}]","{""#container"":{""x"":410,""y"":129.390625,""width"":1100,""height"":850,""top"":129.390625,""right"":1510,""bottom"":979.390625,""left"":410}}","[{'red': 0}, {'purple': 0}, {'cyan': 0}, {'blue': 7}, {'green': 20}, {'yellow': 6}]",{'yellow': 6},green
390,,,,1509.0,1.0,9.0,"[""cyan"",""green"",""purple"",""blue"",""red"",""yellow""]",purple_1,False,"[{""x"":989,""y"":787,""t"":4},{""x"":978,""y"":768,""t"":44},{""x"":991,""y"":738,""t"":75},{""x"":988,""y"":708,""t"":106},{""x"":960,""y"":679,""t"":140},{""x"":936,""y"":662,""t"":172},{""x"":941,""y"":655,""t"":208},{""x"":922,""y"":650,""t"":241},{""x"":909,""y"":635,""t"":277},{""x"":898,""y"":630,""t"":310},{""x"":903,""y"":622,""t"":344},{""x"":910,""y"":644,""t"":378},{""x"":920,""y"":661,""t"":411},{""x"":925,""y"":664,""t"":445},{""x"":921,""y"":647,""t"":479},{""x"":926,""y"":655,""t"":513},{""x"":914,""y"":627,""t"":548},{""x"":915,""y"":642,""t"":581},{""x"":902,""y"":631,""t"":616},{""x"":883,""y"":618,""t"":650},{""x"":881,""y"":609,""t"":684},{""x"":862,""y"":606,""t"":717},{""x"":855,""y"":656,""t"":751},{""x"":836,""y"":707,""t"":785},{""x"":850,""y"":743,""t"":820},{""x"":860,""y"":748,""t"":854},{""x"":871,""y"":719,""t"":887},{""x"":878,""y"":720,""t"":923},{""x"":872,""y"":695,""t"":956},{""x"":873,""y"":628,""t"":990},{""x"":880,""y"":609,""t"":1025},{""x"":907,""y"":614,""t"":1058},{""x"":1008,""y"":641,""t"":1092},{""x"":1068,""y"":631,""t"":1126},{""x"":1146,""y"":630,""t"":1160},{""x"":1187,""y"":627,""t"":1194},{""x"":1225,""y"":638,""t"":1228},{""x"":1254,""y"":639,""t"":1262},{""x"":1249,""y"":619,""t"":1295},{""x"":1259,""y"":625,""t"":1330},{""x"":1274,""y"":630,""t"":1362},{""x"":1291,""y"":638,""t"":1398},{""x"":1264,""y"":633,""t"":1433},{""x"":1238,""y"":621,""t"":1466},{""x"":1233,""y"":619,""t"":1500},{""x"":1227,""y"":632,""t"":1534},{""x"":1187,""y"":625,""t"":1568},{""x"":1151,""y"":645,""t"":1602},{""x"":1127,""y"":677,""t"":1636},{""x"":1083,""y"":672,""t"":1670},{""x"":1028,""y"":680,""t"":1704},{""x"":983,""y"":686,""t"":1736},{""x"":943,""y"":693,""t"":1772},{""x"":928,""y"":687,""t"":1806},{""x"":905,""y"":683,""t"":1839},{""x"":892,""y"":693,""t"":1873},{""x"":881,""y"":710,""t"":1909},{""x"":886,""y"":731,""t"":1942},{""x"":864,""y"":731,""t"":1975}]","[{""x"":250,""y"":425,""width"":80,""height"":80,""top"":385,""right"":290,""bottom"":465,""left"":210},{""x"":400,""y"":165.1923788646684,""width"":80,""height"":80,""top"":125.1923788646684,""right"":440,""bottom"":205.1923788646684,""left"":360},{""x"":700,""y"":165.1923788646684,""width"":80,""height"":80,""top"":125.1923788646684,""right"":740,""bottom"":205.1923788646684,""left"":660},{""x"":850,""y"":425,""width"":80,""height"":80,""top"":385,""right"":890,""bottom"":465,""left"":810},{""x"":700,""y"":684.8076211353316,""width"":80,""height"":80,""top"":644.8076211353316,""right"":740,""bottom"":724.8076211353316,""left"":660},{""x"":400,""y"":684.8076211353316,""width"":80,""height"":80,""top"":644.8076211353316,""right"":440,""bottom"":724.8076211353316,""left"":360}]","{""#container"":{""x"":410,""y"":129.390625,""width"":1100,""height"":850,""top"":129.390625,""right"":1510,""bottom"":979.390625,""left"":410}}","[{'cyan': 0}, {'green': 0}, {'purple': 0}, {'blue': 14}, {'red': 5}, {'yellow': 10}]",,blue
391,,,,666.0,6.0,6.0,"[""purple"",""yellow"",""green"",""blue"",""red"",""cyan""]",blue_1,True,"[{""x"":890,""y"":732,""t"":4},{""x"":893,""y"":710,""t"":45},{""x"":896,""y"":691,""t"":72},{""x"":891,""y"":661,""t"":107},{""x"":910,""y"":665,""t"":139},{""x"":924,""y"":659,""t"":174},{""x"":925,""y"":671,""t"":207},{""x"":917,""y"":660,""t"":242},{""x"":916,""y"":649,""t"":276},{""x"":887,""y"":607,""t"":310},{""x"":877,""y"":592,""t"":344},{""x"":870,""y"":581,""t"":376},{""x"":864,""y"":576,""t"":412},{""x"":870,""y"":609,""t"":447},{""x"":875,""y"":614,""t"":479},{""x"":900,""y"":615,""t"":514},{""x"":866,""y"":591,""t"":548},{""x"":869,""y"":586,""t"":581},{""x"":914,""y"":609,""t"":617},{""x"":967,""y"":623,""t"":650},{""x"":1021,""y"":638,""t"":684},{""x"":1022,""y"":635,""t"":718},{""x"":1055,""y"":650,""t"":751},{""x"":1085,""y"":673,""t"":787},{""x"":1086,""y"":669,""t"":820},{""x"":1105,""y"":680,""t"":854},{""x"":1123,""y"":674,""t"":888},{""x"":1130,""y"":676,""t"":922},{""x"":1132,""y"":674,""t"":956},{""x"":1137,""y"":678,""t"":991},{""x"":1115,""y"":666,""t"":1025},{""x"":1125,""y"":669,""t"":1058},{""x"":1131,""y"":653,""t"":1092},{""x"":1160,""y"":651,""t"":1127},{""x"":1154,""y"":635,""t"":1160},{""x"":1181,""y"":662,""t"":1194},{""x"":1152,""y"":682,""t"":1228},{""x"":1171,""y"":707,""t"":1261},{""x"":1143,""y"":715,""t"":1296},{""x"":1094,""y"":713,""t"":1330},{""x"":1082,""y"":726,""t"":1364},{""x"":1097,""y"":720,""t"":1398},{""x"":1056,""y"":715,""t"":1432},{""x"":1051,""y"":732,""t"":1465},{""x"":1031,""y"":735,""t"":1499},{""x"":1001,""y"":730,""t"":1534},{""x"":977,""y"":726,""t"":1566},{""x"":973,""y"":732,""t"":1601},{""x"":964,""y"":719,""t"":1636},{""x"":967,""y"":731,""t"":1670},{""x"":983,""y"":728,""t"":1704},{""x"":989,""y"":738,""t"":1738},{""x"":960,""y"":756,""t"":1771},{""x"":930,""y"":825,""t"":1807},{""x"":908,""y"":849,""t"":1839},{""x"":889,""y"":885,""t"":1874},{""x"":874,""y"":901,""t"":1908},{""x"":872,""y"":898,""t"":1941},{""x"":900,""y"":914,""t"":1974}]","[{""x"":250,""y"":425,""width"":80,""height"":80,""top"":385,""right"":290,""bottom"":465,""left"":210},{""x"":400,""y"":165.1923788646684,""width"":80,""height"":80,""top"":125.1923788646684,""right"":440,""bottom"":205.1923788646684,""left"":360},{""x"":700,""y"":165.1923788646684,""width"":80,""height"":80,""top"":125.1923788646684,""right"":740,""bottom"":205.1923788646684,""left"":660},{""x"":850,""y"":425,""width"":80,""height"":80,""top"":385,""right"":890,""bottom"":465,""left"":810},{""x"":700,""y"":684.8076211353316,""width"":80,""height"":80,""top"":644.8076211353316,""right"":740,""bottom"":724.8076211353316,""left"":660},{""x"":400,""y"":684.8076211353316,""width"":80,""height"":80,""top"":644.8076211353316,""right"":440,""bottom"":724.8076211353316,""left"":360}]","{""#container"":{""x"":410,""y"":129.390625,""width"":1100,""height"":850,""top"":129.390625,""right"":1510,""bottom"":979.390625,""left"":410}}","[{'purple': 0}, {'yellow': 0}, {'green': 0}, {'blue': 3}, {'red': 20}, {'cyan': 8}]",{'blue_1': 3},red
392,,,,754.0,4.0,4.0,"[""blue"",""green"",""purple"",""red"",""cyan"",""yellow""]",blue,True,"[{""x"":909,""y"":856,""t"":4},{""x"":918,""y"":823,""t"":46},{""x"":944,""y"":786,""t"":76},{""x"":939,""y"":753,""t"":106},{""x"":940,""y"":765,""t"":140},{""x"":933,""y"":735,""t"":173},{""x"":933,""y"":718,""t"":207},{""x"":928,""y"":720,""t"":242},{""x"":934,""y"":732,""t"":276},{""x"":909,""y"":703,""t"":310},{""x"":937,""y"":693,""t"":344},{""x"":930,""y"":690,""t"":378},{""x"":919,""y"":673,""t"":411},{""x"":914,""y"":666,""t"":446},{""x"":914,""y"":670,""t"":480},{""x"":920,""y"":654,""t"":514},{""x"":925,""y"":659,""t"":547},{""x"":930,""y"":653,""t"":581},{""x"":929,""y"":633,""t"":616},{""x"":923,""y"":616,""t"":649},{""x"":907,""y"":593,""t"":684},{""x"":927,""y"":604,""t"":717},{""x"":917,""y"":597,""t"":752},{""x"":906,""y"":582,""t"":786},{""x"":898,""y"":576,""t"":817},{""x"":903,""y"":559,""t"":853},{""x"":929,""y"":572,""t"":887},{""x"":978,""y"":589,""t"":922},{""x"":1017,""y"":598,""t"":955},{""x"":1051,""y"":607,""t"":989},{""x"":1098,""y"":625,""t"":1024},{""x"":1082,""y"":624,""t"":1058},{""x"":1086,""y"":632,""t"":1091},{""x"":1092,""y"":634,""t"":1126},{""x"":1080,""y"":621,""t"":1159},{""x"":1047,""y"":625,""t"":1194},{""x"":1018,""y"":628,""t"":1225},{""x"":1044,""y"":639,""t"":1262},{""x"":1036,""y"":642,""t"":1295},{""x"":1045,""y"":656,""t"":1329},{""x"":1041,""y"":656,""t"":1364},{""x"":1034,""y"":654,""t"":1398},{""x"":1004,""y"":642,""t"":1432},{""x"":1069,""y"":642,""t"":1465},{""x"":1098,""y"":654,""t"":1500},{""x"":1107,""y"":659,""t"":1533},{""x"":1115,""y"":679,""t"":1568},{""x"":1100,""y"":700,""t"":1602},{""x"":1076,""y"":705,""t"":1637},{""x"":1119,""y"":746,""t"":1669},{""x"":1155,""y"":776,""t"":1704},{""x"":1147,""y"":782,""t"":1738},{""x"":1124,""y"":755,""t"":1773},{""x"":1125,""y"":738,""t"":1806},{""x"":1086,""y"":704,""t"":1840},{""x"":1060,""y"":678,""t"":1873},{""x"":1019,""y"":642,""t"":1909},{""x"":997,""y"":621,""t"":1942},{""x"":990,""y"":618,""t"":1976}]","[{""x"":250,""y"":425,""width"":80,""height"":80,""top"":385,""right"":290,""bottom"":465,""left"":210},{""x"":400,""y"":165.1923788646684,""width"":80,""height"":80,""top"":125.1923788646684,""right"":440,""bottom"":205.1923788646684,""left"":360},{""x"":700,""y"":165.1923788646684,""width"":80,""height"":80,""top"":125.1923788646684,""right"":740,""bottom"":205.1923788646684,""left"":660},{""x"":850,""y"":425,""width"":80,""height"":80,""top"":385,""right"":890,""bottom"":465,""left"":810},{""x"":700,""y"":684.8076211353316,""width"":80,""height"":80,""top"":644.8076211353316,""right"":740,""bottom"":724.8076211353316,""left"":660},{""x"":400,""y"":684.8076211353316,""width"":80,""height"":80,""top"":644.8076211353316,""right"":440,""bottom"":724.8076211353316,""left"":360}]","{""#container"":{""x"":410,""y"":129.390625,""width"":1100,""height"":850,""top"":129.390625,""right"":1510,""bottom"":979.390625,""left"":410}}","[{'blue': 0}, {'green': 0}, {'purple': 0}, {'red': 0}, {'cyan': 10}, {'yellow': 8}]",,cyan
393,,,,576.0,1.0,1.0,"[""red"",""purple"",""yellow"",""green"",""cyan"",""blue""]",blue_1,True,"[{""x"":949,""y"":628,""t"":5},{""x"":923,""y"":640,""t"":43},{""x"":883,""y"":661,""t"":74},{""x"":866,""y"":673,""t"":107},{""x"":868,""y"":685,""t"":139},{""x"":896,""y"":696,""t"":173},{""x"":886,""y"":699,""t"":207},{""x"":891,""y"":715,""t"":243},{""x"":887,""y"":721,""t"":275},{""x"":902,""y"":729,""t"":310},{""x"":878,""y"":714,""t"":344},{""x"":905,""y"":721,""t"":378},{""x"":904,""y"":708,""t"":412},{""x"":892,""y"":707,""t"":444},{""x"":873,""y"":686,""t"":480},{""x"":880,""y"":687,""t"":514},{""x"":893,""y"":661,""t"":548},{""x"":916,""y"":616,""t"":581},{""x"":943,""y"":612,""t"":616},{""x"":958,""y"":597,""t"":650},{""x"":993,""y"":585,""t"":684},{""x"":983,""y"":577,""t"":719},{""x"":1012,""y"":574,""t"":751},{""x"":1038,""y"":594,""t"":785},{""x"":1030,""y"":587,""t"":821},{""x"":1018,""y"":579,""t"":855},{""x"":1079,""y"":612,""t"":888},{""x"":1120,""y"":633,""t"":923},{""x"":1148,""y"":638,""t"":956},{""x"":1178,""y"":655,""t"":991},{""x"":1196,""y"":652,""t"":1024},{""x"":1178,""y"":654,""t"":1058},{""x"":1161,""y"":656,""t"":1091},{""x"":1153,""y"":658,""t"":1126},{""x"":1156,""y"":667,""t"":1160},{""x"":1134,""y"":690,""t"":1194},{""x"":1078,""y"":751,""t"":1228},{""x"":1047,""y"":800,""t"":1262},{""x"":1020,""y"":840,""t"":1296},{""x"":981,""y"":868,""t"":1330},{""x"":986,""y"":880,""t"":1363},{""x"":978,""y"":866,""t"":1398},{""x"":987,""y"":854,""t"":1431},{""x"":981,""y"":824,""t"":1466},{""x"":983,""y"":799,""t"":1500},{""x"":993,""y"":775,""t"":1534},{""x"":1007,""y"":777,""t"":1567},{""x"":1017,""y"":760,""t"":1602},{""x"":1020,""y"":759,""t"":1636},{""x"":983,""y"":751,""t"":1670},{""x"":945,""y"":736,""t"":1705},{""x"":924,""y"":743,""t"":1738},{""x"":879,""y"":740,""t"":1773},{""x"":843,""y"":735,""t"":1806},{""x"":818,""y"":729,""t"":1840},{""x"":815,""y"":739,""t"":1874},{""x"":819,""y"":749,""t"":1908},{""x"":822,""y"":743,""t"":1943},{""x"":831,""y"":745,""t"":1976}]","[{""x"":250,""y"":425,""width"":80,""height"":80,""top"":385,""right"":290,""bottom"":465,""left"":210},{""x"":400,""y"":165.1923788646684,""width"":80,""height"":80,""top"":125.1923788646684,""right"":440,""bottom"":205.1923788646684,""left"":360},{""x"":700,""y"":165.1923788646684,""width"":80,""height"":80,""top"":125.1923788646684,""right"":740,""bottom"":205.1923788646684,""left"":660},{""x"":850,""y"":425,""width"":80,""height"":80,""top"":385,""right"":890,""bottom"":465,""left"":810},{""x"":700,""y"":684.8076211353316,""width"":80,""height"":80,""top"":644.8076211353316,""right"":740,""bottom"":724.8076211353316,""left"":660},{""x"":400,""y"":684.8076211353316,""width"":80,""height"":80,""top"":644.8076211353316,""right"":440,""bottom"":724.8076211353316,""left"":360}]","{""#container"":{""x"":410,""y"":129.390625,""width"":1100,""height"":850,""top"":129.390625,""right"":1510,""bottom"":979.390625,""left"":410}}","[{'red': 0}, {'purple': 0}, {'yellow': 0}, {'green': 6}, {'cyan': 15}, {'blue': 20}]",{'blue_1': 20},blue_1
394,,,,867.0,6.0,6.0,"[""purple"",""blue"",""green"",""red"",""yellow"",""cyan""]",red,True,"[{""x"":834,""y"":716,""t"":4},{""x"":869,""y"":720,""t"":46},{""x"":890,""y"":714,""t"":80},{""x"":896,""y"":701,""t"":109},{""x"":917,""y"":704,""t"":138},{""x"":923,""y"":715,""t"":182},{""x"":932,""y"":706,""t"":209},{""x"":950,""y"":720,""t"":241},{""x"":917,""y"":711,""t"":275},{""x"":906,""y"":705,""t"":310},{""x"":920,""y"":691,""t"":343},{""x"":959,""y"":677,""t"":378},{""x"":969,""y"":668,""t"":411},{""x"":965,""y"":643,""t"":445},{""x"":945,""y"":609,""t"":480},{""x"":921,""y"":583,""t"":514},{""x"":920,""y"":583,""t"":548},{""x"":922,""y"":596,""t"":579},{""x"":920,""y"":576,""t"":615},{""x"":918,""y"":587,""t"":650},{""x"":932,""y"":599,""t"":683},{""x"":928,""y"":592,""t"":718},{""x"":924,""y"":602,""t"":752},{""x"":952,""y"":617,""t"":785},{""x"":1018,""y"":642,""t"":819},{""x"":1083,""y"":656,""t"":853},{""x"":1100,""y"":669,""t"":888},{""x"":1164,""y"":677,""t"":922},{""x"":1173,""y"":675,""t"":956},{""x"":1183,""y"":684,""t"":989},{""x"":1192,""y"":676,""t"":1024},{""x"":1183,""y"":664,""t"":1058},{""x"":1181,""y"":640,""t"":1092},{""x"":1129,""y"":615,""t"":1126},{""x"":1126,""y"":606,""t"":1159},{""x"":1160,""y"":638,""t"":1195},{""x"":1108,""y"":617,""t"":1228},{""x"":1090,""y"":654,""t"":1262},{""x"":1042,""y"":663,""t"":1296},{""x"":1013,""y"":688,""t"":1329},{""x"":1003,""y"":726,""t"":1364},{""x"":978,""y"":762,""t"":1398},{""x"":970,""y"":791,""t"":1431},{""x"":970,""y"":801,""t"":1466},{""x"":934,""y"":819,""t"":1499},{""x"":904,""y"":818,""t"":1533},{""x"":890,""y"":810,""t"":1568},{""x"":866,""y"":817,""t"":1602},{""x"":876,""y"":819,""t"":1637},{""x"":880,""y"":814,""t"":1669},{""x"":858,""y"":820,""t"":1704},{""x"":868,""y"":822,""t"":1738},{""x"":857,""y"":816,""t"":1771},{""x"":878,""y"":813,""t"":1805},{""x"":861,""y"":807,""t"":1840},{""x"":849,""y"":804,""t"":1874},{""x"":848,""y"":808,""t"":1907},{""x"":841,""y"":816,""t"":1942},{""x"":843,""y"":800,""t"":1976}]","[{""x"":250,""y"":425,""width"":80,""height"":80,""top"":385,""right"":290,""bottom"":465,""left"":210},{""x"":400,""y"":165.1923788646684,""width"":80,""height"":80,""top"":125.1923788646684,""right"":440,""bottom"":205.1923788646684,""left"":360},{""x"":700,""y"":165.1923788646684,""width"":80,""height"":80,""top"":125.1923788646684,""right"":740,""bottom"":205.1923788646684,""left"":660},{""x"":850,""y"":425,""width"":80,""height"":80,""top"":385,""right"":890,""bottom"":465,""left"":810},{""x"":700,""y"":684.8076211353316,""width"":80,""height"":80,""top"":644.8076211353316,""right"":740,""bottom"":724.8076211353316,""left"":660},{""x"":400,""y"":684.8076211353316,""width"":80,""height"":80,""top"":644.8076211353316,""right"":440,""bottom"":724.8076211353316,""left"":360}]","{""#container"":{""x"":410,""y"":129.390625,""width"":1100,""height"":850,""top"":129.390625,""right"":1510,""bottom"":979.390625,""left"":410}}","[{'purple': 0}, {'blue': 0}, {'green': 0}, {'red': 7}, {'yellow': 7}, {'cyan': 21}]",{'red': 7},cyan
395,,,,1151.0,1.0,1.0,"[""green"",""blue"",""yellow"",""red"",""purple"",""cyan""]",cyan,True,"[{""x"":847,""y"":791,""t"":4},{""x"":856,""y"":779,""t"":45},{""x"":866,""y"":780,""t"":73},{""x"":892,""y"":767,""t"":106},{""x"":905,""y"":747,""t"":140},{""x"":931,""y"":749,""t"":174},{""x"":943,""y"":751,""t"":208},{""x"":955,""y"":746,""t"":242},{""x"":934,""y"":736,""t"":276},{""x"":955,""y"":743,""t"":310},{""x"":954,""y"":746,""t"":344},{""x"":952,""y"":731,""t"":378},{""x"":973,""y"":703,""t"":412},{""x"":964,""y"":677,""t"":446},{""x"":950,""y"":644,""t"":481},{""x"":936,""y"":623,""t"":514},{""x"":916,""y"":621,""t"":548},{""x"":896,""y"":608,""t"":582},{""x"":890,""y"":601,""t"":616},{""x"":885,""y"":589,""t"":650},{""x"":880,""y"":586,""t"":684},{""x"":905,""y"":593,""t"":718},{""x"":937,""y"":621,""t"":753},{""x"":985,""y"":630,""t"":786},{""x"":1050,""y"":658,""t"":820},{""x"":1038,""y"":648,""t"":854},{""x"":1035,""y"":650,""t"":888},{""x"":1050,""y"":667,""t"":922},{""x"":1035,""y"":682,""t"":956},{""x"":1049,""y"":709,""t"":989},{""x"":1035,""y"":714,""t"":1024},{""x"":1053,""y"":741,""t"":1058},{""x"":1066,""y"":753,""t"":1092},{""x"":1077,""y"":785,""t"":1126},{""x"":1033,""y"":779,""t"":1160},{""x"":986,""y"":787,""t"":1193},{""x"":941,""y"":793,""t"":1225},{""x"":916,""y"":781,""t"":1262},{""x"":914,""y"":794,""t"":1296},{""x"":895,""y"":792,""t"":1330},{""x"":895,""y"":790,""t"":1364},{""x"":916,""y"":789,""t"":1398},{""x"":931,""y"":811,""t"":1432},{""x"":931,""y"":809,""t"":1466},{""x"":927,""y"":802,""t"":1499},{""x"":933,""y"":794,""t"":1533},{""x"":935,""y"":798,""t"":1568},{""x"":936,""y"":787,""t"":1602},{""x"":940,""y"":798,""t"":1634},{""x"":925,""y"":797,""t"":1671},{""x"":921,""y"":802,""t"":1704},{""x"":929,""y"":803,""t"":1738},{""x"":930,""y"":802,""t"":1772},{""x"":944,""y"":785,""t"":1806},{""x"":1012,""y"":795,""t"":1848},{""x"":1052,""y"":793,""t"":1877},{""x"":1080,""y"":774,""t"":1907},{""x"":1130,""y"":779,""t"":1942},{""x"":1144,""y"":781,""t"":1976}]","[{""x"":250,""y"":425,""width"":80,""height"":80,""top"":385,""right"":290,""bottom"":465,""left"":210},{""x"":400,""y"":165.1923788646684,""width"":80,""height"":80,""top"":125.1923788646684,""right"":440,""bottom"":205.1923788646684,""left"":360},{""x"":700,""y"":165.1923788646684,""width"":80,""height"":80,""top"":125.1923788646684,""right"":740,""bottom"":205.1923788646684,""left"":660},{""x"":850,""y"":425,""width"":80,""height"":80,""top"":385,""right"":890,""bottom"":465,""left"":810},{""x"":700,""y"":684.8076211353316,""width"":80,""height"":80,""top"":644.8076211353316,""right"":740,""bottom"":724.8076211353316,""left"":660},{""x"":400,""y"":684.8076211353316,""width"":80,""height"":80,""top"":644.8076211353316,""right"":440,""bottom"":724.8076211353316,""left"":360}]","{""#container"":{""x"":410,""y"":129.390625,""width"":1100,""height"":850,""top"":129.390625,""right"":1510,""bottom"":979.390625,""left"":410}}","[{'green': 0}, {'blue': 0}, {'yellow': 0}, {'red': 0}, {'purple': 12}, {'cyan': 26}]",{'cyan': 26},cyan
396,,,,2289.0,9.0,9.0,"[""yellow"",""blue"",""green"",""cyan"",""purple"",""red""]",green,True,"[{""x"":1104,""y"":762,""t"":3},{""x"":1068,""y"":753,""t"":44},{""x"":1022,""y"":727,""t"":77},{""x"":993,""y"":709,""t"":106},{""x"":962,""y"":690,""t"":140},{""x"":947,""y"":699,""t"":174},{""x"":944,""y"":712,""t"":208},{""x"":914,""y"":696,""t"":242},{""x"":909,""y"":692,""t"":276},{""x"":893,""y"":686,""t"":310},{""x"":900,""y"":680,""t"":344},{""x"":932,""y"":688,""t"":378},{""x"":966,""y"":702,""t"":411},{""x"":1001,""y"":713,""t"":445},{""x"":1034,""y"":725,""t"":480},{""x"":1066,""y"":723,""t"":513},{""x"":1059,""y"":729,""t"":548},{""x"":1041,""y"":725,""t"":581},{""x"":1079,""y"":728,""t"":617},{""x"":1099,""y"":714,""t"":649},{""x"":1102,""y"":716,""t"":683},{""x"":1113,""y"":696,""t"":718},{""x"":1079,""y"":665,""t"":751},{""x"":1034,""y"":644,""t"":786},{""x"":1030,""y"":646,""t"":818},{""x"":995,""y"":642,""t"":854},{""x"":1002,""y"":648,""t"":888},{""x"":1004,""y"":646,""t"":922},{""x"":985,""y"":636,""t"":955},{""x"":963,""y"":627,""t"":989},{""x"":952,""y"":614,""t"":1024},{""x"":962,""y"":604,""t"":1059},{""x"":965,""y"":610,""t"":1091},{""x"":964,""y"":620,""t"":1126},{""x"":996,""y"":648,""t"":1160},{""x"":1026,""y"":689,""t"":1194},{""x"":1038,""y"":734,""t"":1227},{""x"":1037,""y"":806,""t"":1261},{""x"":1076,""y"":887,""t"":1296},{""x"":1063,""y"":909,""t"":1329},{""x"":1058,""y"":900,""t"":1364},{""x"":1073,""y"":885,""t"":1398},{""x"":1104,""y"":856,""t"":1433},{""x"":1111,""y"":845,""t"":1466},{""x"":1116,""y"":835,""t"":1502},{""x"":1138,""y"":815,""t"":1534},{""x"":1132,""y"":778,""t"":1567},{""x"":1141,""y"":749,""t"":1602},{""x"":1123,""y"":700,""t"":1635},{""x"":1141,""y"":683,""t"":1670},{""x"":1128,""y"":666,""t"":1703},{""x"":1102,""y"":696,""t"":1738},{""x"":1061,""y"":705,""t"":1772},{""x"":1042,""y"":721,""t"":1806},{""x"":1023,""y"":746,""t"":1840},{""x"":999,""y"":760,""t"":1873},{""x"":991,""y"":772,""t"":1908},{""x"":975,""y"":776,""t"":1942},{""x"":959,""y"":778,""t"":1976}]","[{""x"":250,""y"":425,""width"":80,""height"":80,""top"":385,""right"":290,""bottom"":465,""left"":210},{""x"":400,""y"":165.1923788646684,""width"":80,""height"":80,""top"":125.1923788646684,""right"":440,""bottom"":205.1923788646684,""left"":360},{""x"":700,""y"":165.1923788646684,""width"":80,""height"":80,""top"":125.1923788646684,""right"":740,""bottom"":205.1923788646684,""left"":660},{""x"":850,""y"":425,""width"":80,""height"":80,""top"":385,""right"":890,""bottom"":465,""left"":810},{""x"":700,""y"":684.8076211353316,""width"":80,""height"":80,""top"":644.8076211353316,""right"":740,""bottom"":724.8076211353316,""left"":660},{""x"":400,""y"":684.8076211353316,""width"":80,""height"":80,""top"":644.8076211353316,""right"":440,""bottom"":724.8076211353316,""left"":360}]","{""#container"":{""x"":410,""y"":129.390625,""width"":1100,""height"":850,""top"":129.390625,""right"":1510,""bottom"":979.390625,""left"":410}}","[{'yellow': 0}, {'blue': 0}, {'green': 0}, {'cyan': 0}, {'purple': 34}, {'red': 0}]",,purple
397,,,,870.0,7.0,7.0,"[""yellow"",""blue"",""purple"",""cyan"",""green"",""red""]",blue_1,True,"[{""x"":939,""y"":753,""t"":5},{""x"":938,""y"":737,""t"":49},{""x"":924,""y"":741,""t"":73},{""x"":925,""y"":726,""t"":106},{""x"":916,""y"":700,""t"":140},{""x"":907,""y"":693,""t"":174},{""x"":900,""y"":677,""t"":208},{""x"":915,""y"":674,""t"":242},{""x"":903,""y"":673,""t"":276},{""x"":910,""y"":686,""t"":311},{""x"":918,""y"":698,""t"":344},{""x"":929,""y"":696,""t"":377},{""x"":974,""y"":704,""t"":411},{""x"":1000,""y"":713,""t"":444},{""x"":1007,""y"":700,""t"":480},{""x"":1006,""y"":696,""t"":514},{""x"":1048,""y"":714,""t"":548},{""x"":1074,""y"":713,""t"":582},{""x"":1088,""y"":697,""t"":616},{""x"":1074,""y"":688,""t"":650},{""x"":1107,""y"":680,""t"":684},{""x"":1111,""y"":673,""t"":718},{""x"":1066,""y"":657,""t"":752},{""x"":1028,""y"":645,""t"":787},{""x"":1012,""y"":635,""t"":820},{""x"":984,""y"":630,""t"":855},{""x"":981,""y"":632,""t"":888},{""x"":966,""y"":632,""t"":922},{""x"":971,""y"":653,""t"":956},{""x"":962,""y"":651,""t"":990},{""x"":949,""y"":651,""t"":1024},{""x"":971,""y"":646,""t"":1058},{""x"":956,""y"":619,""t"":1092},{""x"":944,""y"":618,""t"":1126},{""x"":936,""y"":611,""t"":1160},{""x"":938,""y"":618,""t"":1194},{""x"":945,""y"":623,""t"":1227},{""x"":948,""y"":620,""t"":1261},{""x"":973,""y"":623,""t"":1295},{""x"":977,""y"":651,""t"":1329},{""x"":1008,""y"":677,""t"":1364},{""x"":1013,""y"":688,""t"":1398},{""x"":1014,""y"":700,""t"":1431},{""x"":1003,""y"":710,""t"":1465},{""x"":1001,""y"":723,""t"":1500},{""x"":1023,""y"":741,""t"":1534},{""x"":1050,""y"":759,""t"":1568},{""x"":1049,""y"":789,""t"":1602},{""x"":1049,""y"":807,""t"":1636},{""x"":1049,""y"":803,""t"":1670},{""x"":1067,""y"":784,""t"":1704},{""x"":1098,""y"":770,""t"":1738},{""x"":1108,""y"":742,""t"":1772},{""x"":1107,""y"":715,""t"":1806},{""x"":1119,""y"":689,""t"":1840},{""x"":1125,""y"":677,""t"":1874},{""x"":1137,""y"":662,""t"":1908},{""x"":1195,""y"":662,""t"":1943},{""x"":1220,""y"":663,""t"":1977}]","[{""x"":250,""y"":425,""width"":80,""height"":80,""top"":385,""right"":290,""bottom"":465,""left"":210},{""x"":400,""y"":165.1923788646684,""width"":80,""height"":80,""top"":125.1923788646684,""right"":440,""bottom"":205.1923788646684,""left"":360},{""x"":700,""y"":165.1923788646684,""width"":80,""height"":80,""top"":125.1923788646684,""right"":740,""bottom"":205.1923788646684,""left"":660},{""x"":850,""y"":425,""width"":80,""height"":80,""top"":385,""right"":890,""bottom"":465,""left"":810},{""x"":700,""y"":684.8076211353316,""width"":80,""height"":80,""top"":644.8076211353316,""right"":740,""bottom"":724.8076211353316,""left"":660},{""x"":400,""y"":684.8076211353316,""width"":80,""height"":80,""top"":644.8076211353316,""right"":440,""bottom"":724.8076211353316,""left"":360}]","{""#container"":{""x"":410,""y"":129.390625,""width"":1100,""height"":850,""top"":129.390625,""right"":1510,""bottom"":979.390625,""left"":410}}","[{'yellow': 0}, {'blue': 0}, {'purple': 0}, {'cyan': 2}, {'green': 21}, {'red': 4}]",,green
398,,,,1105.0,1.0,1.0,"[""yellow"",""red"",""purple"",""cyan"",""blue"",""green""]",green,True,"[{""x"":1172,""y"":684,""t"":5},{""x"":1129,""y"":697,""t"":47},{""x"":1078,""y"":719,""t"":76},{""x"":1034,""y"":721,""t"":107},{""x"":998,""y"":741,""t"":139},{""x"":960,""y"":735,""t"":174},{""x"":936,""y"":744,""t"":208},{""x"":921,""y"":747,""t"":242},{""x"":905,""y"":744,""t"":276},{""x"":893,""y"":741,""t"":309},{""x"":876,""y"":733,""t"":344},{""x"":865,""y"":735,""t"":378},{""x"":881,""y"":739,""t"":412},{""x"":898,""y"":738,""t"":446},{""x"":911,""y"":710,""t"":480},{""x"":921,""y"":685,""t"":515},{""x"":922,""y"":666,""t"":548},{""x"":939,""y"":657,""t"":583},{""x"":935,""y"":664,""t"":617},{""x"":930,""y"":657,""t"":650},{""x"":984,""y"":651,""t"":684},{""x"":1025,""y"":644,""t"":716},{""x"":1110,""y"":649,""t"":752},{""x"":1155,""y"":663,""t"":787},{""x"":1167,""y"":657,""t"":820},{""x"":1212,""y"":673,""t"":854},{""x"":1266,""y"":688,""t"":889},{""x"":1306,""y"":689,""t"":922},{""x"":1341,""y"":714,""t"":956},{""x"":1315,""y"":706,""t"":990},{""x"":1241,""y"":703,""t"":1024},{""x"":1147,""y"":693,""t"":1058},{""x"":1070,""y"":698,""t"":1091},{""x"":993,""y"":688,""t"":1126},{""x"":920,""y"":672,""t"":1160},{""x"":881,""y"":672,""t"":1193},{""x"":842,""y"":669,""t"":1228},{""x"":832,""y"":692,""t"":1262},{""x"":804,""y"":682,""t"":1295},{""x"":793,""y"":677,""t"":1330},{""x"":782,""y"":670,""t"":1363},{""x"":780,""y"":684,""t"":1398},{""x"":822,""y"":702,""t"":1432},{""x"":873,""y"":702,""t"":1466},{""x"":956,""y"":720,""t"":1499},{""x"":1012,""y"":739,""t"":1534},{""x"":1036,""y"":762,""t"":1568},{""x"":1091,""y"":770,""t"":1602},{""x"":1130,""y"":770,""t"":1636},{""x"":1147,""y"":759,""t"":1670},{""x"":1146,""y"":758,""t"":1704},{""x"":1139,""y"":753,""t"":1739},{""x"":1145,""y"":753,""t"":1773},{""x"":1151,""y"":773,""t"":1806},{""x"":1138,""y"":782,""t"":1840},{""x"":1095,""y"":790,""t"":1874},{""x"":1061,""y"":803,""t"":1908},{""x"":1030,""y"":800,""t"":1942},{""x"":987,""y"":809,""t"":1976}]","[{""x"":250,""y"":425,""width"":80,""height"":80,""top"":385,""right"":290,""bottom"":465,""left"":210},{""x"":400,""y"":165.1923788646684,""width"":80,""height"":80,""top"":125.1923788646684,""right"":440,""bottom"":205.1923788646684,""left"":360},{""x"":700,""y"":165.1923788646684,""width"":80,""height"":80,""top"":125.1923788646684,""right"":740,""bottom"":205.1923788646684,""left"":660},{""x"":850,""y"":425,""width"":80,""height"":80,""top"":385,""right"":890,""bottom"":465,""left"":810},{""x"":700,""y"":684.8076211353316,""width"":80,""height"":80,""top"":644.8076211353316,""right"":740,""bottom"":724.8076211353316,""left"":660},{""x"":400,""y"":684.8076211353316,""width"":80,""height"":80,""top"":644.8076211353316,""right"":440,""bottom"":724.8076211353316,""left"":360}]","{""#container"":{""x"":410,""y"":129.390625,""width"":1100,""height"":850,""top"":129.390625,""right"":1510,""bottom"":979.390625,""left"":410}}","[{'yellow': 0}, {'red': 0}, {'purple': 0}, {'cyan': 5}, {'blue': 21}, {'green': 17}]",{'green': 17},blue
399,,,,495.0,6.0,6.0,"[""red"",""green"",""purple"",""yellow"",""blue"",""cyan""]",yellow_1,True,"[{""x"":949,""y"":793,""t"":3},{""x"":903,""y"":766,""t"":46},{""x"":891,""y"":739,""t"":74},{""x"":880,""y"":720,""t"":106},{""x"":870,""y"":706,""t"":140},{""x"":866,""y"":693,""t"":174},{""x"":869,""y"":690,""t"":208},{""x"":902,""y"":689,""t"":242},{""x"":896,""y"":675,""t"":276},{""x"":911,""y"":673,""t"":310},{""x"":904,""y"":666,""t"":344},{""x"":909,""y"":671,""t"":379},{""x"":943,""y"":686,""t"":412},{""x"":971,""y"":703,""t"":446},{""x"":992,""y"":713,""t"":480},{""x"":991,""y"":718,""t"":514},{""x"":994,""y"":714,""t"":548},{""x"":1006,""y"":716,""t"":582},{""x"":1010,""y"":715,""t"":617},{""x"":1039,""y"":725,""t"":650},{""x"":1096,""y"":753,""t"":684},{""x"":1134,""y"":778,""t"":715},{""x"":1174,""y"":785,""t"":752},{""x"":1205,""y"":790,""t"":785},{""x"":1208,""y"":799,""t"":820},{""x"":1217,""y"":792,""t"":853},{""x"":1163,""y"":775,""t"":889},{""x"":1133,""y"":752,""t"":921},{""x"":1129,""y"":734,""t"":957},{""x"":1097,""y"":690,""t"":990},{""x"":1075,""y"":674,""t"":1025},{""x"":1049,""y"":664,""t"":1057},{""x"":1004,""y"":634,""t"":1091},{""x"":978,""y"":606,""t"":1126},{""x"":954,""y"":584,""t"":1161},{""x"":959,""y"":602,""t"":1194},{""x"":932,""y"":579,""t"":1227},{""x"":906,""y"":556,""t"":1262},{""x"":925,""y"":565,""t"":1295},{""x"":948,""y"":583,""t"":1329},{""x"":967,""y"":603,""t"":1364},{""x"":982,""y"":622,""t"":1398},{""x"":1018,""y"":637,""t"":1432},{""x"":1042,""y"":643,""t"":1466},{""x"":1049,""y"":631,""t"":1500},{""x"":1100,""y"":634,""t"":1534},{""x"":1112,""y"":654,""t"":1568},{""x"":1136,""y"":684,""t"":1602},{""x"":1126,""y"":712,""t"":1636},{""x"":1125,""y"":749,""t"":1669},{""x"":1091,""y"":750,""t"":1704},{""x"":1061,""y"":743,""t"":1738},{""x"":1037,""y"":752,""t"":1772},{""x"":1060,""y"":770,""t"":1806},{""x"":1039,""y"":754,""t"":1840},{""x"":1002,""y"":757,""t"":1874},{""x"":988,""y"":759,""t"":1908},{""x"":997,""y"":753,""t"":1942},{""x"":969,""y"":731,""t"":1976}]","[{""x"":250,""y"":425,""width"":80,""height"":80,""top"":385,""right"":290,""bottom"":465,""left"":210},{""x"":400,""y"":165.1923788646684,""width"":80,""height"":80,""top"":125.1923788646684,""right"":440,""bottom"":205.1923788646684,""left"":360},{""x"":700,""y"":165.1923788646684,""width"":80,""height"":80,""top"":125.1923788646684,""right"":740,""bottom"":205.1923788646684,""left"":660},{""x"":850,""y"":425,""width"":80,""height"":80,""top"":385,""right"":890,""bottom"":465,""left"":810},{""x"":700,""y"":684.8076211353316,""width"":80,""height"":80,""top"":644.8076211353316,""right"":740,""bottom"":724.8076211353316,""left"":660},{""x"":400,""y"":684.8076211353316,""width"":80,""height"":80,""top"":644.8076211353316,""right"":440,""bottom"":724.8076211353316,""left"":360}]","{""#container"":{""x"":410,""y"":129.390625,""width"":1100,""height"":850,""top"":129.390625,""right"":1510,""bottom"":979.390625,""left"":410}}","[{'red': 0}, {'green': 0}, {'purple': 0}, {'yellow': 0}, {'blue': 25}, {'cyan': 7}]",,blue
400,,,,514.0,3.0,3.0,"[""red"",""purple"",""cyan"",""blue"",""green"",""yellow""]",green_1,True,"[{""x"":954,""y"":729,""t"":4},{""x"":944,""y"":728,""t"":40},{""x"":939,""y"":728,""t"":73},{""x"":937,""y"":743,""t"":106},{""x"":909,""y"":719,""t"":140},{""x"":904,""y"":723,""t"":175},{""x"":897,""y"":725,""t"":208},{""x"":911,""y"":731,""t"":243},{""x"":917,""y"":743,""t"":277},{""x"":911,""y"":729,""t"":310},{""x"":906,""y"":717,""t"":344},{""x"":916,""y"":709,""t"":378},{""x"":914,""y"":722,""t"":412},{""x"":884,""y"":741,""t"":446},{""x"":863,""y"":734,""t"":480},{""x"":848,""y"":744,""t"":514},{""x"":828,""y"":748,""t"":548},{""x"":811,""y"":740,""t"":582},{""x"":803,""y"":749,""t"":615},{""x"":812,""y"":739,""t"":650},{""x"":821,""y"":731,""t"":684},{""x"":857,""y"":752,""t"":718},{""x"":869,""y"":752,""t"":752},{""x"":891,""y"":756,""t"":786},{""x"":906,""y"":742,""t"":819},{""x"":915,""y"":755,""t"":854},{""x"":925,""y"":761,""t"":889},{""x"":922,""y"":757,""t"":922},{""x"":928,""y"":766,""t"":956},{""x"":938,""y"":758,""t"":990},{""x"":954,""y"":758,""t"":1024},{""x"":967,""y"":781,""t"":1058},{""x"":984,""y"":789,""t"":1093},{""x"":961,""y"":772,""t"":1126},{""x"":954,""y"":790,""t"":1159},{""x"":1031,""y"":797,""t"":1194},{""x"":1079,""y"":798,""t"":1227},{""x"":1094,""y"":786,""t"":1262},{""x"":1098,""y"":759,""t"":1296},{""x"":1099,""y"":736,""t"":1328},{""x"":1114,""y"":721,""t"":1364},{""x"":1132,""y"":696,""t"":1398},{""x"":1111,""y"":681,""t"":1432},{""x"":1105,""y"":671,""t"":1466},{""x"":1077,""y"":655,""t"":1500},{""x"":1060,""y"":637,""t"":1534},{""x"":1006,""y"":608,""t"":1568},{""x"":991,""y"":605,""t"":1602},{""x"":1010,""y"":609,""t"":1635},{""x"":966,""y"":587,""t"":1670},{""x"":951,""y"":580,""t"":1703},{""x"":923,""y"":577,""t"":1738},{""x"":900,""y"":573,""t"":1769},{""x"":961,""y"":634,""t"":1805},{""x"":1009,""y"":674,""t"":1839},{""x"":1006,""y"":701,""t"":1873},{""x"":1031,""y"":719,""t"":1908},{""x"":1047,""y"":741,""t"":1942},{""x"":1071,""y"":740,""t"":1975}]","[{""x"":250,""y"":425,""width"":80,""height"":80,""top"":385,""right"":290,""bottom"":465,""left"":210},{""x"":400,""y"":165.1923788646684,""width"":80,""height"":80,""top"":125.1923788646684,""right"":440,""bottom"":205.1923788646684,""left"":360},{""x"":700,""y"":165.1923788646684,""width"":80,""height"":80,""top"":125.1923788646684,""right"":740,""bottom"":205.1923788646684,""left"":660},{""x"":850,""y"":425,""width"":80,""height"":80,""top"":385,""right"":890,""bottom"":465,""left"":810},{""x"":700,""y"":684.8076211353316,""width"":80,""height"":80,""top"":644.8076211353316,""right"":740,""bottom"":724.8076211353316,""left"":660},{""x"":400,""y"":684.8076211353316,""width"":80,""height"":80,""top"":644.8076211353316,""right"":440,""bottom"":724.8076211353316,""left"":360}]","{""#container"":{""x"":410,""y"":129.390625,""width"":1100,""height"":850,""top"":129.390625,""right"":1510,""bottom"":979.390625,""left"":410}}","[{'red': 0}, {'purple': 0}, {'cyan': 0}, {'blue': 0}, {'green': 14}, {'yellow': 28}]",{'green_1': 14},yellow
401,,,,809.0,7.0,1.0,"[""blue"",""green"",""yellow"",""red"",""purple"",""cyan""]",cyan_1,False,"[{""x"":1033,""y"":744,""t"":5},{""x"":1020,""y"":754,""t"":48},{""x"":995,""y"":744,""t"":77},{""x"":975,""y"":733,""t"":106},{""x"":955,""y"":730,""t"":139},{""x"":921,""y"":723,""t"":174},{""x"":919,""y"":717,""t"":209},{""x"":923,""y"":707,""t"":242},{""x"":928,""y"":719,""t"":276},{""x"":920,""y"":722,""t"":311},{""x"":933,""y"":730,""t"":344},{""x"":951,""y"":740,""t"":378},{""x"":934,""y"":749,""t"":412},{""x"":906,""y"":774,""t"":445},{""x"":874,""y"":827,""t"":480},{""x"":856,""y"":864,""t"":513},{""x"":830,""y"":866,""t"":549},{""x"":849,""y"":858,""t"":581},{""x"":870,""y"":836,""t"":616},{""x"":879,""y"":803,""t"":651},{""x"":912,""y"":770,""t"":684},{""x"":932,""y"":740,""t"":719},{""x"":959,""y"":726,""t"":752},{""x"":952,""y"":689,""t"":786},{""x"":976,""y"":647,""t"":819},{""x"":990,""y"":627,""t"":855},{""x"":975,""y"":602,""t"":889},{""x"":993,""y"":592,""t"":922},{""x"":997,""y"":597,""t"":956},{""x"":1010,""y"":588,""t"":991},{""x"":1010,""y"":579,""t"":1024},{""x"":1031,""y"":595,""t"":1058},{""x"":1026,""y"":605,""t"":1092},{""x"":1023,""y"":615,""t"":1126},{""x"":1013,""y"":615,""t"":1160},{""x"":1003,""y"":612,""t"":1194},{""x"":981,""y"":616,""t"":1228},{""x"":968,""y"":630,""t"":1262},{""x"":950,""y"":639,""t"":1296},{""x"":990,""y"":666,""t"":1330},{""x"":1028,""y"":698,""t"":1364},{""x"":1031,""y"":711,""t"":1397},{""x"":1032,""y"":711,""t"":1432},{""x"":1042,""y"":733,""t"":1466},{""x"":1048,""y"":736,""t"":1500},{""x"":1043,""y"":746,""t"":1534},{""x"":1065,""y"":779,""t"":1566},{""x"":1084,""y"":781,""t"":1602},{""x"":1063,""y"":776,""t"":1637},{""x"":1066,""y"":772,""t"":1669},{""x"":1067,""y"":765,""t"":1705},{""x"":1056,""y"":757,""t"":1738},{""x"":1046,""y"":766,""t"":1772},{""x"":1020,""y"":765,""t"":1806},{""x"":973,""y"":752,""t"":1840},{""x"":933,""y"":757,""t"":1874},{""x"":900,""y"":745,""t"":1908},{""x"":886,""y"":744,""t"":1942},{""x"":866,""y"":734,""t"":1976}]","[{""x"":250,""y"":425,""width"":80,""height"":80,""top"":385,""right"":290,""bottom"":465,""left"":210},{""x"":400,""y"":165.1923788646684,""width"":80,""height"":80,""top"":125.1923788646684,""right"":440,""bottom"":205.1923788646684,""left"":360},{""x"":700,""y"":165.1923788646684,""width"":80,""height"":80,""top"":125.1923788646684,""right"":740,""bottom"":205.1923788646684,""left"":660},{""x"":850,""y"":425,""width"":80,""height"":80,""top"":385,""right"":890,""bottom"":465,""left"":810},{""x"":700,""y"":684.8076211353316,""width"":80,""height"":80,""top"":644.8076211353316,""right"":740,""bottom"":724.8076211353316,""left"":660},{""x"":400,""y"":684.8076211353316,""width"":80,""height"":80,""top"":644.8076211353316,""right"":440,""bottom"":724.8076211353316,""left"":360}]","{""#container"":{""x"":410,""y"":129.390625,""width"":1100,""height"":850,""top"":129.390625,""right"":1510,""bottom"":979.390625,""left"":410}}","[{'blue': 0}, {'green': 0}, {'yellow': 0}, {'red': 0}, {'purple': 17}, {'cyan': 18}]",{'cyan_1': 18},cyan_1
402,,,,435.0,3.0,3.0,"[""green"",""purple"",""red"",""cyan"",""blue"",""yellow""]",blue_1,True,"[{""x"":869,""y"":720,""t"":4},{""x"":860,""y"":712,""t"":46},{""x"":853,""y"":705,""t"":74},{""x"":857,""y"":704,""t"":106},{""x"":862,""y"":716,""t"":140},{""x"":880,""y"":706,""t"":173},{""x"":885,""y"":702,""t"":209},{""x"":897,""y"":703,""t"":242},{""x"":910,""y"":689,""t"":275},{""x"":926,""y"":712,""t"":310},{""x"":951,""y"":702,""t"":344},{""x"":939,""y"":700,""t"":378},{""x"":928,""y"":695,""t"":413},{""x"":910,""y"":720,""t"":446},{""x"":908,""y"":728,""t"":481},{""x"":899,""y"":744,""t"":514},{""x"":896,""y"":757,""t"":548},{""x"":871,""y"":740,""t"":582},{""x"":870,""y"":734,""t"":616},{""x"":867,""y"":732,""t"":650},{""x"":875,""y"":738,""t"":684},{""x"":861,""y"":713,""t"":717},{""x"":844,""y"":712,""t"":752},{""x"":836,""y"":703,""t"":785},{""x"":842,""y"":705,""t"":820},{""x"":870,""y"":713,""t"":853},{""x"":910,""y"":719,""t"":888},{""x"":934,""y"":706,""t"":922},{""x"":953,""y"":710,""t"":956},{""x"":990,""y"":724,""t"":990},{""x"":978,""y"":735,""t"":1023},{""x"":978,""y"":761,""t"":1058},{""x"":962,""y"":784,""t"":1091},{""x"":936,""y"":782,""t"":1125},{""x"":936,""y"":783,""t"":1160},{""x"":917,""y"":778,""t"":1194},{""x"":909,""y"":789,""t"":1229},{""x"":916,""y"":808,""t"":1262},{""x"":909,""y"":802,""t"":1295},{""x"":899,""y"":803,""t"":1330},{""x"":919,""y"":804,""t"":1365},{""x"":910,""y"":797,""t"":1397},{""x"":931,""y"":789,""t"":1432},{""x"":941,""y"":767,""t"":1466},{""x"":992,""y"":765,""t"":1499},{""x"":1023,""y"":748,""t"":1533},{""x"":1047,""y"":731,""t"":1567},{""x"":1078,""y"":721,""t"":1601},{""x"":1095,""y"":714,""t"":1636},{""x"":1122,""y"":695,""t"":1670},{""x"":1167,""y"":695,""t"":1701},{""x"":1142,""y"":694,""t"":1738},{""x"":1158,""y"":696,""t"":1771},{""x"":1144,""y"":713,""t"":1805},{""x"":1138,""y"":729,""t"":1840},{""x"":1107,""y"":726,""t"":1874},{""x"":1102,""y"":734,""t"":1908},{""x"":1109,""y"":740,""t"":1942},{""x"":1072,""y"":740,""t"":1975}]","[{""x"":250,""y"":425,""width"":80,""height"":80,""top"":385,""right"":290,""bottom"":465,""left"":210},{""x"":400,""y"":165.1923788646684,""width"":80,""height"":80,""top"":125.1923788646684,""right"":440,""bottom"":205.1923788646684,""left"":360},{""x"":700,""y"":165.1923788646684,""width"":80,""height"":80,""top"":125.1923788646684,""right"":740,""bottom"":205.1923788646684,""left"":660},{""x"":850,""y"":425,""width"":80,""height"":80,""top"":385,""right"":890,""bottom"":465,""left"":810},{""x"":700,""y"":684.8076211353316,""width"":80,""height"":80,""top"":644.8076211353316,""right"":740,""bottom"":724.8076211353316,""left"":660},{""x"":400,""y"":684.8076211353316,""width"":80,""height"":80,""top"":644.8076211353316,""right"":440,""bottom"":724.8076211353316,""left"":360}]","{""#container"":{""x"":410,""y"":129.390625,""width"":1100,""height"":850,""top"":129.390625,""right"":1510,""bottom"":979.390625,""left"":410}}","[{'green': 0}, {'purple': 0}, {'red': 0}, {'cyan': 0}, {'blue': 16}, {'yellow': 33}]",{'blue_1': 16},yellow
403,,,,490.0,9.0,9.0,"[""yellow"",""cyan"",""red"",""blue"",""green"",""purple""]",red_1,True,"[{""x"":1013,""y"":729,""t"":4},{""x"":998,""y"":732,""t"":46},{""x"":978,""y"":730,""t"":77},{""x"":945,""y"":725,""t"":107},{""x"":921,""y"":716,""t"":140},{""x"":919,""y"":708,""t"":173},{""x"":914,""y"":707,""t"":208},{""x"":908,""y"":704,""t"":241},{""x"":907,""y"":700,""t"":277},{""x"":942,""y"":694,""t"":310},{""x"":949,""y"":700,""t"":344},{""x"":963,""y"":699,""t"":378},{""x"":1015,""y"":717,""t"":410},{""x"":1032,""y"":718,""t"":447},{""x"":1041,""y"":707,""t"":480},{""x"":1066,""y"":701,""t"":515},{""x"":1111,""y"":701,""t"":548},{""x"":1109,""y"":679,""t"":582},{""x"":1109,""y"":655,""t"":616},{""x"":1122,""y"":660,""t"":650},{""x"":1116,""y"":646,""t"":683},{""x"":1127,""y"":651,""t"":717},{""x"":1113,""y"":665,""t"":751},{""x"":1085,""y"":688,""t"":785},{""x"":1048,""y"":687,""t"":818},{""x"":1019,""y"":704,""t"":854},{""x"":973,""y"":711,""t"":888},{""x"":986,""y"":708,""t"":922},{""x"":988,""y"":722,""t"":956},{""x"":954,""y"":731,""t"":990},{""x"":924,""y"":723,""t"":1025},{""x"":910,""y"":732,""t"":1058},{""x"":901,""y"":748,""t"":1091},{""x"":894,""y"":741,""t"":1127},{""x"":893,""y"":761,""t"":1160},{""x"":898,""y"":767,""t"":1193},{""x"":908,""y"":768,""t"":1228},{""x"":904,""y"":763,""t"":1262},{""x"":914,""y"":765,""t"":1296},{""x"":908,""y"":767,""t"":1330},{""x"":898,""y"":760,""t"":1364},{""x"":895,""y"":754,""t"":1398},{""x"":889,""y"":753,""t"":1432},{""x"":899,""y"":761,""t"":1466},{""x"":900,""y"":769,""t"":1499},{""x"":896,""y"":765,""t"":1533},{""x"":906,""y"":769,""t"":1568},{""x"":905,""y"":763,""t"":1602},{""x"":918,""y"":773,""t"":1635},{""x"":908,""y"":780,""t"":1669},{""x"":915,""y"":773,""t"":1703},{""x"":929,""y"":775,""t"":1738},{""x"":950,""y"":785,""t"":1772},{""x"":941,""y"":784,""t"":1806},{""x"":928,""y"":763,""t"":1839},{""x"":928,""y"":764,""t"":1874},{""x"":918,""y"":762,""t"":1908},{""x"":909,""y"":749,""t"":1942},{""x"":886,""y"":726,""t"":1973}]","[{""x"":250,""y"":425,""width"":80,""height"":80,""top"":385,""right"":290,""bottom"":465,""left"":210},{""x"":400,""y"":165.1923788646684,""width"":80,""height"":80,""top"":125.1923788646684,""right"":440,""bottom"":205.1923788646684,""left"":360},{""x"":700,""y"":165.1923788646684,""width"":80,""height"":80,""top"":125.1923788646684,""right"":740,""bottom"":205.1923788646684,""left"":660},{""x"":850,""y"":425,""width"":80,""height"":80,""top"":385,""right"":890,""bottom"":465,""left"":810},{""x"":700,""y"":684.8076211353316,""width"":80,""height"":80,""top"":644.8076211353316,""right"":740,""bottom"":724.8076211353316,""left"":660},{""x"":400,""y"":684.8076211353316,""width"":80,""height"":80,""top"":644.8076211353316,""right"":440,""bottom"":724.8076211353316,""left"":360}]","{""#container"":{""x"":410,""y"":129.390625,""width"":1100,""height"":850,""top"":129.390625,""right"":1510,""bottom"":979.390625,""left"":410}}","[{'yellow': 0}, {'cyan': 0}, {'red': 0}, {'blue': 0}, {'green': 12}, {'purple': 33}]",,purple
404,,,,936.0,6.0,6.0,"[""green"",""yellow"",""blue"",""purple"",""cyan"",""red""]",purple_1,True,"[{""x"":912,""y"":715,""t"":3},{""x"":925,""y"":722,""t"":37},{""x"":950,""y"":726,""t"":72},{""x"":962,""y"":721,""t"":105},{""x"":1001,""y"":735,""t"":140},{""x"":1023,""y"":743,""t"":173},{""x"":1036,""y"":756,""t"":208},{""x"":1048,""y"":762,""t"":240},{""x"":1058,""y"":767,""t"":276},{""x"":1072,""y"":772,""t"":309},{""x"":1068,""y"":749,""t"":344},{""x"":1102,""y"":751,""t"":378},{""x"":1115,""y"":760,""t"":412},{""x"":1107,""y"":771,""t"":445},{""x"":1106,""y"":784,""t"":481},{""x"":1111,""y"":784,""t"":513},{""x"":1110,""y"":761,""t"":548},{""x"":1105,""y"":734,""t"":581},{""x"":1105,""y"":721,""t"":616},{""x"":1087,""y"":703,""t"":651},{""x"":1091,""y"":712,""t"":684},{""x"":1038,""y"":748,""t"":718},{""x"":1023,""y"":831,""t"":752},{""x"":993,""y"":892,""t"":785},{""x"":969,""y"":964,""t"":820},{""x"":939,""y"":971,""t"":854},{""x"":915,""y"":970,""t"":888},{""x"":898,""y"":931,""t"":923},{""x"":891,""y"":897,""t"":956},{""x"":933,""y"":883,""t"":990},{""x"":920,""y"":858,""t"":1024},{""x"":929,""y"":810,""t"":1058},{""x"":925,""y"":784,""t"":1092},{""x"":965,""y"":757,""t"":1125},{""x"":979,""y"":712,""t"":1160},{""x"":992,""y"":678,""t"":1194},{""x"":1011,""y"":642,""t"":1227},{""x"":1022,""y"":643,""t"":1261},{""x"":1058,""y"":653,""t"":1295},{""x"":1048,""y"":657,""t"":1330},{""x"":1040,""y"":668,""t"":1365},{""x"":1030,""y"":668,""t"":1398},{""x"":1013,""y"":650,""t"":1431},{""x"":996,""y"":642,""t"":1466},{""x"":978,""y"":624,""t"":1500},{""x"":1009,""y"":645,""t"":1534},{""x"":1005,""y"":664,""t"":1568},{""x"":996,""y"":697,""t"":1602},{""x"":980,""y"":720,""t"":1637},{""x"":950,""y"":726,""t"":1669},{""x"":932,""y"":730,""t"":1703},{""x"":932,""y"":719,""t"":1738},{""x"":928,""y"":724,""t"":1771},{""x"":934,""y"":739,""t"":1804},{""x"":937,""y"":738,""t"":1839},{""x"":928,""y"":755,""t"":1873},{""x"":933,""y"":759,""t"":1907},{""x"":932,""y"":769,""t"":1941},{""x"":933,""y"":795,""t"":1976}]","[{""x"":250,""y"":425,""width"":80,""height"":80,""top"":385,""right"":290,""bottom"":465,""left"":210},{""x"":400,""y"":165.1923788646684,""width"":80,""height"":80,""top"":125.1923788646684,""right"":440,""bottom"":205.1923788646684,""left"":360},{""x"":700,""y"":165.1923788646684,""width"":80,""height"":80,""top"":125.1923788646684,""right"":740,""bottom"":205.1923788646684,""left"":660},{""x"":850,""y"":425,""width"":80,""height"":80,""top"":385,""right"":890,""bottom"":465,""left"":810},{""x"":700,""y"":684.8076211353316,""width"":80,""height"":80,""top"":644.8076211353316,""right"":740,""bottom"":724.8076211353316,""left"":660},{""x"":400,""y"":684.8076211353316,""width"":80,""height"":80,""top"":644.8076211353316,""right"":440,""bottom"":724.8076211353316,""left"":360}]","{""#container"":{""x"":410,""y"":129.390625,""width"":1100,""height"":850,""top"":129.390625,""right"":1510,""bottom"":979.390625,""left"":410}}","[{'green': 0}, {'yellow': 0}, {'blue': 0}, {'purple': 0}, {'cyan': 20}, {'red': 16}]",,cyan
405,,,,1353.0,1.0,1.0,"[""red"",""cyan"",""blue"",""green"",""yellow"",""purple""]",purple,True,"[{""x"":941,""y"":785,""t"":4},{""x"":954,""y"":785,""t"":45},{""x"":945,""y"":782,""t"":75},{""x"":946,""y"":775,""t"":105},{""x"":946,""y"":760,""t"":141},{""x"":972,""y"":757,""t"":174},{""x"":976,""y"":755,""t"":208},{""x"":985,""y"":736,""t"":242},{""x"":1004,""y"":721,""t"":275},{""x"":1023,""y"":709,""t"":310},{""x"":1007,""y"":693,""t"":343},{""x"":996,""y"":714,""t"":378},{""x"":978,""y"":723,""t"":411},{""x"":952,""y"":726,""t"":445},{""x"":927,""y"":716,""t"":480},{""x"":895,""y"":716,""t"":514},{""x"":881,""y"":713,""t"":547},{""x"":860,""y"":701,""t"":581},{""x"":844,""y"":691,""t"":617},{""x"":872,""y"":695,""t"":650},{""x"":928,""y"":693,""t"":683},{""x"":967,""y"":706,""t"":718},{""x"":1012,""y"":705,""t"":752},{""x"":1068,""y"":703,""t"":786},{""x"":1090,""y"":695,""t"":818},{""x"":1101,""y"":694,""t"":853},{""x"":1122,""y"":688,""t"":889},{""x"":1120,""y"":679,""t"":922},{""x"":1131,""y"":690,""t"":955},{""x"":1128,""y"":683,""t"":990},{""x"":1076,""y"":671,""t"":1024},{""x"":1027,""y"":665,""t"":1058},{""x"":989,""y"":659,""t"":1092},{""x"":989,""y"":655,""t"":1125},{""x"":971,""y"":674,""t"":1161},{""x"":966,""y"":681,""t"":1194},{""x"":958,""y"":659,""t"":1228},{""x"":955,""y"":698,""t"":1262},{""x"":939,""y"":688,""t"":1296},{""x"":902,""y"":710,""t"":1330},{""x"":875,""y"":739,""t"":1363},{""x"":842,""y"":751,""t"":1398},{""x"":811,""y"":769,""t"":1432},{""x"":800,""y"":769,""t"":1465},{""x"":803,""y"":796,""t"":1500},{""x"":804,""y"":815,""t"":1533},{""x"":834,""y"":802,""t"":1568},{""x"":897,""y"":805,""t"":1601},{""x"":932,""y"":804,""t"":1636},{""x"":965,""y"":798,""t"":1669},{""x"":982,""y"":794,""t"":1704},{""x"":1037,""y"":806,""t"":1738},{""x"":1060,""y"":801,""t"":1772},{""x"":1082,""y"":797,""t"":1805},{""x"":1112,""y"":791,""t"":1841},{""x"":1134,""y"":785,""t"":1874},{""x"":1159,""y"":792,""t"":1908},{""x"":1157,""y"":781,""t"":1941},{""x"":1171,""y"":763,""t"":1976}]","[{""x"":250,""y"":425,""width"":80,""height"":80,""top"":385,""right"":290,""bottom"":465,""left"":210},{""x"":400,""y"":165.1923788646684,""width"":80,""height"":80,""top"":125.1923788646684,""right"":440,""bottom"":205.1923788646684,""left"":360},{""x"":700,""y"":165.1923788646684,""width"":80,""height"":80,""top"":125.1923788646684,""right"":740,""bottom"":205.1923788646684,""left"":660},{""x"":850,""y"":425,""width"":80,""height"":80,""top"":385,""right"":890,""bottom"":465,""left"":810},{""x"":700,""y"":684.8076211353316,""width"":80,""height"":80,""top"":644.8076211353316,""right"":740,""bottom"":724.8076211353316,""left"":660},{""x"":400,""y"":684.8076211353316,""width"":80,""height"":80,""top"":644.8076211353316,""right"":440,""bottom"":724.8076211353316,""left"":360}]","{""#container"":{""x"":410,""y"":129.390625,""width"":1100,""height"":850,""top"":129.390625,""right"":1510,""bottom"":979.390625,""left"":410}}","[{'red': 0}, {'cyan': 0}, {'blue': 0}, {'green': 0}, {'yellow': 24}, {'purple': 20}]",{'purple': 20},yellow
406,,,,1239.0,1.0,1.0,"[""yellow"",""cyan"",""blue"",""green"",""purple"",""red""]",red,True,"[{""x"":1131,""y"":759,""t"":4},{""x"":1106,""y"":751,""t"":48},{""x"":1051,""y"":750,""t"":77},{""x"":1002,""y"":737,""t"":106},{""x"":971,""y"":744,""t"":140},{""x"":933,""y"":741,""t"":174},{""x"":921,""y"":747,""t"":206},{""x"":880,""y"":749,""t"":242},{""x"":875,""y"":753,""t"":277},{""x"":914,""y"":756,""t"":311},{""x"":923,""y"":718,""t"":345},{""x"":924,""y"":711,""t"":378},{""x"":926,""y"":680,""t"":412},{""x"":923,""y"":671,""t"":446},{""x"":907,""y"":672,""t"":480},{""x"":892,""y"":664,""t"":514},{""x"":881,""y"":657,""t"":548},{""x"":864,""y"":672,""t"":582},{""x"":850,""y"":682,""t"":616},{""x"":849,""y"":699,""t"":650},{""x"":882,""y"":701,""t"":684},{""x"":926,""y"":717,""t"":718},{""x"":951,""y"":722,""t"":752},{""x"":992,""y"":708,""t"":786},{""x"":1043,""y"":726,""t"":820},{""x"":1071,""y"":727,""t"":854},{""x"":1090,""y"":712,""t"":888},{""x"":1084,""y"":704,""t"":922},{""x"":1085,""y"":689,""t"":956},{""x"":1072,""y"":682,""t"":989},{""x"":1099,""y"":687,""t"":1024},{""x"":1106,""y"":681,""t"":1058},{""x"":1104,""y"":676,""t"":1091},{""x"":1127,""y"":671,""t"":1126},{""x"":1134,""y"":674,""t"":1159},{""x"":1132,""y"":665,""t"":1193},{""x"":1155,""y"":669,""t"":1227},{""x"":1174,""y"":677,""t"":1262},{""x"":1164,""y"":664,""t"":1296},{""x"":1154,""y"":667,""t"":1331},{""x"":1127,""y"":658,""t"":1363},{""x"":1103,""y"":672,""t"":1397},{""x"":1045,""y"":688,""t"":1432},{""x"":1004,""y"":694,""t"":1466},{""x"":962,""y"":693,""t"":1500},{""x"":944,""y"":697,""t"":1534},{""x"":901,""y"":702,""t"":1568},{""x"":884,""y"":730,""t"":1602},{""x"":886,""y"":739,""t"":1635},{""x"":892,""y"":748,""t"":1671},{""x"":895,""y"":749,""t"":1704},{""x"":901,""y"":774,""t"":1738},{""x"":906,""y"":793,""t"":1770},{""x"":920,""y"":802,""t"":1806},{""x"":927,""y"":792,""t"":1840},{""x"":990,""y"":792,""t"":1875},{""x"":1013,""y"":805,""t"":1907},{""x"":1028,""y"":815,""t"":1941},{""x"":1097,""y"":823,""t"":1976}]","[{""x"":250,""y"":425,""width"":80,""height"":80,""top"":385,""right"":290,""bottom"":465,""left"":210},{""x"":400,""y"":165.1923788646684,""width"":80,""height"":80,""top"":125.1923788646684,""right"":440,""bottom"":205.1923788646684,""left"":360},{""x"":700,""y"":165.1923788646684,""width"":80,""height"":80,""top"":125.1923788646684,""right"":740,""bottom"":205.1923788646684,""left"":660},{""x"":850,""y"":425,""width"":80,""height"":80,""top"":385,""right"":890,""bottom"":465,""left"":810},{""x"":700,""y"":684.8076211353316,""width"":80,""height"":80,""top"":644.8076211353316,""right"":740,""bottom"":724.8076211353316,""left"":660},{""x"":400,""y"":684.8076211353316,""width"":80,""height"":80,""top"":644.8076211353316,""right"":440,""bottom"":724.8076211353316,""left"":360}]","{""#container"":{""x"":410,""y"":129.390625,""width"":1100,""height"":850,""top"":129.390625,""right"":1510,""bottom"":979.390625,""left"":410}}","[{'yellow': 0}, {'cyan': 0}, {'blue': 0}, {'green': 2}, {'purple': 21}, {'red': 18}]",{'red': 18},purple
407,,,,633.0,9.0,9.0,"[""cyan"",""red"",""yellow"",""green"",""purple"",""blue""]",yellow,True,"[{""x"":1068,""y"":804,""t"":4},{""x"":1041,""y"":797,""t"":48},{""x"":1017,""y"":791,""t"":70},{""x"":1005,""y"":791,""t"":106},{""x"":985,""y"":764,""t"":140},{""x"":977,""y"":746,""t"":173},{""x"":979,""y"":726,""t"":208},{""x"":948,""y"":716,""t"":242},{""x"":948,""y"":730,""t"":275},{""x"":930,""y"":725,""t"":309},{""x"":928,""y"":711,""t"":344},{""x"":928,""y"":686,""t"":378},{""x"":918,""y"":670,""t"":412},{""x"":925,""y"":660,""t"":446},{""x"":931,""y"":652,""t"":477},{""x"":933,""y"":667,""t"":515},{""x"":927,""y"":641,""t"":548},{""x"":916,""y"":631,""t"":582},{""x"":924,""y"":625,""t"":616},{""x"":938,""y"":630,""t"":649},{""x"":951,""y"":632,""t"":684},{""x"":927,""y"":639,""t"":718},{""x"":917,""y"":668,""t"":751},{""x"":906,""y"":703,""t"":786},{""x"":882,""y"":719,""t"":820},{""x"":856,""y"":733,""t"":854},{""x"":840,""y"":752,""t"":889},{""x"":836,""y"":747,""t"":921},{""x"":849,""y"":756,""t"":956},{""x"":832,""y"":755,""t"":990},{""x"":840,""y"":763,""t"":1023},{""x"":857,""y"":775,""t"":1058},{""x"":879,""y"":776,""t"":1091},{""x"":911,""y"":787,""t"":1126},{""x"":912,""y"":794,""t"":1159},{""x"":899,""y"":801,""t"":1193},{""x"":877,""y"":805,""t"":1227},{""x"":912,""y"":803,""t"":1263},{""x"":956,""y"":812,""t"":1296},{""x"":988,""y"":797,""t"":1329},{""x"":1022,""y"":795,""t"":1364},{""x"":1019,""y"":781,""t"":1398},{""x"":1044,""y"":792,""t"":1432},{""x"":1085,""y"":783,""t"":1465},{""x"":1115,""y"":792,""t"":1500},{""x"":1130,""y"":786,""t"":1534},{""x"":1137,""y"":780,""t"":1570},{""x"":1173,""y"":774,""t"":1602},{""x"":1164,""y"":776,""t"":1636},{""x"":1171,""y"":760,""t"":1669},{""x"":1140,""y"":737,""t"":1704},{""x"":1151,""y"":742,""t"":1738},{""x"":1146,""y"":753,""t"":1773},{""x"":1121,""y"":750,""t"":1805},{""x"":1117,""y"":749,""t"":1840},{""x"":1112,""y"":750,""t"":1874},{""x"":1121,""y"":762,""t"":1908},{""x"":1122,""y"":741,""t"":1942},{""x"":1127,""y"":710,""t"":1976}]","[{""x"":250,""y"":425,""width"":80,""height"":80,""top"":385,""right"":290,""bottom"":465,""left"":210},{""x"":400,""y"":165.1923788646684,""width"":80,""height"":80,""top"":125.1923788646684,""right"":440,""bottom"":205.1923788646684,""left"":360},{""x"":700,""y"":165.1923788646684,""width"":80,""height"":80,""top"":125.1923788646684,""right"":740,""bottom"":205.1923788646684,""left"":660},{""x"":850,""y"":425,""width"":80,""height"":80,""top"":385,""right"":890,""bottom"":465,""left"":810},{""x"":700,""y"":684.8076211353316,""width"":80,""height"":80,""top"":644.8076211353316,""right"":740,""bottom"":724.8076211353316,""left"":660},{""x"":400,""y"":684.8076211353316,""width"":80,""height"":80,""top"":644.8076211353316,""right"":440,""bottom"":724.8076211353316,""left"":360}]","{""#container"":{""x"":410,""y"":129.390625,""width"":1100,""height"":850,""top"":129.390625,""right"":1510,""bottom"":979.390625,""left"":410}}","[{'cyan': 0}, {'red': 0}, {'yellow': 0}, {'green': 0}, {'purple': 26}, {'blue': 17}]",,purple
408,,,,1123.0,9.0,9.0,"[""blue"",""red"",""cyan"",""yellow"",""purple"",""green""]",cyan,True,"[{""x"":1112,""y"":711,""t"":3},{""x"":1116,""y"":713,""t"":44},{""x"":1090,""y"":714,""t"":75},{""x"":1073,""y"":721,""t"":106},{""x"":1067,""y"":731,""t"":140},{""x"":1039,""y"":737,""t"":174},{""x"":1014,""y"":742,""t"":208},{""x"":984,""y"":722,""t"":242},{""x"":997,""y"":731,""t"":277},{""x"":990,""y"":735,""t"":310},{""x"":989,""y"":741,""t"":344},{""x"":972,""y"":754,""t"":378},{""x"":927,""y"":797,""t"":412},{""x"":875,""y"":844,""t"":445},{""x"":867,""y"":851,""t"":480},{""x"":893,""y"":855,""t"":514},{""x"":928,""y"":828,""t"":547},{""x"":959,""y"":805,""t"":580},{""x"":1003,""y"":773,""t"":616},{""x"":1056,""y"":759,""t"":649},{""x"":1084,""y"":724,""t"":684},{""x"":1095,""y"":701,""t"":718},{""x"":1065,""y"":673,""t"":752},{""x"":1032,""y"":657,""t"":786},{""x"":1030,""y"":667,""t"":819},{""x"":1008,""y"":665,""t"":853},{""x"":994,""y"":663,""t"":888},{""x"":977,""y"":672,""t"":922},{""x"":938,""y"":686,""t"":957},{""x"":907,""y"":700,""t"":987},{""x"":905,""y"":709,""t"":1025},{""x"":896,""y"":728,""t"":1058},{""x"":903,""y"":725,""t"":1092},{""x"":883,""y"":728,""t"":1126},{""x"":890,""y"":721,""t"":1159},{""x"":918,""y"":715,""t"":1194},{""x"":922,""y"":707,""t"":1228},{""x"":934,""y"":694,""t"":1262},{""x"":950,""y"":687,""t"":1297},{""x"":959,""y"":684,""t"":1330},{""x"":1005,""y"":688,""t"":1364},{""x"":1040,""y"":692,""t"":1398},{""x"":1057,""y"":696,""t"":1433},{""x"":1059,""y"":689,""t"":1466},{""x"":1081,""y"":700,""t"":1499},{""x"":1095,""y"":710,""t"":1533},{""x"":1087,""y"":697,""t"":1569},{""x"":1109,""y"":703,""t"":1601},{""x"":1109,""y"":688,""t"":1636},{""x"":1111,""y"":675,""t"":1670},{""x"":1126,""y"":671,""t"":1704},{""x"":1129,""y"":670,""t"":1738},{""x"":1109,""y"":663,""t"":1772},{""x"":1061,""y"":645,""t"":1805},{""x"":1020,""y"":634,""t"":1839},{""x"":975,""y"":631,""t"":1874},{""x"":938,""y"":625,""t"":1908},{""x"":894,""y"":602,""t"":1942},{""x"":890,""y"":609,""t"":1976}]","[{""x"":250,""y"":425,""width"":80,""height"":80,""top"":385,""right"":290,""bottom"":465,""left"":210},{""x"":400,""y"":165.1923788646684,""width"":80,""height"":80,""top"":125.1923788646684,""right"":440,""bottom"":205.1923788646684,""left"":360},{""x"":700,""y"":165.1923788646684,""width"":80,""height"":80,""top"":125.1923788646684,""right"":740,""bottom"":205.1923788646684,""left"":660},{""x"":850,""y"":425,""width"":80,""height"":80,""top"":385,""right"":890,""bottom"":465,""left"":810},{""x"":700,""y"":684.8076211353316,""width"":80,""height"":80,""top"":644.8076211353316,""right"":740,""bottom"":724.8076211353316,""left"":660},{""x"":400,""y"":684.8076211353316,""width"":80,""height"":80,""top"":644.8076211353316,""right"":440,""bottom"":724.8076211353316,""left"":360}]","{""#container"":{""x"":410,""y"":129.390625,""width"":1100,""height"":850,""top"":129.390625,""right"":1510,""bottom"":979.390625,""left"":410}}","[{'blue': 0}, {'red': 0}, {'cyan': 0}, {'yellow': 0}, {'purple': 26}, {'green': 13}]",,purple
409,,,,1472.0,9.0,9.0,"[""yellow"",""cyan"",""green"",""purple"",""blue"",""red""]",green_1,True,"[{""x"":883,""y"":625,""t"":5},{""x"":889,""y"":640,""t"":48},{""x"":888,""y"":659,""t"":77},{""x"":878,""y"":668,""t"":107},{""x"":879,""y"":672,""t"":140},{""x"":875,""y"":649,""t"":174},{""x"":890,""y"":658,""t"":206},{""x"":892,""y"":656,""t"":243},{""x"":890,""y"":667,""t"":276},{""x"":892,""y"":656,""t"":310},{""x"":905,""y"":665,""t"":344},{""x"":926,""y"":667,""t"":378},{""x"":926,""y"":654,""t"":412},{""x"":950,""y"":656,""t"":446},{""x"":929,""y"":648,""t"":480},{""x"":914,""y"":630,""t"":514},{""x"":945,""y"":624,""t"":547},{""x"":944,""y"":611,""t"":583},{""x"":986,""y"":606,""t"":616},{""x"":1023,""y"":598,""t"":650},{""x"":1045,""y"":612,""t"":684},{""x"":1064,""y"":606,""t"":718},{""x"":1062,""y"":622,""t"":753},{""x"":1069,""y"":638,""t"":786},{""x"":1074,""y"":655,""t"":819},{""x"":1093,""y"":668,""t"":854},{""x"":1061,""y"":643,""t"":888},{""x"":1070,""y"":646,""t"":921},{""x"":1027,""y"":617,""t"":955},{""x"":1030,""y"":618,""t"":989},{""x"":1033,""y"":620,""t"":1024},{""x"":1025,""y"":605,""t"":1057},{""x"":1022,""y"":602,""t"":1092},{""x"":1021,""y"":615,""t"":1126},{""x"":977,""y"":605,""t"":1159},{""x"":954,""y"":610,""t"":1194},{""x"":919,""y"":607,""t"":1229},{""x"":894,""y"":600,""t"":1262},{""x"":901,""y"":598,""t"":1296},{""x"":873,""y"":583,""t"":1330},{""x"":859,""y"":580,""t"":1364},{""x"":865,""y"":606,""t"":1398},{""x"":904,""y"":628,""t"":1432},{""x"":926,""y"":652,""t"":1466},{""x"":951,""y"":651,""t"":1500},{""x"":967,""y"":670,""t"":1534},{""x"":973,""y"":684,""t"":1568},{""x"":958,""y"":722,""t"":1603},{""x"":934,""y"":732,""t"":1636},{""x"":909,""y"":752,""t"":1669},{""x"":893,""y"":755,""t"":1705},{""x"":878,""y"":754,""t"":1738},{""x"":866,""y"":752,""t"":1769},{""x"":862,""y"":763,""t"":1805},{""x"":848,""y"":783,""t"":1839},{""x"":835,""y"":787,""t"":1874},{""x"":844,""y"":769,""t"":1908},{""x"":834,""y"":759,""t"":1941},{""x"":857,""y"":753,""t"":1977}]","[{""x"":250,""y"":425,""width"":80,""height"":80,""top"":385,""right"":290,""bottom"":465,""left"":210},{""x"":400,""y"":165.1923788646684,""width"":80,""height"":80,""top"":125.1923788646684,""right"":440,""bottom"":205.1923788646684,""left"":360},{""x"":700,""y"":165.1923788646684,""width"":80,""height"":80,""top"":125.1923788646684,""right"":740,""bottom"":205.1923788646684,""left"":660},{""x"":850,""y"":425,""width"":80,""height"":80,""top"":385,""right"":890,""bottom"":465,""left"":810},{""x"":700,""y"":684.8076211353316,""width"":80,""height"":80,""top"":644.8076211353316,""right"":740,""bottom"":724.8076211353316,""left"":660},{""x"":400,""y"":684.8076211353316,""width"":80,""height"":80,""top"":644.8076211353316,""right"":440,""bottom"":724.8076211353316,""left"":360}]","{""#container"":{""x"":410,""y"":129.390625,""width"":1100,""height"":850,""top"":129.390625,""right"":1510,""bottom"":979.390625,""left"":410}}","[{'yellow': 0}, {'cyan': 0}, {'green': 0}, {'purple': 0}, {'blue': 1}, {'red': 11}]",,red
410,,,,953.0,9.0,9.0,"[""purple"",""blue"",""red"",""green"",""cyan"",""yellow""]",red,True,"[{""x"":879,""y"":746,""t"":4},{""x"":889,""y"":732,""t"":38},{""x"":908,""y"":717,""t"":71},{""x"":914,""y"":725,""t"":106},{""x"":912,""y"":717,""t"":140},{""x"":914,""y"":690,""t"":174},{""x"":919,""y"":700,""t"":208},{""x"":921,""y"":714,""t"":242},{""x"":974,""y"":742,""t"":276},{""x"":977,""y"":710,""t"":310},{""x"":1034,""y"":723,""t"":345},{""x"":1094,""y"":716,""t"":378},{""x"":1127,""y"":696,""t"":412},{""x"":1121,""y"":698,""t"":446},{""x"":1063,""y"":689,""t"":479},{""x"":1022,""y"":702,""t"":514},{""x"":984,""y"":724,""t"":548},{""x"":965,""y"":737,""t"":581},{""x"":938,""y"":727,""t"":616},{""x"":903,""y"":733,""t"":650},{""x"":894,""y"":739,""t"":684},{""x"":907,""y"":765,""t"":717},{""x"":900,""y"":779,""t"":751},{""x"":878,""y"":761,""t"":785},{""x"":864,""y"":747,""t"":820},{""x"":866,""y"":759,""t"":854},{""x"":906,""y"":766,""t"":888},{""x"":955,""y"":782,""t"":922},{""x"":1004,""y"":791,""t"":957},{""x"":1011,""y"":792,""t"":991},{""x"":1039,""y"":810,""t"":1024},{""x"":1044,""y"":791,""t"":1058},{""x"":1054,""y"":775,""t"":1092},{""x"":1072,""y"":747,""t"":1126},{""x"":1068,""y"":734,""t"":1160},{""x"":1139,""y"":743,""t"":1194},{""x"":1154,""y"":764,""t"":1229},{""x"":1166,""y"":751,""t"":1261},{""x"":1174,""y"":755,""t"":1297},{""x"":1166,""y"":751,""t"":1330},{""x"":1145,""y"":743,""t"":1364},{""x"":1126,""y"":738,""t"":1396},{""x"":1113,""y"":733,""t"":1432},{""x"":1115,""y"":719,""t"":1466},{""x"":1125,""y"":720,""t"":1500},{""x"":1094,""y"":693,""t"":1533},{""x"":1103,""y"":696,""t"":1568},{""x"":1105,""y"":670,""t"":1601},{""x"":1069,""y"":656,""t"":1636},{""x"":1047,""y"":643,""t"":1670},{""x"":1039,""y"":640,""t"":1703},{""x"":989,""y"":619,""t"":1738},{""x"":971,""y"":618,""t"":1772},{""x"":965,""y"":609,""t"":1805},{""x"":929,""y"":599,""t"":1841},{""x"":908,""y"":595,""t"":1874},{""x"":870,""y"":591,""t"":1909},{""x"":918,""y"":610,""t"":1942},{""x"":949,""y"":626,""t"":1976}]","[{""x"":250,""y"":425,""width"":80,""height"":80,""top"":385,""right"":290,""bottom"":465,""left"":210},{""x"":400,""y"":165.1923788646684,""width"":80,""height"":80,""top"":125.1923788646684,""right"":440,""bottom"":205.1923788646684,""left"":360},{""x"":700,""y"":165.1923788646684,""width"":80,""height"":80,""top"":125.1923788646684,""right"":740,""bottom"":205.1923788646684,""left"":660},{""x"":850,""y"":425,""width"":80,""height"":80,""top"":385,""right"":890,""bottom"":465,""left"":810},{""x"":700,""y"":684.8076211353316,""width"":80,""height"":80,""top"":644.8076211353316,""right"":740,""bottom"":724.8076211353316,""left"":660},{""x"":400,""y"":684.8076211353316,""width"":80,""height"":80,""top"":644.8076211353316,""right"":440,""bottom"":724.8076211353316,""left"":360}]","{""#container"":{""x"":410,""y"":129.390625,""width"":1100,""height"":850,""top"":129.390625,""right"":1510,""bottom"":979.390625,""left"":410}}","[{'purple': 0}, {'blue': 0}, {'red': 0}, {'green': 0}, {'cyan': 26}, {'yellow': 15}]",,cyan
411,,,,939.0,6.0,6.0,"[""red"",""green"",""purple"",""blue"",""yellow"",""cyan""]",blue,True,"[{""x"":927,""y"":638,""t"":3},{""x"":903,""y"":663,""t"":37},{""x"":888,""y"":661,""t"":73},{""x"":888,""y"":684,""t"":106},{""x"":883,""y"":681,""t"":140},{""x"":893,""y"":689,""t"":174},{""x"":856,""y"":666,""t"":208},{""x"":857,""y"":678,""t"":243},{""x"":853,""y"":663,""t"":275},{""x"":830,""y"":644,""t"":310},{""x"":821,""y"":634,""t"":344},{""x"":812,""y"":617,""t"":377},{""x"":810,""y"":626,""t"":412},{""x"":818,""y"":648,""t"":445},{""x"":831,""y"":716,""t"":479},{""x"":876,""y"":825,""t"":514},{""x"":890,""y"":903,""t"":548},{""x"":899,""y"":929,""t"":582},{""x"":895,""y"":869,""t"":617},{""x"":914,""y"":834,""t"":650},{""x"":931,""y"":802,""t"":683},{""x"":948,""y"":759,""t"":719},{""x"":939,""y"":722,""t"":751},{""x"":930,""y"":691,""t"":784},{""x"":921,""y"":675,""t"":820},{""x"":903,""y"":641,""t"":853},{""x"":873,""y"":615,""t"":888},{""x"":871,""y"":620,""t"":922},{""x"":860,""y"":610,""t"":957},{""x"":844,""y"":605,""t"":990},{""x"":827,""y"":595,""t"":1023},{""x"":813,""y"":580,""t"":1058},{""x"":835,""y"":589,""t"":1092},{""x"":897,""y"":614,""t"":1127},{""x"":940,""y"":629,""t"":1160},{""x"":989,""y"":647,""t"":1191},{""x"":997,""y"":637,""t"":1228},{""x"":1010,""y"":637,""t"":1262},{""x"":1040,""y"":632,""t"":1296},{""x"":1064,""y"":640,""t"":1331},{""x"":1078,""y"":653,""t"":1363},{""x"":1086,""y"":660,""t"":1397},{""x"":1071,""y"":650,""t"":1432},{""x"":1030,""y"":620,""t"":1467},{""x"":1000,""y"":611,""t"":1501},{""x"":1005,""y"":619,""t"":1534},{""x"":993,""y"":607,""t"":1569},{""x"":982,""y"":610,""t"":1603},{""x"":953,""y"":628,""t"":1636},{""x"":920,""y"":639,""t"":1670},{""x"":906,""y"":662,""t"":1705},{""x"":888,""y"":678,""t"":1738},{""x"":879,""y"":694,""t"":1772},{""x"":905,""y"":727,""t"":1805},{""x"":915,""y"":749,""t"":1839},{""x"":931,""y"":763,""t"":1873},{""x"":938,""y"":773,""t"":1908},{""x"":945,""y"":789,""t"":1942},{""x"":976,""y"":814,""t"":1975}]","[{""x"":250,""y"":425,""width"":80,""height"":80,""top"":385,""right"":290,""bottom"":465,""left"":210},{""x"":400,""y"":165.1923788646684,""width"":80,""height"":80,""top"":125.1923788646684,""right"":440,""bottom"":205.1923788646684,""left"":360},{""x"":700,""y"":165.1923788646684,""width"":80,""height"":80,""top"":125.1923788646684,""right"":740,""bottom"":205.1923788646684,""left"":660},{""x"":850,""y"":425,""width"":80,""height"":80,""top"":385,""right"":890,""bottom"":465,""left"":810},{""x"":700,""y"":684.8076211353316,""width"":80,""height"":80,""top"":644.8076211353316,""right"":740,""bottom"":724.8076211353316,""left"":660},{""x"":400,""y"":684.8076211353316,""width"":80,""height"":80,""top"":644.8076211353316,""right"":440,""bottom"":724.8076211353316,""left"":360}]","{""#container"":{""x"":410,""y"":129.390625,""width"":1100,""height"":850,""top"":129.390625,""right"":1510,""bottom"":979.390625,""left"":410}}","[{'red': 0}, {'green': 0}, {'purple': 0}, {'blue': 0}, {'yellow': 1}, {'cyan': 15}]",,cyan
412,,,,918.0,3.0,3.0,"[""yellow"",""cyan"",""red"",""purple"",""blue"",""green""]",blue,True,"[{""x"":968,""y"":792,""t"":3},{""x"":950,""y"":770,""t"":38},{""x"":931,""y"":763,""t"":72},{""x"":936,""y"":747,""t"":106},{""x"":921,""y"":741,""t"":140},{""x"":920,""y"":723,""t"":174},{""x"":899,""y"":704,""t"":206},{""x"":914,""y"":708,""t"":243},{""x"":929,""y"":714,""t"":277},{""x"":940,""y"":696,""t"":310},{""x"":920,""y"":678,""t"":345},{""x"":898,""y"":677,""t"":378},{""x"":904,""y"":687,""t"":413},{""x"":899,""y"":665,""t"":447},{""x"":901,""y"":659,""t"":480},{""x"":895,""y"":658,""t"":514},{""x"":898,""y"":672,""t"":548},{""x"":914,""y"":679,""t"":582},{""x"":918,""y"":673,""t"":616},{""x"":928,""y"":661,""t"":650},{""x"":937,""y"":655,""t"":684},{""x"":943,""y"":638,""t"":718},{""x"":943,""y"":614,""t"":751},{""x"":911,""y"":605,""t"":786},{""x"":910,""y"":644,""t"":820},{""x"":892,""y"":670,""t"":853},{""x"":886,""y"":668,""t"":888},{""x"":889,""y"":694,""t"":922},{""x"":878,""y"":710,""t"":956},{""x"":858,""y"":738,""t"":989},{""x"":843,""y"":736,""t"":1024},{""x"":845,""y"":741,""t"":1058},{""x"":832,""y"":745,""t"":1093},{""x"":825,""y"":744,""t"":1126},{""x"":810,""y"":752,""t"":1159},{""x"":810,""y"":755,""t"":1194},{""x"":800,""y"":752,""t"":1228},{""x"":809,""y"":744,""t"":1263},{""x"":821,""y"":741,""t"":1296},{""x"":901,""y"":756,""t"":1330},{""x"":976,""y"":775,""t"":1361},{""x"":1019,""y"":783,""t"":1398},{""x"":1031,""y"":759,""t"":1432},{""x"":1038,""y"":770,""t"":1466},{""x"":1045,""y"":763,""t"":1499},{""x"":1058,""y"":755,""t"":1534},{""x"":1054,""y"":743,""t"":1568},{""x"":1070,""y"":732,""t"":1603},{""x"":1068,""y"":702,""t"":1635},{""x"":1043,""y"":662,""t"":1669},{""x"":1060,""y"":654,""t"":1704},{""x"":1065,""y"":652,""t"":1738},{""x"":1058,""y"":644,""t"":1772},{""x"":1069,""y"":661,""t"":1804},{""x"":1057,""y"":654,""t"":1840},{""x"":1056,""y"":647,""t"":1873},{""x"":1080,""y"":659,""t"":1908},{""x"":1087,""y"":647,""t"":1942},{""x"":1097,""y"":640,""t"":1976}]","[{""x"":250,""y"":425,""width"":80,""height"":80,""top"":385,""right"":290,""bottom"":465,""left"":210},{""x"":400,""y"":165.1923788646684,""width"":80,""height"":80,""top"":125.1923788646684,""right"":440,""bottom"":205.1923788646684,""left"":360},{""x"":700,""y"":165.1923788646684,""width"":80,""height"":80,""top"":125.1923788646684,""right"":740,""bottom"":205.1923788646684,""left"":660},{""x"":850,""y"":425,""width"":80,""height"":80,""top"":385,""right"":890,""bottom"":465,""left"":810},{""x"":700,""y"":684.8076211353316,""width"":80,""height"":80,""top"":644.8076211353316,""right"":740,""bottom"":724.8076211353316,""left"":660},{""x"":400,""y"":684.8076211353316,""width"":80,""height"":80,""top"":644.8076211353316,""right"":440,""bottom"":724.8076211353316,""left"":360}]","{""#container"":{""x"":410,""y"":129.390625,""width"":1100,""height"":850,""top"":129.390625,""right"":1510,""bottom"":979.390625,""left"":410}}","[{'yellow': 0}, {'cyan': 0}, {'red': 0}, {'purple': 0}, {'blue': 10}, {'green': 20}]",{'blue': 10},green
413,,,,1017.0,3.0,4.0,"[""green"",""purple"",""yellow"",""blue"",""cyan"",""red""]",green,False,"[{""x"":1048,""y"":640,""t"":4},{""x"":1012,""y"":669,""t"":43},{""x"":987,""y"":684,""t"":73},{""x"":970,""y"":704,""t"":107},{""x"":955,""y"":713,""t"":140},{""x"":934,""y"":720,""t"":174},{""x"":917,""y"":717,""t"":207},{""x"":907,""y"":706,""t"":242},{""x"":910,""y"":715,""t"":275},{""x"":918,""y"":741,""t"":310},{""x"":905,""y"":739,""t"":343},{""x"":897,""y"":727,""t"":378},{""x"":904,""y"":705,""t"":411},{""x"":909,""y"":696,""t"":446},{""x"":918,""y"":671,""t"":480},{""x"":927,""y"":664,""t"":514},{""x"":913,""y"":656,""t"":548},{""x"":943,""y"":660,""t"":582},{""x"":971,""y"":657,""t"":617},{""x"":983,""y"":658,""t"":650},{""x"":1004,""y"":648,""t"":684},{""x"":1022,""y"":653,""t"":717},{""x"":1035,""y"":650,""t"":752},{""x"":1021,""y"":626,""t"":786},{""x"":1015,""y"":620,""t"":820},{""x"":1014,""y"":624,""t"":854},{""x"":1005,""y"":638,""t"":888},{""x"":1008,""y"":630,""t"":922},{""x"":1025,""y"":644,""t"":956},{""x"":1072,""y"":666,""t"":989},{""x"":1123,""y"":697,""t"":1024},{""x"":1165,""y"":720,""t"":1058},{""x"":1155,""y"":726,""t"":1092},{""x"":1122,""y"":714,""t"":1125},{""x"":1133,""y"":720,""t"":1160},{""x"":1150,""y"":738,""t"":1191},{""x"":1136,""y"":746,""t"":1227},{""x"":1144,""y"":764,""t"":1262},{""x"":1106,""y"":738,""t"":1295},{""x"":1076,""y"":716,""t"":1329},{""x"":1029,""y"":721,""t"":1363},{""x"":992,""y"":713,""t"":1399},{""x"":952,""y"":688,""t"":1432},{""x"":927,""y"":686,""t"":1467},{""x"":917,""y"":693,""t"":1500},{""x"":903,""y"":680,""t"":1533},{""x"":890,""y"":674,""t"":1568},{""x"":883,""y"":671,""t"":1600},{""x"":906,""y"":676,""t"":1636},{""x"":916,""y"":683,""t"":1671},{""x"":886,""y"":664,""t"":1704},{""x"":891,""y"":683,""t"":1737},{""x"":895,""y"":698,""t"":1772},{""x"":901,""y"":711,""t"":1806},{""x"":924,""y"":730,""t"":1840},{""x"":934,""y"":744,""t"":1874},{""x"":934,""y"":744,""t"":1908},{""x"":912,""y"":761,""t"":1942},{""x"":907,""y"":774,""t"":1976}]","[{""x"":250,""y"":425,""width"":80,""height"":80,""top"":385,""right"":290,""bottom"":465,""left"":210},{""x"":400,""y"":165.1923788646684,""width"":80,""height"":80,""top"":125.1923788646684,""right"":440,""bottom"":205.1923788646684,""left"":360},{""x"":700,""y"":165.1923788646684,""width"":80,""height"":80,""top"":125.1923788646684,""right"":740,""bottom"":205.1923788646684,""left"":660},{""x"":850,""y"":425,""width"":80,""height"":80,""top"":385,""right"":890,""bottom"":465,""left"":810},{""x"":700,""y"":684.8076211353316,""width"":80,""height"":80,""top"":644.8076211353316,""right"":740,""bottom"":724.8076211353316,""left"":660},{""x"":400,""y"":684.8076211353316,""width"":80,""height"":80,""top"":644.8076211353316,""right"":440,""bottom"":724.8076211353316,""left"":360}]","{""#container"":{""x"":410,""y"":129.390625,""width"":1100,""height"":850,""top"":129.390625,""right"":1510,""bottom"":979.390625,""left"":410}}","[{'green': 0}, {'purple': 0}, {'yellow': 0}, {'blue': 0}, {'cyan': 11}, {'red': 14}]",,red
414,,,,1117.0,7.0,7.0,"[""yellow"",""blue"",""green"",""cyan"",""red"",""purple""]",blue,True,"[{""x"":909,""y"":738,""t"":4},{""x"":889,""y"":688,""t"":38},{""x"":874,""y"":667,""t"":72},{""x"":849,""y"":619,""t"":106},{""x"":844,""y"":596,""t"":140},{""x"":860,""y"":621,""t"":174},{""x"":859,""y"":638,""t"":208},{""x"":876,""y"":666,""t"":242},{""x"":873,""y"":683,""t"":275},{""x"":857,""y"":701,""t"":310},{""x"":879,""y"":717,""t"":344},{""x"":879,""y"":718,""t"":377},{""x"":858,""y"":721,""t"":411},{""x"":843,""y"":732,""t"":447},{""x"":846,""y"":735,""t"":480},{""x"":921,""y"":746,""t"":514},{""x"":956,""y"":726,""t"":547},{""x"":1022,""y"":748,""t"":582},{""x"":1059,""y"":726,""t"":616},{""x"":1107,""y"":711,""t"":649},{""x"":1175,""y"":708,""t"":682},{""x"":1182,""y"":681,""t"":717},{""x"":1177,""y"":662,""t"":751},{""x"":1162,""y"":657,""t"":785},{""x"":1103,""y"":664,""t"":820},{""x"":1048,""y"":661,""t"":853},{""x"":1008,""y"":645,""t"":888},{""x"":980,""y"":630,""t"":921},{""x"":938,""y"":629,""t"":956},{""x"":915,""y"":613,""t"":989},{""x"":894,""y"":601,""t"":1038},{""x"":904,""y"":601,""t"":1059},{""x"":904,""y"":595,""t"":1090},{""x"":883,""y"":599,""t"":1127},{""x"":859,""y"":585,""t"":1160},{""x"":838,""y"":623,""t"":1193},{""x"":818,""y"":622,""t"":1228},{""x"":799,""y"":623,""t"":1262},{""x"":789,""y"":648,""t"":1296},{""x"":775,""y"":675,""t"":1329},{""x"":770,""y"":668,""t"":1364},{""x"":774,""y"":670,""t"":1398},{""x"":766,""y"":686,""t"":1433},{""x"":778,""y"":691,""t"":1465},{""x"":811,""y"":697,""t"":1499},{""x"":877,""y"":713,""t"":1535},{""x"":957,""y"":710,""t"":1568},{""x"":1013,""y"":762,""t"":1601},{""x"":1040,""y"":780,""t"":1635},{""x"":1070,""y"":797,""t"":1670},{""x"":1065,""y"":789,""t"":1705},{""x"":1047,""y"":763,""t"":1738},{""x"":1025,""y"":743,""t"":1772},{""x"":998,""y"":724,""t"":1806},{""x"":1008,""y"":711,""t"":1841},{""x"":988,""y"":698,""t"":1875},{""x"":987,""y"":707,""t"":1908},{""x"":958,""y"":701,""t"":1941},{""x"":940,""y"":710,""t"":1975}]","[{""x"":250,""y"":425,""width"":80,""height"":80,""top"":385,""right"":290,""bottom"":465,""left"":210},{""x"":400,""y"":165.1923788646684,""width"":80,""height"":80,""top"":125.1923788646684,""right"":440,""bottom"":205.1923788646684,""left"":360},{""x"":700,""y"":165.1923788646684,""width"":80,""height"":80,""top"":125.1923788646684,""right"":740,""bottom"":205.1923788646684,""left"":660},{""x"":850,""y"":425,""width"":80,""height"":80,""top"":385,""right"":890,""bottom"":465,""left"":810},{""x"":700,""y"":684.8076211353316,""width"":80,""height"":80,""top"":644.8076211353316,""right"":740,""bottom"":724.8076211353316,""left"":660},{""x"":400,""y"":684.8076211353316,""width"":80,""height"":80,""top"":644.8076211353316,""right"":440,""bottom"":724.8076211353316,""left"":360}]","{""#container"":{""x"":410,""y"":129.390625,""width"":1100,""height"":850,""top"":129.390625,""right"":1510,""bottom"":979.390625,""left"":410}}","[{'yellow': 0}, {'blue': 0}, {'green': 0}, {'cyan': 3}, {'red': 12}, {'purple': 16}]",,purple
415,王炜,23.0,男,,,,,,,,,,,,
416,,,,639.0,7.0,7.0,"[""blue"",""cyan"",""red"",""green"",""purple"",""yellow""]",cyan,True,"[{""x"":898,""y"":422,""t"":2},{""x"":953,""y"":443,""t"":47},{""x"":973,""y"":455,""t"":80},{""x"":978,""y"":449,""t"":108},{""x"":979,""y"":485,""t"":138},{""x"":1007,""y"":486,""t"":173},{""x"":1028,""y"":486,""t"":205},{""x"":1038,""y"":482,""t"":240},{""x"":1044,""y"":472,""t"":275},{""x"":1048,""y"":473,""t"":315},{""x"":1065,""y"":479,""t"":346},{""x"":1079,""y"":484,""t"":374},{""x"":1102,""y"":467,""t"":426},{""x"":1102,""y"":469,""t"":446},{""x"":1055,""y"":465,""t"":478},{""x"":1040,""y"":465,""t"":520},{""x"":1027,""y"":429,""t"":551},{""x"":1001,""y"":402,""t"":583},{""x"":954,""y"":397,""t"":614},{""x"":929,""y"":403,""t"":660},{""x"":894,""y"":445,""t"":691},{""x"":906,""y"":543,""t"":724},{""x"":975,""y"":622,""t"":754},{""x"":1027,""y"":702,""t"":787},{""x"":1028,""y"":758,""t"":819},{""x"":1025,""y"":776,""t"":865},{""x"":1023,""y"":776,""t"":893},{""x"":987,""y"":743,""t"":925},{""x"":989,""y"":722,""t"":954},{""x"":1009,""y"":678,""t"":990},{""x"":1022,""y"":645,""t"":1023},{""x"":1054,""y"":595,""t"":1069},{""x"":1057,""y"":563,""t"":1100},{""x"":1070,""y"":535,""t"":1128},{""x"":1099,""y"":514,""t"":1161},{""x"":1108,""y"":481,""t"":1192},{""x"":1054,""y"":525,""t"":1227},{""x"":1091,""y"":502,""t"":1276},{""x"":1082,""y"":498,""t"":1294},{""x"":1083,""y"":479,""t"":1338},{""x"":1092,""y"":485,""t"":1369},{""x"":1085,""y"":486,""t"":1402},{""x"":1073,""y"":472,""t"":1433},{""x"":1059,""y"":463,""t"":1463},{""x"":1029,""y"":451,""t"":1511},{""x"":1030,""y"":453,""t"":1531},{""x"":1031,""y"":452,""t"":1576},{""x"":1029,""y"":439,""t"":1609},{""x"":1000,""y"":434,""t"":1641},{""x"":975,""y"":430,""t"":1669},{""x"":990,""y"":432,""t"":1708},{""x"":991,""y"":445,""t"":1741},{""x"":998,""y"":449,""t"":1769},{""x"":993,""y"":457,""t"":1811},{""x"":962,""y"":465,""t"":1841},{""x"":960,""y"":479,""t"":1871},{""x"":940,""y"":501,""t"":1921},{""x"":926,""y"":506,""t"":1941},{""x"":933,""y"":509,""t"":1975}]","[{""x"":250,""y"":425,""width"":80,""height"":80,""top"":385,""right"":290,""bottom"":465,""left"":210},{""x"":400,""y"":165.1923788646684,""width"":80,""height"":80,""top"":125.1923788646684,""right"":440,""bottom"":205.1923788646684,""left"":360},{""x"":700,""y"":165.1923788646684,""width"":80,""height"":80,""top"":125.1923788646684,""right"":740,""bottom"":205.1923788646684,""left"":660},{""x"":850,""y"":425,""width"":80,""height"":80,""top"":385,""right"":890,""bottom"":465,""left"":810},{""x"":700,""y"":684.8076211353316,""width"":80,""height"":80,""top"":644.8076211353316,""right"":740,""bottom"":724.8076211353316,""left"":660},{""x"":400,""y"":684.8076211353316,""width"":80,""height"":80,""top"":644.8076211353316,""right"":440,""bottom"":724.8076211353316,""left"":360}]","{""#container"":{""x"":266.42919921875,""y"":48.58407211303711,""width"":1099.9910888671875,""height"":849.9955444335938,""top"":48.58407211303711,""right"":1366.4202880859375,""bottom"":898.5796165466309,""left"":266.42919921875}}","[{'blue': 0}, {'cyan': 0}, {'red': 0}, {'green': 39}, {'purple': 9}, {'yellow': 0}]",,green
417,,,,762.0,4.0,1.0,"[""purple"",""red"",""green"",""cyan"",""blue"",""yellow""]",yellow_1,False,"[{""x"":938,""y"":505,""t"":2},{""x"":917,""y"":509,""t"":40},{""x"":933,""y"":512,""t"":74},{""x"":945,""y"":513,""t"":106},{""x"":955,""y"":513,""t"":138},{""x"":962,""y"":523,""t"":172},{""x"":958,""y"":514,""t"":206},{""x"":965,""y"":509,""t"":242},{""x"":936,""y"":490,""t"":276},{""x"":948,""y"":492,""t"":309},{""x"":978,""y"":498,""t"":353},{""x"":1003,""y"":497,""t"":384},{""x"":1063,""y"":519,""t"":414},{""x"":1090,""y"":536,""t"":446},{""x"":1071,""y"":530,""t"":491},{""x"":1053,""y"":524,""t"":513},{""x"":1036,""y"":517,""t"":556},{""x"":1042,""y"":508,""t"":587},{""x"":1050,""y"":510,""t"":613},{""x"":1024,""y"":505,""t"":649},{""x"":1007,""y"":498,""t"":697},{""x"":997,""y"":494,""t"":725},{""x"":978,""y"":486,""t"":756},{""x"":990,""y"":498,""t"":785},{""x"":919,""y"":498,""t"":821},{""x"":886,""y"":502,""t"":853},{""x"":853,""y"":500,""t"":887},{""x"":814,""y"":494,""t"":932},{""x"":815,""y"":500,""t"":961},{""x"":800,""y"":504,""t"":992},{""x"":790,""y"":502,""t"":1022},{""x"":782,""y"":501,""t"":1058},{""x"":763,""y"":498,""t"":1093},{""x"":739,""y"":484,""t"":1136},{""x"":716,""y"":463,""t"":1164},{""x"":702,""y"":447,""t"":1192},{""x"":763,""y"":441,""t"":1232},{""x"":821,""y"":443,""t"":1264},{""x"":846,""y"":444,""t"":1296},{""x"":889,""y"":439,""t"":1329},{""x"":917,""y"":439,""t"":1364},{""x"":943,""y"":447,""t"":1396},{""x"":973,""y"":446,""t"":1436},{""x"":988,""y"":427,""t"":1466},{""x"":966,""y"":403,""t"":1497},{""x"":957,""y"":375,""t"":1545},{""x"":965,""y"":348,""t"":1573},{""x"":971,""y"":326,""t"":1600},{""x"":977,""y"":303,""t"":1635},{""x"":974,""y"":282,""t"":1671},{""x"":959,""y"":276,""t"":1702},{""x"":932,""y"":277,""t"":1748},{""x"":918,""y"":264,""t"":1780},{""x"":904,""y"":271,""t"":1811},{""x"":912,""y"":273,""t"":1840},{""x"":906,""y"":282,""t"":1873},{""x"":880,""y"":285,""t"":1919},{""x"":867,""y"":288,""t"":1939}]","[{""x"":250,""y"":425,""width"":80,""height"":80,""top"":385,""right"":290,""bottom"":465,""left"":210},{""x"":400,""y"":165.1923788646684,""width"":80,""height"":80,""top"":125.1923788646684,""right"":440,""bottom"":205.1923788646684,""left"":360},{""x"":700,""y"":165.1923788646684,""width"":80,""height"":80,""top"":125.1923788646684,""right"":740,""bottom"":205.1923788646684,""left"":660},{""x"":850,""y"":425,""width"":80,""height"":80,""top"":385,""right"":890,""bottom"":465,""left"":810},{""x"":700,""y"":684.8076211353316,""width"":80,""height"":80,""top"":644.8076211353316,""right"":740,""bottom"":724.8076211353316,""left"":660},{""x"":400,""y"":684.8076211353316,""width"":80,""height"":80,""top"":644.8076211353316,""right"":440,""bottom"":724.8076211353316,""left"":360}]","{""#container"":{""x"":266.42919921875,""y"":48.58407211303711,""width"":1099.9910888671875,""height"":849.9955444335938,""top"":48.58407211303711,""right"":1366.4202880859375,""bottom"":898.5796165466309,""left"":266.42919921875}}","[{'purple': 0}, {'red': 0}, {'green': 12}, {'cyan': 16}, {'blue': 0}, {'yellow': 0}]",,cyan
418,,,,697.0,9.0,9.0,"[""blue"",""red"",""cyan"",""yellow"",""purple"",""green""]",cyan,True,"[{""x"":867,""y"":315,""t"":3},{""x"":891,""y"":352,""t"":41},{""x"":901,""y"":369,""t"":75},{""x"":882,""y"":399,""t"":108},{""x"":872,""y"":403,""t"":142},{""x"":893,""y"":435,""t"":171},{""x"":887,""y"":456,""t"":206},{""x"":914,""y"":474,""t"":240},{""x"":927,""y"":475,""t"":273},{""x"":955,""y"":481,""t"":309},{""x"":950,""y"":491,""t"":352},{""x"":949,""y"":485,""t"":379},{""x"":965,""y"":488,""t"":411},{""x"":965,""y"":489,""t"":446},{""x"":959,""y"":496,""t"":477},{""x"":974,""y"":482,""t"":526},{""x"":1003,""y"":470,""t"":546},{""x"":1019,""y"":464,""t"":586},{""x"":1023,""y"":466,""t"":618},{""x"":1000,""y"":471,""t"":648},{""x"":988,""y"":476,""t"":695},{""x"":977,""y"":480,""t"":718},{""x"":957,""y"":489,""t"":758},{""x"":931,""y"":499,""t"":789},{""x"":940,""y"":508,""t"":821},{""x"":941,""y"":509,""t"":851},{""x"":924,""y"":504,""t"":898},{""x"":909,""y"":495,""t"":930},{""x"":836,""y"":461,""t"":958},{""x"":803,""y"":430,""t"":990},{""x"":787,""y"":408,""t"":1023},{""x"":786,""y"":394,""t"":1071},{""x"":787,""y"":383,""t"":1091},{""x"":786,""y"":360,""t"":1124},{""x"":801,""y"":320,""t"":1165},{""x"":823,""y"":326,""t"":1197},{""x"":843,""y"":334,""t"":1225},{""x"":881,""y"":326,""t"":1272},{""x"":923,""y"":362,""t"":1303},{""x"":959,""y"":377,""t"":1332},{""x"":992,""y"":405,""t"":1363},{""x"":1004,""y"":412,""t"":1397},{""x"":1024,""y"":435,""t"":1443},{""x"":1015,""y"":475,""t"":1472},{""x"":1010,""y"":506,""t"":1505},{""x"":1039,""y"":521,""t"":1538},{""x"":1023,""y"":529,""t"":1567},{""x"":1016,""y"":522,""t"":1601},{""x"":985,""y"":526,""t"":1647},{""x"":949,""y"":532,""t"":1668},{""x"":938,""y"":533,""t"":1710},{""x"":960,""y"":535,""t"":1748},{""x"":987,""y"":536,""t"":1772},{""x"":990,""y"":557,""t"":1808},{""x"":998,""y"":563,""t"":1840},{""x"":1022,""y"":561,""t"":1874},{""x"":1029,""y"":568,""t"":1906},{""x"":1061,""y"":563,""t"":1945},{""x"":1037,""y"":605,""t"":1980}]","[{""x"":250,""y"":425,""width"":80,""height"":80,""top"":385,""right"":290,""bottom"":465,""left"":210},{""x"":400,""y"":165.1923788646684,""width"":80,""height"":80,""top"":125.1923788646684,""right"":440,""bottom"":205.1923788646684,""left"":360},{""x"":700,""y"":165.1923788646684,""width"":80,""height"":80,""top"":125.1923788646684,""right"":740,""bottom"":205.1923788646684,""left"":660},{""x"":850,""y"":425,""width"":80,""height"":80,""top"":385,""right"":890,""bottom"":465,""left"":810},{""x"":700,""y"":684.8076211353316,""width"":80,""height"":80,""top"":644.8076211353316,""right"":740,""bottom"":724.8076211353316,""left"":660},{""x"":400,""y"":684.8076211353316,""width"":80,""height"":80,""top"":644.8076211353316,""right"":440,""bottom"":724.8076211353316,""left"":360}]","{""#container"":{""x"":266.42919921875,""y"":48.58407211303711,""width"":1099.9910888671875,""height"":849.9955444335938,""top"":48.58407211303711,""right"":1366.4202880859375,""bottom"":898.5796165466309,""left"":266.42919921875}}","[{'blue': 0}, {'red': 0}, {'cyan': 2}, {'yellow': 21}, {'purple': 1}, {'green': 0}]",{'cyan': 2},yellow
419,,,,880.0,1.0,1.0,"[""green"",""red"",""yellow"",""blue"",""purple"",""cyan""]",cyan,True,"[{""x"":994,""y"":566,""t"":2},{""x"":952,""y"":526,""t"":39},{""x"":922,""y"":509,""t"":70},{""x"":916,""y"":496,""t"":104},{""x"":889,""y"":488,""t"":139},{""x"":872,""y"":483,""t"":172},{""x"":880,""y"":474,""t"":206},{""x"":903,""y"":468,""t"":241},{""x"":902,""y"":466,""t"":274},{""x"":907,""y"":454,""t"":308},{""x"":880,""y"":462,""t"":356},{""x"":846,""y"":458,""t"":385},{""x"":812,""y"":460,""t"":412},{""x"":787,""y"":457,""t"":444},{""x"":746,""y"":452,""t"":484},{""x"":705,""y"":451,""t"":512},{""x"":665,""y"":438,""t"":560},{""x"":644,""y"":434,""t"":580},{""x"":599,""y"":415,""t"":625},{""x"":592,""y"":398,""t"":656},{""x"":582,""y"":378,""t"":687},{""x"":572,""y"":378,""t"":716},{""x"":570,""y"":378,""t"":765},{""x"":593,""y"":397,""t"":785},{""x"":627,""y"":411,""t"":827},{""x"":703,""y"":432,""t"":859},{""x"":727,""y"":426,""t"":890},{""x"":803,""y"":439,""t"":920},{""x"":856,""y"":440,""t"":954},{""x"":895,""y"":441,""t"":1002},{""x"":965,""y"":444,""t"":1023},{""x"":986,""y"":444,""t"":1064},{""x"":1012,""y"":433,""t"":1095},{""x"":1022,""y"":436,""t"":1124},{""x"":1015,""y"":437,""t"":1160},{""x"":1025,""y"":442,""t"":1191},{""x"":1028,""y"":448,""t"":1240},{""x"":1033,""y"":456,""t"":1260},{""x"":980,""y"":458,""t"":1301},{""x"":967,""y"":478,""t"":1333},{""x"":939,""y"":482,""t"":1367},{""x"":938,""y"":490,""t"":1397},{""x"":920,""y"":493,""t"":1430},{""x"":905,""y"":491,""t"":1475},{""x"":902,""y"":490,""t"":1507},{""x"":862,""y"":477,""t"":1535},{""x"":867,""y"":483,""t"":1568},{""x"":803,""y"":490,""t"":1600},{""x"":761,""y"":499,""t"":1644},{""x"":715,""y"":508,""t"":1673},{""x"":704,""y"":505,""t"":1704},{""x"":702,""y"":508,""t"":1736},{""x"":676,""y"":507,""t"":1772},{""x"":719,""y"":501,""t"":1805},{""x"":817,""y"":519,""t"":1850},{""x"":900,""y"":509,""t"":1874},{""x"":960,""y"":497,""t"":1906},{""x"":992,""y"":487,""t"":1945},{""x"":1056,""y"":480,""t"":1976}]","[{""x"":250,""y"":425,""width"":80,""height"":80,""top"":385,""right"":290,""bottom"":465,""left"":210},{""x"":400,""y"":165.1923788646684,""width"":80,""height"":80,""top"":125.1923788646684,""right"":440,""bottom"":205.1923788646684,""left"":360},{""x"":700,""y"":165.1923788646684,""width"":80,""height"":80,""top"":125.1923788646684,""right"":740,""bottom"":205.1923788646684,""left"":660},{""x"":850,""y"":425,""width"":80,""height"":80,""top"":385,""right"":890,""bottom"":465,""left"":810},{""x"":700,""y"":684.8076211353316,""width"":80,""height"":80,""top"":644.8076211353316,""right"":740,""bottom"":724.8076211353316,""left"":660},{""x"":400,""y"":684.8076211353316,""width"":80,""height"":80,""top"":644.8076211353316,""right"":440,""bottom"":724.8076211353316,""left"":360}]","{""#container"":{""x"":266.42919921875,""y"":48.58407211303711,""width"":1099.9910888671875,""height"":849.9955444335938,""top"":48.58407211303711,""right"":1366.4202880859375,""bottom"":898.5796165466309,""left"":266.42919921875}}","[{'green': 8}, {'red': 0}, {'yellow': 0}, {'blue': 11}, {'purple': 0}, {'cyan': 0}]",,blue
420,,,,449.0,7.0,7.0,"[""purple"",""red"",""green"",""yellow"",""blue"",""cyan""]",red_1,True,"[{""x"":998,""y"":479,""t"":1},{""x"":972,""y"":479,""t"":37},{""x"":953,""y"":473,""t"":70},{""x"":937,""y"":461,""t"":104},{""x"":930,""y"":456,""t"":137},{""x"":925,""y"":461,""t"":173},{""x"":902,""y"":455,""t"":206},{""x"":882,""y"":462,""t"":239},{""x"":885,""y"":453,""t"":275},{""x"":913,""y"":487,""t"":308},{""x"":1027,""y"":576,""t"":352},{""x"":1134,""y"":652,""t"":384},{""x"":1174,""y"":715,""t"":419},{""x"":1175,""y"":761,""t"":447},{""x"":1138,""y"":739,""t"":480},{""x"":1038,""y"":713,""t"":512},{""x"":989,""y"":643,""t"":553},{""x"":939,""y"":589,""t"":582},{""x"":907,""y"":533,""t"":615},{""x"":849,""y"":498,""t"":648},{""x"":820,""y"":470,""t"":696},{""x"":798,""y"":448,""t"":717},{""x"":783,""y"":432,""t"":752},{""x"":797,""y"":424,""t"":789},{""x"":803,""y"":416,""t"":820},{""x"":833,""y"":399,""t"":854},{""x"":852,""y"":413,""t"":898},{""x"":850,""y"":425,""t"":929},{""x"":858,""y"":426,""t"":963},{""x"":863,""y"":433,""t"":992},{""x"":885,""y"":445,""t"":1024},{""x"":900,""y"":456,""t"":1057},{""x"":960,""y"":470,""t"":1102},{""x"":1006,""y"":500,""t"":1132},{""x"":1040,""y"":504,""t"":1161},{""x"":1067,""y"":509,""t"":1194},{""x"":1058,""y"":510,""t"":1241},{""x"":1031,""y"":461,""t"":1269},{""x"":1017,""y"":420,""t"":1299},{""x"":1003,""y"":378,""t"":1328},{""x"":991,""y"":349,""t"":1366},{""x"":953,""y"":323,""t"":1399},{""x"":930,""y"":316,""t"":1431},{""x"":901,""y"":311,""t"":1464},{""x"":869,""y"":304,""t"":1507},{""x"":835,""y"":301,""t"":1540},{""x"":796,""y"":292,""t"":1571},{""x"":778,""y"":294,""t"":1604},{""x"":751,""y"":295,""t"":1634},{""x"":716,""y"":295,""t"":1677},{""x"":706,""y"":305,""t"":1706},{""x"":715,""y"":313,""t"":1738},{""x"":700,""y"":316,""t"":1770},{""x"":717,""y"":311,""t"":1818},{""x"":706,""y"":325,""t"":1846},{""x"":769,""y"":371,""t"":1876},{""x"":796,""y"":382,""t"":1908},{""x"":829,""y"":415,""t"":1940},{""x"":849,""y"":434,""t"":1974}]","[{""x"":250,""y"":425,""width"":80,""height"":80,""top"":385,""right"":290,""bottom"":465,""left"":210},{""x"":400,""y"":165.1923788646684,""width"":80,""height"":80,""top"":125.1923788646684,""right"":440,""bottom"":205.1923788646684,""left"":360},{""x"":700,""y"":165.1923788646684,""width"":80,""height"":80,""top"":125.1923788646684,""right"":740,""bottom"":205.1923788646684,""left"":660},{""x"":850,""y"":425,""width"":80,""height"":80,""top"":385,""right"":890,""bottom"":465,""left"":810},{""x"":700,""y"":684.8076211353316,""width"":80,""height"":80,""top"":644.8076211353316,""right"":740,""bottom"":724.8076211353316,""left"":660},{""x"":400,""y"":684.8076211353316,""width"":80,""height"":80,""top"":644.8076211353316,""right"":440,""bottom"":724.8076211353316,""left"":360}]","{""#container"":{""x"":266.42919921875,""y"":48.58407211303711,""width"":1099.9910888671875,""height"":849.9955444335938,""top"":48.58407211303711,""right"":1366.4202880859375,""bottom"":898.5796165466309,""left"":266.42919921875}}","[{'purple': 0}, {'red': 8}, {'green': 5}, {'yellow': 10}, {'blue': 3}, {'cyan': 0}]",{'red_1': 8},yellow
421,,,,467.0,7.0,7.0,"[""purple"",""blue"",""red"",""cyan"",""yellow"",""green""]",blue_1,True,"[{""x"":887,""y"":466,""t"":3},{""x"":869,""y"":466,""t"":39},{""x"":895,""y"":468,""t"":73},{""x"":905,""y"":480,""t"":105},{""x"":893,""y"":484,""t"":137},{""x"":896,""y"":501,""t"":172},{""x"":896,""y"":516,""t"":208},{""x"":899,""y"":513,""t"":239},{""x"":911,""y"":522,""t"":274},{""x"":908,""y"":520,""t"":310},{""x"":916,""y"":510,""t"":350},{""x"":918,""y"":496,""t"":377},{""x"":936,""y"":484,""t"":411},{""x"":921,""y"":480,""t"":443},{""x"":913,""y"":463,""t"":489},{""x"":941,""y"":429,""t"":519},{""x"":921,""y"":417,""t"":552},{""x"":895,""y"":379,""t"":580},{""x"":862,""y"":358,""t"":616},{""x"":838,""y"":337,""t"":661},{""x"":819,""y"":311,""t"":681},{""x"":806,""y"":299,""t"":725},{""x"":772,""y"":286,""t"":760},{""x"":717,""y"":284,""t"":787},{""x"":686,""y"":279,""t"":817},{""x"":705,""y"":289,""t"":867},{""x"":694,""y"":289,""t"":885},{""x"":715,""y"":323,""t"":930},{""x"":735,""y"":352,""t"":960},{""x"":778,""y"":385,""t"":987},{""x"":780,""y"":415,""t"":1024},{""x"":797,""y"":432,""t"":1073},{""x"":798,""y"":459,""t"":1093},{""x"":837,""y"":483,""t"":1124},{""x"":831,""y"":495,""t"":1166},{""x"":828,""y"":500,""t"":1197},{""x"":825,""y"":501,""t"":1225},{""x"":773,""y"":521,""t"":1273},{""x"":828,""y"":538,""t"":1302},{""x"":846,""y"":530,""t"":1333},{""x"":842,""y"":511,""t"":1366},{""x"":843,""y"":503,""t"":1397},{""x"":857,""y"":490,""t"":1431},{""x"":859,""y"":502,""t"":1479},{""x"":846,""y"":495,""t"":1502},{""x"":830,""y"":482,""t"":1532},{""x"":807,""y"":476,""t"":1573},{""x"":799,""y"":451,""t"":1607},{""x"":811,""y"":449,""t"":1637},{""x"":816,""y"":443,""t"":1668},{""x"":821,""y"":449,""t"":1714},{""x"":821,""y"":452,""t"":1746},{""x"":824,""y"":453,""t"":1778},{""x"":830,""y"":449,""t"":1808},{""x"":861,""y"":459,""t"":1839},{""x"":885,""y"":463,""t"":1884},{""x"":874,""y"":462,""t"":1913},{""x"":890,""y"":466,""t"":1944},{""x"":871,""y"":453,""t"":1973}]","[{""x"":250,""y"":425,""width"":80,""height"":80,""top"":385,""right"":290,""bottom"":465,""left"":210},{""x"":400,""y"":165.1923788646684,""width"":80,""height"":80,""top"":125.1923788646684,""right"":440,""bottom"":205.1923788646684,""left"":360},{""x"":700,""y"":165.1923788646684,""width"":80,""height"":80,""top"":125.1923788646684,""right"":740,""bottom"":205.1923788646684,""left"":660},{""x"":850,""y"":425,""width"":80,""height"":80,""top"":385,""right"":890,""bottom"":465,""left"":810},{""x"":700,""y"":684.8076211353316,""width"":80,""height"":80,""top"":644.8076211353316,""right"":740,""bottom"":724.8076211353316,""left"":660},{""x"":400,""y"":684.8076211353316,""width"":80,""height"":80,""top"":644.8076211353316,""right"":440,""bottom"":724.8076211353316,""left"":360}]","{""#container"":{""x"":266.42919921875,""y"":48.58407211303711,""width"":1099.9910888671875,""height"":849.9955444335938,""top"":48.58407211303711,""right"":1366.4202880859375,""bottom"":898.5796165466309,""left"":266.42919921875}}","[{'purple': 0}, {'blue': 6}, {'red': 0}, {'cyan': 0}, {'yellow': 0}, {'green': 0}]",{'blue_1': 6},blue_1
422,,,,964.0,7.0,7.0,"[""cyan"",""yellow"",""purple"",""green"",""red"",""blue""]",yellow_1,True,"[{""x"":881,""y"":454,""t"":4},{""x"":885,""y"":448,""t"":43},{""x"":885,""y"":449,""t"":74},{""x"":892,""y"":459,""t"":107},{""x"":906,""y"":456,""t"":137},{""x"":909,""y"":459,""t"":173},{""x"":911,""y"":462,""t"":207},{""x"":915,""y"":462,""t"":239},{""x"":935,""y"":465,""t"":273},{""x"":934,""y"":480,""t"":308},{""x"":927,""y"":482,""t"":354},{""x"":907,""y"":483,""t"":384},{""x"":885,""y"":450,""t"":413},{""x"":910,""y"":407,""t"":445},{""x"":909,""y"":394,""t"":493},{""x"":906,""y"":362,""t"":515},{""x"":904,""y"":360,""t"":547},{""x"":880,""y"":352,""t"":580},{""x"":877,""y"":351,""t"":617},{""x"":867,""y"":337,""t"":649},{""x"":861,""y"":359,""t"":683},{""x"":893,""y"":397,""t"":716},{""x"":904,""y"":407,""t"":759},{""x"":936,""y"":429,""t"":790},{""x"":959,""y"":453,""t"":819},{""x"":1004,""y"":463,""t"":851},{""x"":1022,""y"":491,""t"":887},{""x"":1048,""y"":514,""t"":933},{""x"":1068,""y"":529,""t"":961},{""x"":1029,""y"":554,""t"":993},{""x"":1023,""y"":566,""t"":1022},{""x"":1012,""y"":552,""t"":1058},{""x"":997,""y"":546,""t"":1092},{""x"":991,""y"":533,""t"":1136},{""x"":977,""y"":521,""t"":1164},{""x"":965,""y"":505,""t"":1193},{""x"":928,""y"":498,""t"":1230},{""x"":915,""y"":496,""t"":1261},{""x"":852,""y"":479,""t"":1295},{""x"":796,""y"":471,""t"":1341},{""x"":790,""y"":459,""t"":1369},{""x"":796,""y"":455,""t"":1400},{""x"":809,""y"":442,""t"":1431},{""x"":846,""y"":469,""t"":1467},{""x"":865,""y"":472,""t"":1498},{""x"":904,""y"":470,""t"":1548},{""x"":937,""y"":469,""t"":1569},{""x"":920,""y"":488,""t"":1600},{""x"":938,""y"":491,""t"":1639},{""x"":977,""y"":489,""t"":1672},{""x"":963,""y"":479,""t"":1703},{""x"":954,""y"":466,""t"":1749},{""x"":939,""y"":472,""t"":1779},{""x"":951,""y"":471,""t"":1806},{""x"":953,""y"":457,""t"":1838},{""x"":920,""y"":455,""t"":1874},{""x"":912,""y"":456,""t"":1920},{""x"":905,""y"":449,""t"":1940},{""x"":905,""y"":443,""t"":1973}]","[{""x"":250,""y"":425,""width"":80,""height"":80,""top"":385,""right"":290,""bottom"":465,""left"":210},{""x"":400,""y"":165.1923788646684,""width"":80,""height"":80,""top"":125.1923788646684,""right"":440,""bottom"":205.1923788646684,""left"":360},{""x"":700,""y"":165.1923788646684,""width"":80,""height"":80,""top"":125.1923788646684,""right"":740,""bottom"":205.1923788646684,""left"":660},{""x"":850,""y"":425,""width"":80,""height"":80,""top"":385,""right"":890,""bottom"":465,""left"":810},{""x"":700,""y"":684.8076211353316,""width"":80,""height"":80,""top"":644.8076211353316,""right"":740,""bottom"":724.8076211353316,""left"":660},{""x"":400,""y"":684.8076211353316,""width"":80,""height"":80,""top"":644.8076211353316,""right"":440,""bottom"":724.8076211353316,""left"":360}]","{""#container"":{""x"":266.42919921875,""y"":48.58407211303711,""width"":1099.9910888671875,""height"":849.9955444335938,""top"":48.58407211303711,""right"":1366.4202880859375,""bottom"":898.5796165466309,""left"":266.42919921875}}","[{'cyan': 0}, {'yellow': 0}, {'purple': 0}, {'green': 11}, {'red': 0}, {'blue': 0}]",,green
423,,,,414.0,6.0,6.0,"[""blue"",""yellow"",""cyan"",""green"",""purple"",""red""]",green,True,"[{""x"":880,""y"":447,""t"":3},{""x"":884,""y"":436,""t"":40},{""x"":886,""y"":431,""t"":72},{""x"":869,""y"":421,""t"":106},{""x"":855,""y"":422,""t"":139},{""x"":868,""y"":424,""t"":172},{""x"":863,""y"":421,""t"":208},{""x"":889,""y"":446,""t"":241},{""x"":892,""y"":445,""t"":274},{""x"":868,""y"":442,""t"":321},{""x"":865,""y"":434,""t"":342},{""x"":837,""y"":430,""t"":382},{""x"":850,""y"":427,""t"":412},{""x"":834,""y"":428,""t"":444},{""x"":777,""y"":479,""t"":493},{""x"":737,""y"":521,""t"":521},{""x"":742,""y"":518,""t"":555},{""x"":718,""y"":555,""t"":584},{""x"":698,""y"":588,""t"":613},{""x"":679,""y"":614,""t"":664},{""x"":671,""y"":629,""t"":684},{""x"":691,""y"":608,""t"":716},{""x"":690,""y"":582,""t"":756},{""x"":739,""y"":573,""t"":786},{""x"":764,""y"":542,""t"":819},{""x"":789,""y"":519,""t"":866},{""x"":799,""y"":499,""t"":886},{""x"":793,""y"":486,""t"":929},{""x"":795,""y"":480,""t"":961},{""x"":747,""y"":476,""t"":993},{""x"":673,""y"":463,""t"":1026},{""x"":628,""y"":459,""t"":1056},{""x"":597,""y"":460,""t"":1100},{""x"":580,""y"":457,""t"":1133},{""x"":607,""y"":445,""t"":1164},{""x"":676,""y"":443,""t"":1195},{""x"":717,""y"":443,""t"":1228},{""x"":760,""y"":431,""t"":1260},{""x"":793,""y"":431,""t"":1305},{""x"":800,""y"":447,""t"":1337},{""x"":836,""y"":445,""t"":1369},{""x"":846,""y"":443,""t"":1397},{""x"":895,""y"":458,""t"":1431},{""x"":903,""y"":447,""t"":1465},{""x"":847,""y"":441,""t"":1498},{""x"":776,""y"":429,""t"":1541},{""x"":765,""y"":432,""t"":1570},{""x"":748,""y"":428,""t"":1601},{""x"":703,""y"":420,""t"":1649},{""x"":678,""y"":419,""t"":1670},{""x"":627,""y"":416,""t"":1702},{""x"":596,""y"":412,""t"":1742},{""x"":606,""y"":412,""t"":1772},{""x"":662,""y"":410,""t"":1804},{""x"":710,""y"":382,""t"":1853},{""x"":761,""y"":378,""t"":1872},{""x"":827,""y"":348,""t"":1915},{""x"":870,""y"":342,""t"":1947},{""x"":899,""y"":359,""t"":1979}]","[{""x"":250,""y"":425,""width"":80,""height"":80,""top"":385,""right"":290,""bottom"":465,""left"":210},{""x"":400,""y"":165.1923788646684,""width"":80,""height"":80,""top"":125.1923788646684,""right"":440,""bottom"":205.1923788646684,""left"":360},{""x"":700,""y"":165.1923788646684,""width"":80,""height"":80,""top"":125.1923788646684,""right"":740,""bottom"":205.1923788646684,""left"":660},{""x"":850,""y"":425,""width"":80,""height"":80,""top"":385,""right"":890,""bottom"":465,""left"":810},{""x"":700,""y"":684.8076211353316,""width"":80,""height"":80,""top"":644.8076211353316,""right"":740,""bottom"":724.8076211353316,""left"":660},{""x"":400,""y"":684.8076211353316,""width"":80,""height"":80,""top"":644.8076211353316,""right"":440,""bottom"":724.8076211353316,""left"":360}]","{""#container"":{""x"":266.42919921875,""y"":48.58407211303711,""width"":1099.9910888671875,""height"":849.9955444335938,""top"":48.58407211303711,""right"":1366.4202880859375,""bottom"":898.5796165466309,""left"":266.42919921875}}","[{'blue': 7}, {'yellow': 0}, {'cyan': 0}, {'green': 0}, {'purple': 0}, {'red': 4}]",,blue
424,,,,528.0,4.0,4.0,"[""red"",""green"",""purple"",""blue"",""cyan"",""yellow""]",red_1,True,"[{""x"":903,""y"":371,""t"":2},{""x"":902,""y"":398,""t"":42},{""x"":884,""y"":419,""t"":72},{""x"":884,""y"":434,""t"":106},{""x"":894,""y"":449,""t"":144},{""x"":902,""y"":467,""t"":176},{""x"":884,""y"":486,""t"":213},{""x"":912,""y"":478,""t"":250},{""x"":891,""y"":484,""t"":286},{""x"":906,""y"":479,""t"":319},{""x"":892,""y"":486,""t"":349},{""x"":892,""y"":486,""t"":383},{""x"":915,""y"":487,""t"":416},{""x"":887,""y"":497,""t"":451},{""x"":859,""y"":483,""t"":482},{""x"":849,""y"":463,""t"":513},{""x"":838,""y"":448,""t"":548},{""x"":845,""y"":451,""t"":581},{""x"":819,""y"":450,""t"":627},{""x"":806,""y"":449,""t"":656},{""x"":811,""y"":454,""t"":688},{""x"":807,""y"":462,""t"":717},{""x"":768,""y"":469,""t"":750},{""x"":747,""y"":469,""t"":787},{""x"":774,""y"":473,""t"":818},{""x"":827,""y"":463,""t"":864},{""x"":872,""y"":463,""t"":898},{""x"":911,""y"":465,""t"":930},{""x"":939,""y"":459,""t"":962},{""x"":962,""y"":454,""t"":988},{""x"":987,""y"":452,""t"":1039},{""x"":995,""y"":443,""t"":1066},{""x"":991,""y"":449,""t"":1095},{""x"":942,""y"":501,""t"":1127},{""x"":964,""y"":521,""t"":1157},{""x"":935,""y"":521,""t"":1194},{""x"":929,""y"":515,""t"":1228},{""x"":988,""y"":602,""t"":1272},{""x"":1090,""y"":661,""t"":1303},{""x"":1200,""y"":709,""t"":1334},{""x"":1228,""y"":756,""t"":1365},{""x"":1249,""y"":800,""t"":1395},{""x"":1233,""y"":812,""t"":1444},{""x"":1194,""y"":806,""t"":1464},{""x"":1114,""y"":776,""t"":1508},{""x"":1047,""y"":714,""t"":1539},{""x"":1011,""y"":710,""t"":1571},{""x"":932,""y"":637,""t"":1601},{""x"":889,""y"":573,""t"":1647},{""x"":830,""y"":520,""t"":1669},{""x"":786,""y"":476,""t"":1710},{""x"":764,""y"":449,""t"":1741},{""x"":750,""y"":430,""t"":1771},{""x"":729,""y"":413,""t"":1804},{""x"":745,""y"":403,""t"":1852},{""x"":729,""y"":396,""t"":1882},{""x"":746,""y"":389,""t"":1913},{""x"":742,""y"":388,""t"":1945},{""x"":763,""y"":391,""t"":1976}]","[{""x"":250,""y"":425,""width"":80,""height"":80,""top"":385,""right"":290,""bottom"":465,""left"":210},{""x"":400,""y"":165.1923788646684,""width"":80,""height"":80,""top"":125.1923788646684,""right"":440,""bottom"":205.1923788646684,""left"":360},{""x"":700,""y"":165.1923788646684,""width"":80,""height"":80,""top"":125.1923788646684,""right"":740,""bottom"":205.1923788646684,""left"":660},{""x"":850,""y"":425,""width"":80,""height"":80,""top"":385,""right"":890,""bottom"":465,""left"":810},{""x"":700,""y"":684.8076211353316,""width"":80,""height"":80,""top"":644.8076211353316,""right"":740,""bottom"":724.8076211353316,""left"":660},{""x"":400,""y"":684.8076211353316,""width"":80,""height"":80,""top"":644.8076211353316,""right"":440,""bottom"":724.8076211353316,""left"":360}]","{""#container"":{""x"":266.42919921875,""y"":48.58407211303711,""width"":1099.9910888671875,""height"":849.9955444335938,""top"":48.58407211303711,""right"":1366.4202880859375,""bottom"":898.5796165466309,""left"":266.42919921875}}","[{'red': 0}, {'green': 0}, {'purple': 0}, {'blue': 3}, {'cyan': 5}, {'yellow': 0}]",,cyan
425,,,,561.0,9.0,9.0,"[""red"",""blue"",""yellow"",""green"",""cyan"",""purple""]",yellow,True,"[{""x"":780,""y"":399,""t"":2},{""x"":777,""y"":409,""t"":39},{""x"":772,""y"":426,""t"":70},{""x"":782,""y"":432,""t"":104},{""x"":756,""y"":457,""t"":141},{""x"":824,""y"":452,""t"":174},{""x"":830,""y"":458,""t"":206},{""x"":813,""y"":473,""t"":245},{""x"":820,""y"":466,""t"":282},{""x"":817,""y"":469,""t"":314},{""x"":808,""y"":468,""t"":347},{""x"":789,""y"":468,""t"":383},{""x"":751,""y"":464,""t"":413},{""x"":720,""y"":462,""t"":449},{""x"":695,""y"":459,""t"":483},{""x"":666,""y"":459,""t"":518},{""x"":677,""y"":462,""t"":554},{""x"":651,""y"":458,""t"":590},{""x"":678,""y"":452,""t"":622},{""x"":696,""y"":448,""t"":652},{""x"":701,""y"":444,""t"":684},{""x"":696,""y"":451,""t"":722},{""x"":753,""y"":436,""t"":752},{""x"":727,""y"":454,""t"":783},{""x"":740,""y"":474,""t"":834},{""x"":722,""y"":495,""t"":854},{""x"":804,""y"":466,""t"":887},{""x"":784,""y"":438,""t"":927},{""x"":777,""y"":394,""t"":960},{""x"":787,""y"":356,""t"":990},{""x"":793,""y"":312,""t"":1022},{""x"":766,""y"":300,""t"":1069},{""x"":697,""y"":301,""t"":1090},{""x"":675,""y"":295,""t"":1131},{""x"":655,""y"":319,""t"":1163},{""x"":640,""y"":343,""t"":1194},{""x"":661,""y"":365,""t"":1227},{""x"":677,""y"":378,""t"":1275},{""x"":691,""y"":389,""t"":1294},{""x"":672,""y"":396,""t"":1337},{""x"":674,""y"":408,""t"":1368},{""x"":693,""y"":414,""t"":1396},{""x"":689,""y"":425,""t"":1430},{""x"":673,""y"":430,""t"":1479},{""x"":658,""y"":438,""t"":1501},{""x"":695,""y"":447,""t"":1532},{""x"":708,""y"":466,""t"":1572},{""x"":751,""y"":470,""t"":1606},{""x"":765,""y"":494,""t"":1638},{""x"":767,""y"":506,""t"":1672},{""x"":772,""y"":499,""t"":1706},{""x"":804,""y"":494,""t"":1737},{""x"":821,""y"":504,""t"":1771},{""x"":874,""y"":512,""t"":1809},{""x"":871,""y"":547,""t"":1840},{""x"":905,""y"":572,""t"":1873},{""x"":938,""y"":565,""t"":1920},{""x"":964,""y"":556,""t"":1940}]","[{""x"":250,""y"":425,""width"":80,""height"":80,""top"":385,""right"":290,""bottom"":465,""left"":210},{""x"":400,""y"":165.1923788646684,""width"":80,""height"":80,""top"":125.1923788646684,""right"":440,""bottom"":205.1923788646684,""left"":360},{""x"":700,""y"":165.1923788646684,""width"":80,""height"":80,""top"":125.1923788646684,""right"":740,""bottom"":205.1923788646684,""left"":660},{""x"":850,""y"":425,""width"":80,""height"":80,""top"":385,""right"":890,""bottom"":465,""left"":810},{""x"":700,""y"":684.8076211353316,""width"":80,""height"":80,""top"":644.8076211353316,""right"":740,""bottom"":724.8076211353316,""left"":660},{""x"":400,""y"":684.8076211353316,""width"":80,""height"":80,""top"":644.8076211353316,""right"":440,""bottom"":724.8076211353316,""left"":360}]","{""#container"":{""x"":266.42919921875,""y"":48.58407211303711,""width"":1099.9910888671875,""height"":849.9955444335938,""top"":48.58407211303711,""right"":1366.4202880859375,""bottom"":898.5796165466309,""left"":266.42919921875}}","[{'red': 2}, {'blue': 5}, {'yellow': 0}, {'green': 0}, {'cyan': 0}, {'purple': 0}]",,blue
426,,,,421.0,7.0,7.0,"[""red"",""green"",""blue"",""purple"",""yellow"",""cyan""]",green_1,True,"[{""x"":959,""y"":600,""t"":2},{""x"":1065,""y"":649,""t"":44},{""x"":1149,""y"":692,""t"":75},{""x"":1230,""y"":723,""t"":107},{""x"":1281,""y"":771,""t"":138},{""x"":1287,""y"":801,""t"":173},{""x"":1157,""y"":759,""t"":205},{""x"":1084,""y"":690,""t"":239},{""x"":1018,""y"":609,""t"":275},{""x"":956,""y"":546,""t"":308},{""x"":874,""y"":498,""t"":342},{""x"":843,""y"":454,""t"":390},{""x"":821,""y"":418,""t"":409},{""x"":827,""y"":401,""t"":452},{""x"":788,""y"":387,""t"":481},{""x"":771,""y"":374,""t"":512},{""x"":735,""y"":397,""t"":546},{""x"":683,""y"":415,""t"":592},{""x"":750,""y"":439,""t"":622},{""x"":681,""y"":460,""t"":654},{""x"":624,""y"":478,""t"":683},{""x"":622,""y"":473,""t"":716},{""x"":587,""y"":490,""t"":751},{""x"":582,""y"":507,""t"":783},{""x"":597,""y"":489,""t"":829},{""x"":612,""y"":473,""t"":856},{""x"":626,""y"":445,""t"":891},{""x"":633,""y"":425,""t"":920},{""x"":648,""y"":395,""t"":954},{""x"":664,""y"":371,""t"":991},{""x"":673,""y"":348,""t"":1033},{""x"":658,""y"":331,""t"":1063},{""x"":667,""y"":325,""t"":1094},{""x"":727,""y"":328,""t"":1123},{""x"":780,""y"":329,""t"":1159},{""x"":841,""y"":330,""t"":1207},{""x"":892,""y"":333,""t"":1227},{""x"":903,""y"":341,""t"":1270},{""x"":935,""y"":347,""t"":1302},{""x"":968,""y"":363,""t"":1331},{""x"":999,""y"":363,""t"":1362},{""x"":977,""y"":384,""t"":1413},{""x"":977,""y"":383,""t"":1430},{""x"":970,""y"":396,""t"":1475},{""x"":982,""y"":386,""t"":1508},{""x"":981,""y"":422,""t"":1539},{""x"":991,""y"":412,""t"":1567},{""x"":979,""y"":415,""t"":1602},{""x"":973,""y"":422,""t"":1634},{""x"":945,""y"":419,""t"":1679},{""x"":925,""y"":409,""t"":1710},{""x"":904,""y"":408,""t"":1744},{""x"":856,""y"":406,""t"":1774},{""x"":833,""y"":386,""t"":1809},{""x"":805,""y"":380,""t"":1838},{""x"":737,""y"":370,""t"":1885},{""x"":681,""y"":373,""t"":1905},{""x"":659,""y"":381,""t"":1948},{""x"":659,""y"":389,""t"":1974}]","[{""x"":250,""y"":425,""width"":80,""height"":80,""top"":385,""right"":290,""bottom"":465,""left"":210},{""x"":400,""y"":165.1923788646684,""width"":80,""height"":80,""top"":125.1923788646684,""right"":440,""bottom"":205.1923788646684,""left"":360},{""x"":700,""y"":165.1923788646684,""width"":80,""height"":80,""top"":125.1923788646684,""right"":740,""bottom"":205.1923788646684,""left"":660},{""x"":850,""y"":425,""width"":80,""height"":80,""top"":385,""right"":890,""bottom"":465,""left"":810},{""x"":700,""y"":684.8076211353316,""width"":80,""height"":80,""top"":644.8076211353316,""right"":740,""bottom"":724.8076211353316,""left"":660},{""x"":400,""y"":684.8076211353316,""width"":80,""height"":80,""top"":644.8076211353316,""right"":440,""bottom"":724.8076211353316,""left"":360}]","{""#container"":{""x"":266.42919921875,""y"":48.58407211303711,""width"":1099.9910888671875,""height"":849.9955444335938,""top"":48.58407211303711,""right"":1366.4202880859375,""bottom"":898.5796165466309,""left"":266.42919921875}}","[{'red': 8}, {'green': 4}, {'blue': 4}, {'purple': 3}, {'yellow': 4}, {'cyan': 0}]",{'green_1': 4},red
427,,,,991.0,1.0,3.0,"[""green"",""red"",""cyan"",""blue"",""purple"",""yellow""]",purple_1,False,"[{""x"":738,""y"":406,""t"":1},{""x"":786,""y"":429,""t"":40},{""x"":831,""y"":455,""t"":69},{""x"":868,""y"":470,""t"":105},{""x"":871,""y"":481,""t"":139},{""x"":911,""y"":499,""t"":171},{""x"":924,""y"":503,""t"":205},{""x"":959,""y"":516,""t"":241},{""x"":994,""y"":522,""t"":273},{""x"":1046,""y"":531,""t"":315},{""x"":1064,""y"":533,""t"":343},{""x"":964,""y"":501,""t"":378},{""x"":877,""y"":483,""t"":412},{""x"":798,""y"":462,""t"":445},{""x"":745,""y"":445,""t"":479},{""x"":709,""y"":433,""t"":518},{""x"":662,""y"":430,""t"":548},{""x"":650,""y"":416,""t"":579},{""x"":630,""y"":402,""t"":629},{""x"":620,""y"":386,""t"":648},{""x"":606,""y"":393,""t"":692},{""x"":592,""y"":396,""t"":719},{""x"":578,""y"":402,""t"":749},{""x"":591,""y"":413,""t"":800},{""x"":563,""y"":400,""t"":820},{""x"":531,""y"":399,""t"":852},{""x"":532,""y"":410,""t"":895},{""x"":499,""y"":434,""t"":929},{""x"":486,""y"":442,""t"":955},{""x"":486,""y"":461,""t"":989},{""x"":500,""y"":467,""t"":1022},{""x"":505,""y"":464,""t"":1064},{""x"":511,""y"":461,""t"":1094},{""x"":525,""y"":446,""t"":1125},{""x"":554,""y"":431,""t"":1159},{""x"":581,""y"":425,""t"":1192},{""x"":631,""y"":429,""t"":1239},{""x"":696,""y"":443,""t"":1271},{""x"":764,""y"":462,""t"":1299},{""x"":896,""y"":479,""t"":1332},{""x"":975,""y"":488,""t"":1364},{""x"":1044,""y"":494,""t"":1395},{""x"":1113,""y"":477,""t"":1441},{""x"":1125,""y"":469,""t"":1473},{""x"":1128,""y"":464,""t"":1506},{""x"":1103,""y"":466,""t"":1531},{""x"":1117,""y"":455,""t"":1568},{""x"":1052,""y"":470,""t"":1613},{""x"":993,""y"":483,""t"":1633},{""x"":911,""y"":470,""t"":1677},{""x"":835,""y"":459,""t"":1704},{""x"":809,""y"":457,""t"":1736},{""x"":747,""y"":447,""t"":1771},{""x"":677,""y"":433,""t"":1817},{""x"":646,""y"":426,""t"":1844},{""x"":623,""y"":421,""t"":1872},{""x"":626,""y"":426,""t"":1912},{""x"":639,""y"":440,""t"":1944},{""x"":649,""y"":450,""t"":1975}]","[{""x"":250,""y"":425,""width"":80,""height"":80,""top"":385,""right"":290,""bottom"":465,""left"":210},{""x"":400,""y"":165.1923788646684,""width"":80,""height"":80,""top"":125.1923788646684,""right"":440,""bottom"":205.1923788646684,""left"":360},{""x"":700,""y"":165.1923788646684,""width"":80,""height"":80,""top"":125.1923788646684,""right"":740,""bottom"":205.1923788646684,""left"":660},{""x"":850,""y"":425,""width"":80,""height"":80,""top"":385,""right"":890,""bottom"":465,""left"":810},{""x"":700,""y"":684.8076211353316,""width"":80,""height"":80,""top"":644.8076211353316,""right"":740,""bottom"":724.8076211353316,""left"":660},{""x"":400,""y"":684.8076211353316,""width"":80,""height"":80,""top"":644.8076211353316,""right"":440,""bottom"":724.8076211353316,""left"":360}]","{""#container"":{""x"":266.42919921875,""y"":48.58407211303711,""width"":1099.9910888671875,""height"":849.9955444335938,""top"":48.58407211303711,""right"":1366.4202880859375,""bottom"":898.5796165466309,""left"":266.42919921875}}","[{'green': 25}, {'red': 0}, {'cyan': 0}, {'blue': 12}, {'purple': 0}, {'yellow': 0}]",,green
428,,,,412.0,7.0,7.0,"[""green"",""blue"",""cyan"",""purple"",""yellow"",""red""]",blue,True,"[{""x"":726,""y"":465,""t"":4},{""x"":745,""y"":465,""t"":43},{""x"":785,""y"":458,""t"":72},{""x"":816,""y"":460,""t"":105},{""x"":842,""y"":461,""t"":137},{""x"":844,""y"":464,""t"":172},{""x"":850,""y"":450,""t"":206},{""x"":827,""y"":445,""t"":242},{""x"":851,""y"":438,""t"":275},{""x"":850,""y"":429,""t"":307},{""x"":863,""y"":441,""t"":352},{""x"":891,""y"":450,""t"":382},{""x"":868,""y"":476,""t"":413},{""x"":874,""y"":487,""t"":446},{""x"":876,""y"":495,""t"":477},{""x"":922,""y"":513,""t"":524},{""x"":932,""y"":529,""t"":555},{""x"":919,""y"":539,""t"":582},{""x"":909,""y"":550,""t"":613},{""x"":907,""y"":534,""t"":651},{""x"":915,""y"":533,""t"":681},{""x"":877,""y"":515,""t"":728},{""x"":863,""y"":510,""t"":761},{""x"":860,""y"":513,""t"":793},{""x"":903,""y"":512,""t"":825},{""x"":888,""y"":502,""t"":856},{""x"":859,""y"":499,""t"":888},{""x"":853,""y"":493,""t"":921},{""x"":869,""y"":512,""t"":955},{""x"":877,""y"":519,""t"":995},{""x"":914,""y"":522,""t"":1026},{""x"":927,""y"":531,""t"":1060},{""x"":965,""y"":542,""t"":1090},{""x"":932,""y"":548,""t"":1136},{""x"":923,""y"":580,""t"":1159},{""x"":902,""y"":558,""t"":1199},{""x"":897,""y"":544,""t"":1229},{""x"":924,""y"":534,""t"":1262},{""x"":941,""y"":528,""t"":1294},{""x"":941,""y"":532,""t"":1339},{""x"":936,""y"":523,""t"":1373},{""x"":943,""y"":510,""t"":1405},{""x"":946,""y"":509,""t"":1437},{""x"":908,""y"":528,""t"":1470},{""x"":859,""y"":536,""t"":1502},{""x"":836,""y"":551,""t"":1533},{""x"":837,""y"":544,""t"":1575},{""x"":808,""y"":550,""t"":1605},{""x"":831,""y"":573,""t"":1638},{""x"":803,""y"":598,""t"":1669},{""x"":854,""y"":577,""t"":1717},{""x"":866,""y"":581,""t"":1736},{""x"":906,""y"":565,""t"":1778},{""x"":963,""y"":574,""t"":1811},{""x"":1011,""y"":582,""t"":1837},{""x"":1012,""y"":605,""t"":1887},{""x"":960,""y"":615,""t"":1909},{""x"":1006,""y"":597,""t"":1941}]","[{""x"":250,""y"":425,""width"":80,""height"":80,""top"":385,""right"":290,""bottom"":465,""left"":210},{""x"":400,""y"":165.1923788646684,""width"":80,""height"":80,""top"":125.1923788646684,""right"":440,""bottom"":205.1923788646684,""left"":360},{""x"":700,""y"":165.1923788646684,""width"":80,""height"":80,""top"":125.1923788646684,""right"":740,""bottom"":205.1923788646684,""left"":660},{""x"":850,""y"":425,""width"":80,""height"":80,""top"":385,""right"":890,""bottom"":465,""left"":810},{""x"":700,""y"":684.8076211353316,""width"":80,""height"":80,""top"":644.8076211353316,""right"":740,""bottom"":724.8076211353316,""left"":660},{""x"":400,""y"":684.8076211353316,""width"":80,""height"":80,""top"":644.8076211353316,""right"":440,""bottom"":724.8076211353316,""left"":360}]","{""#container"":{""x"":266.42919921875,""y"":48.58407211303711,""width"":1099.9910888671875,""height"":849.9955444335938,""top"":48.58407211303711,""right"":1366.4202880859375,""bottom"":898.5796165466309,""left"":266.42919921875}}","[{'green': 0}, {'blue': 0}, {'cyan': 0}, {'purple': 0}, {'yellow': 3}, {'red': 0}]",,yellow
429,,,,424.0,6.0,6.0,"[""purple"",""yellow"",""red"",""cyan"",""green"",""blue""]",cyan_1,True,"[{""x"":1004,""y"":582,""t"":2},{""x"":980,""y"":565,""t"":44},{""x"":969,""y"":539,""t"":80},{""x"":958,""y"":517,""t"":104},{""x"":977,""y"":509,""t"":139},{""x"":943,""y"":501,""t"":172},{""x"":952,""y"":483,""t"":206},{""x"":913,""y"":471,""t"":242},{""x"":944,""y"":465,""t"":274},{""x"":936,""y"":446,""t"":320},{""x"":931,""y"":439,""t"":348},{""x"":898,""y"":444,""t"":379},{""x"":909,""y"":460,""t"":409},{""x"":920,""y"":462,""t"":447},{""x"":936,""y"":473,""t"":479},{""x"":924,""y"":501,""t"":512},{""x"":924,""y"":499,""t"":547},{""x"":966,""y"":530,""t"":590},{""x"":988,""y"":546,""t"":623},{""x"":973,""y"":556,""t"":655},{""x"":968,""y"":562,""t"":681},{""x"":1013,""y"":553,""t"":732},{""x"":1043,""y"":534,""t"":752},{""x"":1045,""y"":520,""t"":784},{""x"":1045,""y"":507,""t"":823},{""x"":1019,""y"":512,""t"":857},{""x"":1005,""y"":492,""t"":887},{""x"":998,""y"":476,""t"":923},{""x"":1022,""y"":471,""t"":958},{""x"":1046,""y"":474,""t"":990},{""x"":1013,""y"":474,""t"":1022},{""x"":1002,""y"":478,""t"":1060},{""x"":994,""y"":490,""t"":1090},{""x"":939,""y"":489,""t"":1137},{""x"":949,""y"":510,""t"":1169},{""x"":968,""y"":510,""t"":1199},{""x"":956,""y"":520,""t"":1230},{""x"":967,""y"":521,""t"":1263},{""x"":954,""y"":526,""t"":1295},{""x"":972,""y"":531,""t"":1341},{""x"":967,""y"":535,""t"":1373},{""x"":973,""y"":518,""t"":1405},{""x"":1002,""y"":510,""t"":1437},{""x"":985,""y"":503,""t"":1469},{""x"":1005,""y"":517,""t"":1501},{""x"":1017,""y"":544,""t"":1532},{""x"":995,""y"":566,""t"":1576},{""x"":1013,""y"":587,""t"":1605},{""x"":1029,""y"":585,""t"":1638},{""x"":1055,""y"":598,""t"":1668},{""x"":1038,""y"":606,""t"":1702},{""x"":1059,""y"":591,""t"":1748},{""x"":1064,""y"":588,""t"":1772},{""x"":1062,""y"":567,""t"":1810},{""x"":1067,""y"":555,""t"":1842},{""x"":1052,""y"":539,""t"":1874},{""x"":1032,""y"":525,""t"":1905},{""x"":1048,""y"":515,""t"":1952}]","[{""x"":250,""y"":425,""width"":80,""height"":80,""top"":385,""right"":290,""bottom"":465,""left"":210},{""x"":400,""y"":165.1923788646684,""width"":80,""height"":80,""top"":125.1923788646684,""right"":440,""bottom"":205.1923788646684,""left"":360},{""x"":700,""y"":165.1923788646684,""width"":80,""height"":80,""top"":125.1923788646684,""right"":740,""bottom"":205.1923788646684,""left"":660},{""x"":850,""y"":425,""width"":80,""height"":80,""top"":385,""right"":890,""bottom"":465,""left"":810},{""x"":700,""y"":684.8076211353316,""width"":80,""height"":80,""top"":644.8076211353316,""right"":740,""bottom"":724.8076211353316,""left"":660},{""x"":400,""y"":684.8076211353316,""width"":80,""height"":80,""top"":644.8076211353316,""right"":440,""bottom"":724.8076211353316,""left"":360}]","{""#container"":{""x"":266.42919921875,""y"":48.58407211303711,""width"":1099.9910888671875,""height"":849.9955444335938,""top"":48.58407211303711,""right"":1366.4202880859375,""bottom"":898.5796165466309,""left"":266.42919921875}}","[{'purple': 0}, {'yellow': 0}, {'red': 0}, {'cyan': 27}, {'green': 1}, {'blue': 0}]",{'cyan_1': 27},cyan_1
430,,,,752.0,9.0,3.0,"[""yellow"",""green"",""purple"",""blue"",""cyan"",""red""]",cyan_1,False,"[{""x"":1002,""y"":483,""t"":2},{""x"":983,""y"":500,""t"":47},{""x"":991,""y"":496,""t"":82},{""x"":994,""y"":505,""t"":124},{""x"":967,""y"":513,""t"":147},{""x"":951,""y"":498,""t"":181},{""x"":964,""y"":490,""t"":215},{""x"":945,""y"":472,""t"":249},{""x"":957,""y"":467,""t"":282},{""x"":970,""y"":463,""t"":311},{""x"":942,""y"":452,""t"":343},{""x"":950,""y"":456,""t"":388},{""x"":984,""y"":464,""t"":419},{""x"":986,""y"":469,""t"":447},{""x"":997,""y"":465,""t"":478},{""x"":1028,""y"":470,""t"":515},{""x"":1032,""y"":465,""t"":548},{""x"":1018,""y"":459,""t"":580},{""x"":1009,""y"":476,""t"":626},{""x"":993,""y"":476,""t"":652},{""x"":981,""y"":494,""t"":682},{""x"":985,""y"":499,""t"":715},{""x"":971,""y"":498,""t"":765},{""x"":971,""y"":506,""t"":786},{""x"":989,""y"":511,""t"":822},{""x"":1021,""y"":510,""t"":852},{""x"":986,""y"":492,""t"":892},{""x"":1010,""y"":490,""t"":926},{""x"":1021,""y"":490,""t"":954},{""x"":1033,""y"":522,""t"":1000},{""x"":1024,""y"":527,""t"":1030},{""x"":1014,""y"":511,""t"":1059},{""x"":1003,""y"":481,""t"":1090},{""x"":1013,""y"":466,""t"":1124},{""x"":989,""y"":475,""t"":1172},{""x"":969,""y"":484,""t"":1192},{""x"":951,""y"":471,""t"":1230},{""x"":940,""y"":457,""t"":1274},{""x"":931,""y"":446,""t"":1300},{""x"":927,""y"":437,""t"":1344},{""x"":928,""y"":440,""t"":1368},{""x"":933,""y"":431,""t"":1399},{""x"":951,""y"":431,""t"":1432},{""x"":945,""y"":429,""t"":1465},{""x"":911,""y"":420,""t"":1499},{""x"":896,""y"":419,""t"":1547},{""x"":856,""y"":431,""t"":1567},{""x"":857,""y"":432,""t"":1600},{""x"":861,""y"":435,""t"":1641},{""x"":917,""y"":465,""t"":1676},{""x"":900,""y"":472,""t"":1712},{""x"":886,""y"":489,""t"":1740},{""x"":882,""y"":498,""t"":1776},{""x"":887,""y"":501,""t"":1812},{""x"":907,""y"":494,""t"":1853},{""x"":921,""y"":484,""t"":1878},{""x"":949,""y"":480,""t"":1912},{""x"":955,""y"":506,""t"":1948},{""x"":998,""y"":518,""t"":1980}]","[{""x"":250,""y"":425,""width"":80,""height"":80,""top"":385,""right"":290,""bottom"":465,""left"":210},{""x"":400,""y"":165.1923788646684,""width"":80,""height"":80,""top"":125.1923788646684,""right"":440,""bottom"":205.1923788646684,""left"":360},{""x"":700,""y"":165.1923788646684,""width"":80,""height"":80,""top"":125.1923788646684,""right"":740,""bottom"":205.1923788646684,""left"":660},{""x"":850,""y"":425,""width"":80,""height"":80,""top"":385,""right"":890,""bottom"":465,""left"":810},{""x"":700,""y"":684.8076211353316,""width"":80,""height"":80,""top"":644.8076211353316,""right"":740,""bottom"":724.8076211353316,""left"":660},{""x"":400,""y"":684.8076211353316,""width"":80,""height"":80,""top"":644.8076211353316,""right"":440,""bottom"":724.8076211353316,""left"":360}]","{""#container"":{""x"":266.42919921875,""y"":48.58407211303711,""width"":1099.9910888671875,""height"":849.9955444335938,""top"":48.58407211303711,""right"":1366.4202880859375,""bottom"":898.5796165466309,""left"":266.42919921875}}","[{'yellow': 0}, {'green': 0}, {'purple': 0}, {'blue': 30}, {'cyan': 0}, {'red': 0}]",,blue
431,,,,517.0,6.0,6.0,"[""blue"",""green"",""purple"",""red"",""cyan"",""yellow""]",red,True,"[{""x"":985,""y"":501,""t"":1},{""x"":966,""y"":483,""t"":43},{""x"":945,""y"":453,""t"":77},{""x"":939,""y"":438,""t"":106},{""x"":917,""y"":421,""t"":138},{""x"":917,""y"":423,""t"":175},{""x"":916,""y"":412,""t"":208},{""x"":899,""y"":410,""t"":241},{""x"":888,""y"":404,""t"":274},{""x"":882,""y"":407,""t"":308},{""x"":882,""y"":408,""t"":347},{""x"":858,""y"":409,""t"":377},{""x"":860,""y"":434,""t"":411},{""x"":815,""y"":442,""t"":444},{""x"":820,""y"":451,""t"":492},{""x"":827,""y"":459,""t"":513},{""x"":844,""y"":456,""t"":555},{""x"":845,""y"":456,""t"":587},{""x"":854,""y"":469,""t"":619},{""x"":874,""y"":468,""t"":652},{""x"":890,""y"":462,""t"":686},{""x"":895,""y"":477,""t"":722},{""x"":898,""y"":490,""t"":751},{""x"":897,""y"":492,""t"":784},{""x"":890,""y"":488,""t"":824},{""x"":859,""y"":489,""t"":857},{""x"":822,""y"":488,""t"":886},{""x"":833,""y"":484,""t"":936},{""x"":803,""y"":478,""t"":966},{""x"":800,""y"":480,""t"":997},{""x"":774,""y"":469,""t"":1029},{""x"":774,""y"":476,""t"":1058},{""x"":775,""y"":477,""t"":1092},{""x"":816,""y"":467,""t"":1127},{""x"":860,""y"":467,""t"":1161},{""x"":889,""y"":467,""t"":1191},{""x"":937,""y"":484,""t"":1238},{""x"":967,""y"":512,""t"":1269},{""x"":1028,""y"":517,""t"":1299},{""x"":1043,""y"":509,""t"":1335},{""x"":1048,""y"":513,""t"":1369},{""x"":1072,""y"":504,""t"":1406},{""x"":1092,""y"":502,""t"":1431},{""x"":1117,""y"":508,""t"":1467},{""x"":1106,""y"":516,""t"":1499},{""x"":1076,""y"":520,""t"":1533},{""x"":1012,""y"":503,""t"":1570},{""x"":1001,""y"":511,""t"":1606},{""x"":989,""y"":511,""t"":1640},{""x"":922,""y"":495,""t"":1671},{""x"":875,""y"":490,""t"":1705},{""x"":855,""y"":484,""t"":1737},{""x"":871,""y"":488,""t"":1777},{""x"":853,""y"":467,""t"":1812},{""x"":845,""y"":465,""t"":1844},{""x"":830,""y"":472,""t"":1873},{""x"":844,""y"":473,""t"":1907},{""x"":852,""y"":487,""t"":1940}]","[{""x"":250,""y"":425,""width"":80,""height"":80,""top"":385,""right"":290,""bottom"":465,""left"":210},{""x"":400,""y"":165.1923788646684,""width"":80,""height"":80,""top"":125.1923788646684,""right"":440,""bottom"":205.1923788646684,""left"":360},{""x"":700,""y"":165.1923788646684,""width"":80,""height"":80,""top"":125.1923788646684,""right"":740,""bottom"":205.1923788646684,""left"":660},{""x"":850,""y"":425,""width"":80,""height"":80,""top"":385,""right"":890,""bottom"":465,""left"":810},{""x"":700,""y"":684.8076211353316,""width"":80,""height"":80,""top"":644.8076211353316,""right"":740,""bottom"":724.8076211353316,""left"":660},{""x"":400,""y"":684.8076211353316,""width"":80,""height"":80,""top"":644.8076211353316,""right"":440,""bottom"":724.8076211353316,""left"":360}]","{""#container"":{""x"":266.42919921875,""y"":48.58407211303711,""width"":1099.9910888671875,""height"":849.9955444335938,""top"":48.58407211303711,""right"":1366.4202880859375,""bottom"":898.5796165466309,""left"":266.42919921875}}","[{'blue': 0}, {'green': 0}, {'purple': 0}, {'red': 12}, {'cyan': 0}, {'yellow': 0}]",{'red': 12},red
432,,,,605.0,1.0,1.0,"[""cyan"",""purple"",""green"",""yellow"",""blue"",""red""]",red_1,True,"[{""x"":830,""y"":475,""t"":2},{""x"":869,""y"":474,""t"":41},{""x"":903,""y"":472,""t"":72},{""x"":903,""y"":465,""t"":108},{""x"":919,""y"":467,""t"":143},{""x"":909,""y"":468,""t"":175},{""x"":941,""y"":450,""t"":212},{""x"":960,""y"":448,""t"":248},{""x"":958,""y"":449,""t"":277},{""x"":947,""y"":451,""t"":314},{""x"":983,""y"":455,""t"":344},{""x"":1003,""y"":467,""t"":376},{""x"":1030,""y"":465,""t"":418},{""x"":1049,""y"":472,""t"":453},{""x"":1060,""y"":478,""t"":480},{""x"":1038,""y"":477,""t"":513},{""x"":1016,""y"":483,""t"":560},{""x"":982,""y"":471,""t"":582},{""x"":983,""y"":470,""t"":614},{""x"":993,""y"":475,""t"":650},{""x"":983,""y"":474,""t"":684},{""x"":992,""y"":480,""t"":716},{""x"":999,""y"":478,""t"":754},{""x"":1004,""y"":469,""t"":790},{""x"":1002,""y"":465,""t"":823},{""x"":1014,""y"":469,""t"":861},{""x"":957,""y"":476,""t"":897},{""x"":953,""y"":533,""t"":932},{""x"":964,""y"":544,""t"":961},{""x"":987,""y"":530,""t"":995},{""x"":1003,""y"":531,""t"":1029},{""x"":974,""y"":566,""t"":1066},{""x"":932,""y"":606,""t"":1097},{""x"":962,""y"":642,""t"":1132},{""x"":972,""y"":640,""t"":1163},{""x"":947,""y"":662,""t"":1192},{""x"":954,""y"":642,""t"":1226},{""x"":961,""y"":642,""t"":1275},{""x"":982,""y"":636,""t"":1305},{""x"":1005,""y"":595,""t"":1334},{""x"":1049,""y"":561,""t"":1364},{""x"":1057,""y"":562,""t"":1397},{""x"":1031,""y"":516,""t"":1432},{""x"":1004,""y"":488,""t"":1466},{""x"":1010,""y"":466,""t"":1502},{""x"":1012,""y"":442,""t"":1540},{""x"":996,""y"":417,""t"":1574},{""x"":974,""y"":392,""t"":1601},{""x"":965,""y"":378,""t"":1635},{""x"":953,""y"":347,""t"":1668},{""x"":942,""y"":336,""t"":1703},{""x"":941,""y"":336,""t"":1746},{""x"":946,""y"":333,""t"":1775},{""x"":949,""y"":341,""t"":1806},{""x"":931,""y"":339,""t"":1840},{""x"":938,""y"":347,""t"":1872},{""x"":937,""y"":346,""t"":1921},{""x"":927,""y"":355,""t"":1942},{""x"":934,""y"":357,""t"":1973}]","[{""x"":250,""y"":425,""width"":80,""height"":80,""top"":385,""right"":290,""bottom"":465,""left"":210},{""x"":400,""y"":165.1923788646684,""width"":80,""height"":80,""top"":125.1923788646684,""right"":440,""bottom"":205.1923788646684,""left"":360},{""x"":700,""y"":165.1923788646684,""width"":80,""height"":80,""top"":125.1923788646684,""right"":740,""bottom"":205.1923788646684,""left"":660},{""x"":850,""y"":425,""width"":80,""height"":80,""top"":385,""right"":890,""bottom"":465,""left"":810},{""x"":700,""y"":684.8076211353316,""width"":80,""height"":80,""top"":644.8076211353316,""right"":740,""bottom"":724.8076211353316,""left"":660},{""x"":400,""y"":684.8076211353316,""width"":80,""height"":80,""top"":644.8076211353316,""right"":440,""bottom"":724.8076211353316,""left"":360}]","{""#container"":{""x"":266.42919921875,""y"":48.58407211303711,""width"":1099.9910888671875,""height"":849.9955444335938,""top"":48.58407211303711,""right"":1366.4202880859375,""bottom"":898.5796165466309,""left"":266.42919921875}}","[{'cyan': 0}, {'purple': 0}, {'green': 10}, {'yellow': 25}, {'blue': 8}, {'red': 0}]",,yellow
433,,,,474.0,9.0,3.0,"[""cyan"",""green"",""blue"",""yellow"",""red"",""purple""]",red_1,False,"[{""x"":899,""y"":381,""t"":3},{""x"":889,""y"":407,""t"":43},{""x"":928,""y"":432,""t"":74},{""x"":962,""y"":452,""t"":104},{""x"":972,""y"":469,""t"":140},{""x"":968,""y"":486,""t"":176},{""x"":967,""y"":497,""t"":206},{""x"":942,""y"":495,""t"":241},{""x"":920,""y"":490,""t"":276},{""x"":908,""y"":485,""t"":308},{""x"":905,""y"":495,""t"":344},{""x"":952,""y"":529,""t"":378},{""x"":933,""y"":539,""t"":411},{""x"":931,""y"":550,""t"":461},{""x"":937,""y"":540,""t"":478},{""x"":963,""y"":516,""t"":522},{""x"":1007,""y"":565,""t"":556},{""x"":1050,""y"":648,""t"":590},{""x"":1091,""y"":722,""t"":623},{""x"":1127,""y"":751,""t"":659},{""x"":1125,""y"":773,""t"":692},{""x"":1073,""y"":787,""t"":727},{""x"":1051,""y"":777,""t"":759},{""x"":999,""y"":762,""t"":789},{""x"":973,""y"":743,""t"":821},{""x"":938,""y"":722,""t"":854},{""x"":897,""y"":664,""t"":901},{""x"":895,""y"":612,""t"":931},{""x"":906,""y"":575,""t"":965},{""x"":870,""y"":531,""t"":995},{""x"":873,""y"":490,""t"":1028},{""x"":856,""y"":467,""t"":1061},{""x"":858,""y"":451,""t"":1095},{""x"":862,""y"":439,""t"":1125},{""x"":864,""y"":409,""t"":1169},{""x"":862,""y"":392,""t"":1198},{""x"":876,""y"":377,""t"":1233},{""x"":871,""y"":376,""t"":1262},{""x"":880,""y"":366,""t"":1309},{""x"":900,""y"":370,""t"":1337},{""x"":918,""y"":363,""t"":1374},{""x"":945,""y"":363,""t"":1407},{""x"":936,""y"":373,""t"":1438},{""x"":917,""y"":376,""t"":1474},{""x"":922,""y"":374,""t"":1507},{""x"":956,""y"":373,""t"":1540},{""x"":961,""y"":366,""t"":1567},{""x"":1010,""y"":361,""t"":1602},{""x"":982,""y"":357,""t"":1642},{""x"":988,""y"":348,""t"":1678},{""x"":993,""y"":341,""t"":1712},{""x"":974,""y"":337,""t"":1742},{""x"":935,""y"":321,""t"":1779},{""x"":906,""y"":316,""t"":1812},{""x"":885,""y"":301,""t"":1844},{""x"":865,""y"":291,""t"":1877},{""x"":873,""y"":278,""t"":1906},{""x"":866,""y"":274,""t"":1943},{""x"":856,""y"":286,""t"":1977}]","[{""x"":250,""y"":425,""width"":80,""height"":80,""top"":385,""right"":290,""bottom"":465,""left"":210},{""x"":400,""y"":165.1923788646684,""width"":80,""height"":80,""top"":125.1923788646684,""right"":440,""bottom"":205.1923788646684,""left"":360},{""x"":700,""y"":165.1923788646684,""width"":80,""height"":80,""top"":125.1923788646684,""right"":740,""bottom"":205.1923788646684,""left"":660},{""x"":850,""y"":425,""width"":80,""height"":80,""top"":385,""right"":890,""bottom"":465,""left"":810},{""x"":700,""y"":684.8076211353316,""width"":80,""height"":80,""top"":644.8076211353316,""right"":740,""bottom"":724.8076211353316,""left"":660},{""x"":400,""y"":684.8076211353316,""width"":80,""height"":80,""top"":644.8076211353316,""right"":440,""bottom"":724.8076211353316,""left"":360}]","{""#container"":{""x"":266.42919921875,""y"":48.58407211303711,""width"":1099.9910888671875,""height"":849.9955444335938,""top"":48.58407211303711,""right"":1366.4202880859375,""bottom"":898.5796165466309,""left"":266.42919921875}}","[{'cyan': 0}, {'green': 0}, {'blue': 11}, {'yellow': 3}, {'red': 9}, {'purple': 0}]",{'red_1': 9},blue
434,,,,637.0,7.0,7.0,"[""blue"",""yellow"",""red"",""green"",""purple"",""cyan""]",yellow,True,"[{""x"":860,""y"":349,""t"":1},{""x"":894,""y"":391,""t"":46},{""x"":903,""y"":436,""t"":75},{""x"":918,""y"":464,""t"":105},{""x"":958,""y"":482,""t"":139},{""x"":935,""y"":477,""t"":173},{""x"":893,""y"":499,""t"":207},{""x"":873,""y"":507,""t"":240},{""x"":860,""y"":519,""t"":275},{""x"":859,""y"":513,""t"":320},{""x"":899,""y"":517,""t"":342},{""x"":893,""y"":491,""t"":382},{""x"":901,""y"":472,""t"":413},{""x"":908,""y"":454,""t"":445},{""x"":930,""y"":439,""t"":478},{""x"":934,""y"":421,""t"":525},{""x"":902,""y"":407,""t"":552},{""x"":896,""y"":387,""t"":588},{""x"":927,""y"":383,""t"":621},{""x"":913,""y"":382,""t"":655},{""x"":879,""y"":395,""t"":690},{""x"":813,""y"":408,""t"":719},{""x"":766,""y"":421,""t"":752},{""x"":733,""y"":419,""t"":788},{""x"":738,""y"":432,""t"":822},{""x"":745,""y"":443,""t"":855},{""x"":746,""y"":450,""t"":889},{""x"":702,""y"":445,""t"":925},{""x"":689,""y"":444,""t"":960},{""x"":682,""y"":437,""t"":989},{""x"":712,""y"":445,""t"":1035},{""x"":712,""y"":449,""t"":1057},{""x"":792,""y"":457,""t"":1090},{""x"":851,""y"":453,""t"":1128},{""x"":910,""y"":464,""t"":1164},{""x"":936,""y"":457,""t"":1198},{""x"":961,""y"":469,""t"":1229},{""x"":980,""y"":493,""t"":1260},{""x"":1006,""y"":498,""t"":1302},{""x"":1005,""y"":513,""t"":1338},{""x"":1027,""y"":518,""t"":1370},{""x"":1042,""y"":507,""t"":1402},{""x"":1063,""y"":502,""t"":1434},{""x"":1078,""y"":506,""t"":1468},{""x"":1087,""y"":508,""t"":1501},{""x"":1115,""y"":508,""t"":1533},{""x"":1170,""y"":520,""t"":1572},{""x"":1122,""y"":522,""t"":1606},{""x"":1106,""y"":513,""t"":1642},{""x"":1072,""y"":499,""t"":1671},{""x"":1057,""y"":486,""t"":1703},{""x"":1010,""y"":470,""t"":1738},{""x"":968,""y"":465,""t"":1770},{""x"":955,""y"":461,""t"":1810},{""x"":930,""y"":446,""t"":1841},{""x"":917,""y"":435,""t"":1873},{""x"":921,""y"":423,""t"":1907},{""x"":898,""y"":422,""t"":1943},{""x"":914,""y"":403,""t"":1980}]","[{""x"":250,""y"":425,""width"":80,""height"":80,""top"":385,""right"":290,""bottom"":465,""left"":210},{""x"":400,""y"":165.1923788646684,""width"":80,""height"":80,""top"":125.1923788646684,""right"":440,""bottom"":205.1923788646684,""left"":360},{""x"":700,""y"":165.1923788646684,""width"":80,""height"":80,""top"":125.1923788646684,""right"":740,""bottom"":205.1923788646684,""left"":660},{""x"":850,""y"":425,""width"":80,""height"":80,""top"":385,""right"":890,""bottom"":465,""left"":810},{""x"":700,""y"":684.8076211353316,""width"":80,""height"":80,""top"":644.8076211353316,""right"":740,""bottom"":724.8076211353316,""left"":660},{""x"":400,""y"":684.8076211353316,""width"":80,""height"":80,""top"":644.8076211353316,""right"":440,""bottom"":724.8076211353316,""left"":360}]","{""#container"":{""x"":266.42919921875,""y"":48.58407211303711,""width"":1099.9910888671875,""height"":849.9955444335938,""top"":48.58407211303711,""right"":1366.4202880859375,""bottom"":898.5796165466309,""left"":266.42919921875}}","[{'blue': 0}, {'yellow': 0}, {'red': 0}, {'green': 16}, {'purple': 0}, {'cyan': 0}]",,green
435,,,,589.0,9.0,9.0,"[""yellow"",""blue"",""red"",""green"",""cyan"",""purple""]",red,True,"[{""x"":943,""y"":394,""t"":2},{""x"":956,""y"":399,""t"":39},{""x"":969,""y"":404,""t"":72},{""x"":970,""y"":432,""t"":104},{""x"":989,""y"":452,""t"":139},{""x"":1030,""y"":466,""t"":175},{""x"":1097,""y"":493,""t"":208},{""x"":1052,""y"":484,""t"":240},{""x"":1054,""y"":492,""t"":275},{""x"":987,""y"":525,""t"":308},{""x"":1016,""y"":559,""t"":353},{""x"":992,""y"":558,""t"":385},{""x"":965,""y"":560,""t"":418},{""x"":970,""y"":538,""t"":454},{""x"":974,""y"":515,""t"":488},{""x"":976,""y"":491,""t"":521},{""x"":974,""y"":477,""t"":553},{""x"":965,""y"":478,""t"":586},{""x"":941,""y"":458,""t"":620},{""x"":951,""y"":457,""t"":649},{""x"":970,""y"":442,""t"":684},{""x"":967,""y"":440,""t"":717},{""x"":967,""y"":438,""t"":764},{""x"":951,""y"":430,""t"":796},{""x"":958,""y"":428,""t"":826},{""x"":932,""y"":426,""t"":856},{""x"":939,""y"":418,""t"":890},{""x"":927,""y"":414,""t"":924},{""x"":930,""y"":417,""t"":956},{""x"":902,""y"":420,""t"":989},{""x"":921,""y"":418,""t"":1034},{""x"":951,""y"":418,""t"":1066},{""x"":979,""y"":442,""t"":1102},{""x"":990,""y"":466,""t"":1134},{""x"":1017,""y"":462,""t"":1167},{""x"":1040,""y"":468,""t"":1202},{""x"":1033,""y"":457,""t"":1232},{""x"":1040,""y"":447,""t"":1264},{""x"":1008,""y"":447,""t"":1299},{""x"":986,""y"":449,""t"":1332},{""x"":951,""y"":469,""t"":1367},{""x"":998,""y"":491,""t"":1402},{""x"":980,""y"":490,""t"":1432},{""x"":1001,""y"":502,""t"":1464},{""x"":1019,""y"":494,""t"":1511},{""x"":1026,""y"":497,""t"":1540},{""x"":1059,""y"":510,""t"":1574},{""x"":1110,""y"":517,""t"":1608},{""x"":1125,""y"":524,""t"":1635},{""x"":1127,""y"":522,""t"":1671},{""x"":1102,""y"":517,""t"":1705},{""x"":1075,""y"":513,""t"":1743},{""x"":1046,""y"":492,""t"":1778},{""x"":1015,""y"":483,""t"":1810},{""x"":1013,""y"":465,""t"":1844},{""x"":1023,""y"":447,""t"":1872},{""x"":1022,""y"":444,""t"":1907},{""x"":1055,""y"":439,""t"":1951},{""x"":1067,""y"":453,""t"":1974}]","[{""x"":250,""y"":425,""width"":80,""height"":80,""top"":385,""right"":290,""bottom"":465,""left"":210},{""x"":400,""y"":165.1923788646684,""width"":80,""height"":80,""top"":125.1923788646684,""right"":440,""bottom"":205.1923788646684,""left"":360},{""x"":700,""y"":165.1923788646684,""width"":80,""height"":80,""top"":125.1923788646684,""right"":740,""bottom"":205.1923788646684,""left"":660},{""x"":850,""y"":425,""width"":80,""height"":80,""top"":385,""right"":890,""bottom"":465,""left"":810},{""x"":700,""y"":684.8076211353316,""width"":80,""height"":80,""top"":644.8076211353316,""right"":740,""bottom"":724.8076211353316,""left"":660},{""x"":400,""y"":684.8076211353316,""width"":80,""height"":80,""top"":644.8076211353316,""right"":440,""bottom"":724.8076211353316,""left"":360}]","{""#container"":{""x"":266.42919921875,""y"":48.58407211303711,""width"":1099.9910888671875,""height"":849.9955444335938,""top"":48.58407211303711,""right"":1366.4202880859375,""bottom"":898.5796165466309,""left"":266.42919921875}}","[{'yellow': 0}, {'blue': 0}, {'red': 0}, {'green': 37}, {'cyan': 0}, {'purple': 0}]",,green
436,,,,898.0,3.0,9.0,"[""blue"",""yellow"",""purple"",""green"",""cyan"",""red""]",purple,False,"[{""x"":1018,""y"":464,""t"":1},{""x"":999,""y"":494,""t"":44},{""x"":920,""y"":531,""t"":76},{""x"":887,""y"":546,""t"":110},{""x"":852,""y"":555,""t"":142},{""x"":825,""y"":562,""t"":171},{""x"":822,""y"":557,""t"":207},{""x"":826,""y"":568,""t"":242},{""x"":814,""y"":564,""t"":282},{""x"":819,""y"":551,""t"":312},{""x"":794,""y"":560,""t"":346},{""x"":769,""y"":559,""t"":383},{""x"":760,""y"":572,""t"":417},{""x"":817,""y"":527,""t"":451},{""x"":874,""y"":510,""t"":487},{""x"":881,""y"":507,""t"":517},{""x"":925,""y"":486,""t"":549},{""x"":899,""y"":497,""t"":586},{""x"":853,""y"":489,""t"":618},{""x"":871,""y"":469,""t"":653},{""x"":874,""y"":460,""t"":684},{""x"":895,""y"":445,""t"":717},{""x"":895,""y"":457,""t"":750},{""x"":870,""y"":474,""t"":799},{""x"":837,""y"":484,""t"":821},{""x"":816,""y"":493,""t"":852},{""x"":814,""y"":491,""t"":895},{""x"":791,""y"":521,""t"":924},{""x"":822,""y"":517,""t"":958},{""x"":849,""y"":523,""t"":992},{""x"":805,""y"":532,""t"":1023},{""x"":817,""y"":575,""t"":1069},{""x"":849,""y"":613,""t"":1099},{""x"":912,""y"":658,""t"":1133},{""x"":981,""y"":674,""t"":1168},{""x"":1053,""y"":679,""t"":1202},{""x"":1115,""y"":682,""t"":1231},{""x"":1165,""y"":683,""t"":1259},{""x"":1180,""y"":700,""t"":1304},{""x"":1191,""y"":714,""t"":1331},{""x"":1202,""y"":700,""t"":1364},{""x"":1220,""y"":699,""t"":1400},{""x"":1218,""y"":703,""t"":1430},{""x"":1200,""y"":704,""t"":1479},{""x"":1191,""y"":706,""t"":1501},{""x"":1190,""y"":707,""t"":1538},{""x"":1181,""y"":700,""t"":1568},{""x"":1163,""y"":711,""t"":1603},{""x"":1111,""y"":711,""t"":1634},{""x"":1108,""y"":708,""t"":1670},{""x"":1069,""y"":715,""t"":1716},{""x"":1057,""y"":721,""t"":1744},{""x"":1046,""y"":730,""t"":1778},{""x"":1024,""y"":713,""t"":1812},{""x"":1001,""y"":708,""t"":1841},{""x"":1021,""y"":693,""t"":1873},{""x"":1034,""y"":687,""t"":1909},{""x"":1046,""y"":689,""t"":1940}]","[{""x"":250,""y"":425,""width"":80,""height"":80,""top"":385,""right"":290,""bottom"":465,""left"":210},{""x"":400,""y"":165.1923788646684,""width"":80,""height"":80,""top"":125.1923788646684,""right"":440,""bottom"":205.1923788646684,""left"":360},{""x"":700,""y"":165.1923788646684,""width"":80,""height"":80,""top"":125.1923788646684,""right"":740,""bottom"":205.1923788646684,""left"":660},{""x"":850,""y"":425,""width"":80,""height"":80,""top"":385,""right"":890,""bottom"":465,""left"":810},{""x"":700,""y"":684.8076211353316,""width"":80,""height"":80,""top"":644.8076211353316,""right"":740,""bottom"":724.8076211353316,""left"":660},{""x"":400,""y"":684.8076211353316,""width"":80,""height"":80,""top"":644.8076211353316,""right"":440,""bottom"":724.8076211353316,""left"":360}]","{""#container"":{""x"":266.42919921875,""y"":48.58407211303711,""width"":1099.9910888671875,""height"":849.9955444335938,""top"":48.58407211303711,""right"":1366.4202880859375,""bottom"":898.5796165466309,""left"":266.42919921875}}","[{'blue': 0}, {'yellow': 0}, {'purple': 0}, {'green': 2}, {'cyan': 13}, {'red': 0}]",,cyan
437,,,,737.0,9.0,9.0,"[""red"",""green"",""cyan"",""blue"",""yellow"",""purple""]",cyan_1,True,"[{""x"":967,""y"":644,""t"":2},{""x"":925,""y"":600,""t"":42},{""x"":892,""y"":549,""t"":73},{""x"":890,""y"":519,""t"":105},{""x"":884,""y"":486,""t"":137},{""x"":892,""y"":447,""t"":172},{""x"":900,""y"":428,""t"":208},{""x"":906,""y"":419,""t"":242},{""x"":901,""y"":415,""t"":276},{""x"":879,""y"":428,""t"":310},{""x"":803,""y"":447,""t"":348},{""x"":740,""y"":465,""t"":379},{""x"":711,""y"":483,""t"":412},{""x"":670,""y"":505,""t"":445},{""x"":639,""y"":524,""t"":478},{""x"":620,""y"":543,""t"":522},{""x"":613,""y"":543,""t"":549},{""x"":619,""y"":554,""t"":584},{""x"":619,""y"":573,""t"":614},{""x"":621,""y"":589,""t"":663},{""x"":616,""y"":589,""t"":695},{""x"":609,""y"":592,""t"":717},{""x"":638,""y"":587,""t"":758},{""x"":668,""y"":589,""t"":793},{""x"":685,""y"":596,""t"":826},{""x"":698,""y"":602,""t"":855},{""x"":725,""y"":605,""t"":889},{""x"":770,""y"":612,""t"":922},{""x"":826,""y"":612,""t"":964},{""x"":856,""y"":621,""t"":996},{""x"":936,""y"":616,""t"":1031},{""x"":976,""y"":607,""t"":1060},{""x"":1025,""y"":598,""t"":1094},{""x"":1077,""y"":561,""t"":1127},{""x"":1100,""y"":525,""t"":1161},{""x"":1121,""y"":496,""t"":1192},{""x"":1138,""y"":468,""t"":1226},{""x"":1126,""y"":446,""t"":1260},{""x"":1087,""y"":443,""t"":1293},{""x"":1053,""y"":448,""t"":1330},{""x"":1032,""y"":456,""t"":1377},{""x"":993,""y"":464,""t"":1400},{""x"":932,""y"":471,""t"":1433},{""x"":905,""y"":477,""t"":1465},{""x"":888,""y"":473,""t"":1498},{""x"":869,""y"":458,""t"":1536},{""x"":831,""y"":451,""t"":1566},{""x"":803,""y"":437,""t"":1614},{""x"":781,""y"":425,""t"":1635},{""x"":790,""y"":402,""t"":1669},{""x"":786,""y"":394,""t"":1702},{""x"":795,""y"":390,""t"":1736},{""x"":777,""y"":386,""t"":1773},{""x"":797,""y"":375,""t"":1807},{""x"":840,""y"":373,""t"":1839},{""x"":860,""y"":370,""t"":1883},{""x"":879,""y"":374,""t"":1907},{""x"":872,""y"":375,""t"":1945},{""x"":870,""y"":382,""t"":1977}]","[{""x"":250,""y"":425,""width"":80,""height"":80,""top"":385,""right"":290,""bottom"":465,""left"":210},{""x"":400,""y"":165.1923788646684,""width"":80,""height"":80,""top"":125.1923788646684,""right"":440,""bottom"":205.1923788646684,""left"":360},{""x"":700,""y"":165.1923788646684,""width"":80,""height"":80,""top"":125.1923788646684,""right"":740,""bottom"":205.1923788646684,""left"":660},{""x"":850,""y"":425,""width"":80,""height"":80,""top"":385,""right"":890,""bottom"":465,""left"":810},{""x"":700,""y"":684.8076211353316,""width"":80,""height"":80,""top"":644.8076211353316,""right"":740,""bottom"":724.8076211353316,""left"":660},{""x"":400,""y"":684.8076211353316,""width"":80,""height"":80,""top"":644.8076211353316,""right"":440,""bottom"":724.8076211353316,""left"":360}]","{""#container"":{""x"":266.42919921875,""y"":48.58407211303711,""width"":1099.9910888671875,""height"":849.9955444335938,""top"":48.58407211303711,""right"":1366.4202880859375,""bottom"":898.5796165466309,""left"":266.42919921875}}","[{'red': 5}, {'green': 0}, {'cyan': 0}, {'blue': 9}, {'yellow': 5}, {'purple': 5}]",,blue
438,,,,810.0,7.0,3.0,"[""purple"",""green"",""blue"",""cyan"",""yellow"",""red""]",yellow,False,"[{""x"":958,""y"":435,""t"":1},{""x"":974,""y"":443,""t"":41},{""x"":1020,""y"":457,""t"":74},{""x"":1101,""y"":482,""t"":108},{""x"":1118,""y"":497,""t"":138},{""x"":1140,""y"":514,""t"":173},{""x"":1157,""y"":522,""t"":206},{""x"":1130,""y"":524,""t"":242},{""x"":1143,""y"":528,""t"":276},{""x"":1184,""y"":539,""t"":317},{""x"":1197,""y"":549,""t"":348},{""x"":1157,""y"":544,""t"":381},{""x"":1140,""y"":540,""t"":415},{""x"":1110,""y"":521,""t"":449},{""x"":1103,""y"":521,""t"":482},{""x"":1032,""y"":504,""t"":515},{""x"":981,""y"":486,""t"":547},{""x"":970,""y"":490,""t"":582},{""x"":934,""y"":478,""t"":616},{""x"":983,""y"":501,""t"":648},{""x"":907,""y"":488,""t"":698},{""x"":864,""y"":492,""t"":715},{""x"":841,""y"":492,""t"":761},{""x"":823,""y"":492,""t"":792},{""x"":860,""y"":513,""t"":827},{""x"":856,""y"":506,""t"":860},{""x"":842,""y"":508,""t"":897},{""x"":824,""y"":528,""t"":932},{""x"":810,""y"":545,""t"":953},{""x"":834,""y"":605,""t"":999},{""x"":812,""y"":633,""t"":1029},{""x"":820,""y"":654,""t"":1058},{""x"":810,""y"":686,""t"":1095},{""x"":860,""y"":669,""t"":1123},{""x"":906,""y"":629,""t"":1172},{""x"":915,""y"":579,""t"":1200},{""x"":906,""y"":540,""t"":1230},{""x"":908,""y"":509,""t"":1264},{""x"":931,""y"":477,""t"":1295},{""x"":947,""y"":434,""t"":1331},{""x"":946,""y"":407,""t"":1366},{""x"":968,""y"":394,""t"":1397},{""x"":973,""y"":379,""t"":1432},{""x"":981,""y"":382,""t"":1467},{""x"":967,""y"":381,""t"":1498},{""x"":950,""y"":390,""t"":1537},{""x"":938,""y"":399,""t"":1566},{""x"":927,""y"":409,""t"":1599},{""x"":935,""y"":410,""t"":1633},{""x"":904,""y"":418,""t"":1679},{""x"":890,""y"":417,""t"":1711},{""x"":864,""y"":419,""t"":1745},{""x"":846,""y"":421,""t"":1779},{""x"":844,""y"":417,""t"":1809},{""x"":878,""y"":434,""t"":1841},{""x"":883,""y"":431,""t"":1876},{""x"":872,""y"":445,""t"":1911},{""x"":862,""y"":439,""t"":1949}]","[{""x"":250,""y"":425,""width"":80,""height"":80,""top"":385,""right"":290,""bottom"":465,""left"":210},{""x"":400,""y"":165.1923788646684,""width"":80,""height"":80,""top"":125.1923788646684,""right"":440,""bottom"":205.1923788646684,""left"":360},{""x"":700,""y"":165.1923788646684,""width"":80,""height"":80,""top"":125.1923788646684,""right"":740,""bottom"":205.1923788646684,""left"":660},{""x"":850,""y"":425,""width"":80,""height"":80,""top"":385,""right"":890,""bottom"":465,""left"":810},{""x"":700,""y"":684.8076211353316,""width"":80,""height"":80,""top"":644.8076211353316,""right"":740,""bottom"":724.8076211353316,""left"":660},{""x"":400,""y"":684.8076211353316,""width"":80,""height"":80,""top"":644.8076211353316,""right"":440,""bottom"":724.8076211353316,""left"":360}]","{""#container"":{""x"":266.42919921875,""y"":48.58407211303711,""width"":1099.9910888671875,""height"":849.9955444335938,""top"":48.58407211303711,""right"":1366.4202880859375,""bottom"":898.5796165466309,""left"":266.42919921875}}","[{'purple': 0}, {'green': 0}, {'blue': 0}, {'cyan': 18}, {'yellow': 2}, {'red': 0}]",{'yellow': 2},cyan
439,,,,1073.0,3.0,3.0,"[""cyan"",""blue"",""purple"",""red"",""green"",""yellow""]",green_1,True,"[{""x"":897,""y"":460,""t"":1},{""x"":925,""y"":537,""t"":45},{""x"":948,""y"":580,""t"":77},{""x"":946,""y"":605,""t"":107},{""x"":950,""y"":669,""t"":142},{""x"":943,""y"":701,""t"":179},{""x"":897,""y"":736,""t"":209},{""x"":912,""y"":740,""t"":245},{""x"":875,""y"":741,""t"":277},{""x"":895,""y"":708,""t"":309},{""x"":926,""y"":668,""t"":350},{""x"":960,""y"":627,""t"":380},{""x"":979,""y"":616,""t"":416},{""x"":1036,""y"":595,""t"":450},{""x"":1064,""y"":579,""t"":486},{""x"":1098,""y"":546,""t"":517},{""x"":1106,""y"":544,""t"":547},{""x"":1104,""y"":525,""t"":586},{""x"":1072,""y"":531,""t"":622},{""x"":1072,""y"":554,""t"":658},{""x"":1031,""y"":519,""t"":694},{""x"":1010,""y"":493,""t"":728},{""x"":1036,""y"":481,""t"":760},{""x"":1054,""y"":468,""t"":788},{""x"":1048,""y"":441,""t"":827},{""x"":1058,""y"":427,""t"":859},{""x"":1068,""y"":421,""t"":891},{""x"":1068,""y"":423,""t"":925},{""x"":1067,""y"":429,""t"":962},{""x"":1076,""y"":456,""t"":995},{""x"":1073,""y"":450,""t"":1023},{""x"":1105,""y"":464,""t"":1062},{""x"":1140,""y"":490,""t"":1096},{""x"":1179,""y"":500,""t"":1124},{""x"":1201,""y"":519,""t"":1171},{""x"":1178,""y"":551,""t"":1199},{""x"":1162,""y"":579,""t"":1227},{""x"":1194,""y"":571,""t"":1260},{""x"":1198,""y"":651,""t"":1297},{""x"":1243,""y"":712,""t"":1330},{""x"":1289,""y"":763,""t"":1364},{""x"":1306,""y"":806,""t"":1397},{""x"":1297,""y"":838,""t"":1430},{""x"":1276,""y"":862,""t"":1471},{""x"":1222,""y"":866,""t"":1504},{""x"":1197,""y"":852,""t"":1533},{""x"":1190,""y"":811,""t"":1566},{""x"":1202,""y"":765,""t"":1614},{""x"":1144,""y"":711,""t"":1635},{""x"":1139,""y"":665,""t"":1667},{""x"":1135,""y"":650,""t"":1708},{""x"":1107,""y"":629,""t"":1741},{""x"":1140,""y"":672,""t"":1775},{""x"":1184,""y"":703,""t"":1806},{""x"":1242,""y"":728,""t"":1840},{""x"":1290,""y"":769,""t"":1873},{""x"":1277,""y"":803,""t"":1911},{""x"":1271,""y"":806,""t"":1948},{""x"":1265,""y"":766,""t"":1983}]","[{""x"":250,""y"":425,""width"":80,""height"":80,""top"":385,""right"":290,""bottom"":465,""left"":210},{""x"":400,""y"":165.1923788646684,""width"":80,""height"":80,""top"":125.1923788646684,""right"":440,""bottom"":205.1923788646684,""left"":360},{""x"":700,""y"":165.1923788646684,""width"":80,""height"":80,""top"":125.1923788646684,""right"":740,""bottom"":205.1923788646684,""left"":660},{""x"":850,""y"":425,""width"":80,""height"":80,""top"":385,""right"":890,""bottom"":465,""left"":810},{""x"":700,""y"":684.8076211353316,""width"":80,""height"":80,""top"":644.8076211353316,""right"":740,""bottom"":724.8076211353316,""left"":660},{""x"":400,""y"":684.8076211353316,""width"":80,""height"":80,""top"":644.8076211353316,""right"":440,""bottom"":724.8076211353316,""left"":360}]","{""#container"":{""x"":266.42919921875,""y"":48.58407211303711,""width"":1099.9910888671875,""height"":849.9955444335938,""top"":48.58407211303711,""right"":1366.4202880859375,""bottom"":898.5796165466309,""left"":266.42919921875}}","[{'cyan': 0}, {'blue': 0}, {'purple': 0}, {'red': 25}, {'green': 10}, {'yellow': 0}]",{'green_1': 10},red
440,,,,744.0,1.0,1.0,"[""cyan"",""green"",""yellow"",""red"",""purple"",""blue""]",blue,True,"[{""x"":1240,""y"":736,""t"":3},{""x"":1217,""y"":710,""t"":37},{""x"":1181,""y"":684,""t"":71},{""x"":1133,""y"":662,""t"":105},{""x"":1118,""y"":660,""t"":140},{""x"":1102,""y"":651,""t"":173},{""x"":1073,""y"":630,""t"":209},{""x"":1029,""y"":620,""t"":241},{""x"":1032,""y"":580,""t"":274},{""x"":1015,""y"":564,""t"":311},{""x"":1061,""y"":549,""t"":342},{""x"":1055,""y"":538,""t"":389},{""x"":1072,""y"":527,""t"":421},{""x"":1072,""y"":495,""t"":449},{""x"":1085,""y"":475,""t"":480},{""x"":1070,""y"":462,""t"":514},{""x"":1035,""y"":475,""t"":546},{""x"":1042,""y"":481,""t"":580},{""x"":1048,""y"":471,""t"":628},{""x"":1049,""y"":506,""t"":656},{""x"":1102,""y"":520,""t"":689},{""x"":1150,""y"":542,""t"":725},{""x"":1207,""y"":545,""t"":759},{""x"":1241,""y"":551,""t"":787},{""x"":1253,""y"":555,""t"":821},{""x"":1265,""y"":553,""t"":858},{""x"":1208,""y"":599,""t"":893},{""x"":1158,""y"":642,""t"":926},{""x"":1127,""y"":676,""t"":962},{""x"":1107,""y"":710,""t"":994},{""x"":1079,""y"":733,""t"":1026},{""x"":1105,""y"":706,""t"":1057},{""x"":1109,""y"":693,""t"":1090},{""x"":1136,""y"":670,""t"":1124},{""x"":1121,""y"":693,""t"":1166},{""x"":1105,""y"":721,""t"":1203},{""x"":1100,""y"":721,""t"":1242},{""x"":1092,""y"":728,""t"":1261},{""x"":1095,""y"":730,""t"":1306},{""x"":1100,""y"":730,""t"":1337},{""x"":1125,""y"":712,""t"":1369},{""x"":1129,""y"":702,""t"":1401},{""x"":1107,""y"":698,""t"":1432},{""x"":1100,""y"":666,""t"":1466},{""x"":1082,""y"":646,""t"":1498},{""x"":1109,""y"":616,""t"":1537},{""x"":1158,""y"":592,""t"":1567},{""x"":1181,""y"":566,""t"":1607},{""x"":1186,""y"":550,""t"":1640},{""x"":1152,""y"":528,""t"":1673},{""x"":1108,""y"":506,""t"":1705},{""x"":1105,""y"":491,""t"":1740},{""x"":1069,""y"":493,""t"":1781},{""x"":1054,""y"":481,""t"":1816},{""x"":1060,""y"":474,""t"":1849},{""x"":1048,""y"":469,""t"":1882},{""x"":1057,""y"":469,""t"":1913},{""x"":1083,""y"":471,""t"":1944},{""x"":1110,""y"":460,""t"":1977}]","[{""x"":250,""y"":425,""width"":80,""height"":80,""top"":385,""right"":290,""bottom"":465,""left"":210},{""x"":400,""y"":165.1923788646684,""width"":80,""height"":80,""top"":125.1923788646684,""right"":440,""bottom"":205.1923788646684,""left"":360},{""x"":700,""y"":165.1923788646684,""width"":80,""height"":80,""top"":125.1923788646684,""right"":740,""bottom"":205.1923788646684,""left"":660},{""x"":850,""y"":425,""width"":80,""height"":80,""top"":385,""right"":890,""bottom"":465,""left"":810},{""x"":700,""y"":684.8076211353316,""width"":80,""height"":80,""top"":644.8076211353316,""right"":740,""bottom"":724.8076211353316,""left"":660},{""x"":400,""y"":684.8076211353316,""width"":80,""height"":80,""top"":644.8076211353316,""right"":440,""bottom"":724.8076211353316,""left"":360}]","{""#container"":{""x"":266.42919921875,""y"":48.58407211303711,""width"":1099.9910888671875,""height"":849.9955444335938,""top"":48.58407211303711,""right"":1366.4202880859375,""bottom"":898.5796165466309,""left"":266.42919921875}}","[{'cyan': 0}, {'green': 0}, {'yellow': 0}, {'red': 30}, {'purple': 14}, {'blue': 0}]",,red
441,,,,1064.0,4.0,4.0,"[""blue"",""purple"",""red"",""cyan"",""yellow"",""green""]",blue_1,True,"[{""x"":1035,""y"":487,""t"":4},{""x"":979,""y"":507,""t"":41},{""x"":972,""y"":485,""t"":74},{""x"":988,""y"":468,""t"":105},{""x"":986,""y"":469,""t"":138},{""x"":1007,""y"":471,""t"":173},{""x"":966,""y"":451,""t"":208},{""x"":957,""y"":454,""t"":243},{""x"":917,""y"":491,""t"":275},{""x"":918,""y"":508,""t"":309},{""x"":906,""y"":507,""t"":345},{""x"":883,""y"":507,""t"":379},{""x"":865,""y"":518,""t"":455},{""x"":861,""y"":505,""t"":469},{""x"":845,""y"":494,""t"":497},{""x"":840,""y"":533,""t"":527},{""x"":891,""y"":531,""t"":547},{""x"":950,""y"":543,""t"":580},{""x"":974,""y"":517,""t"":622},{""x"":1000,""y"":490,""t"":648},{""x"":1030,""y"":475,""t"":685},{""x"":1001,""y"":467,""t"":716},{""x"":988,""y"":460,""t"":750},{""x"":974,""y"":451,""t"":795},{""x"":962,""y"":442,""t"":825},{""x"":949,""y"":447,""t"":858},{""x"":931,""y"":446,""t"":887},{""x"":930,""y"":437,""t"":921},{""x"":930,""y"":423,""t"":955},{""x"":956,""y"":434,""t"":988},{""x"":981,""y"":437,""t"":1022},{""x"":1005,""y"":437,""t"":1061},{""x"":1029,""y"":451,""t"":1091},{""x"":1069,""y"":461,""t"":1125},{""x"":1078,""y"":492,""t"":1161},{""x"":1082,""y"":501,""t"":1197},{""x"":1112,""y"":500,""t"":1227},{""x"":1100,""y"":520,""t"":1269},{""x"":1103,""y"":546,""t"":1301},{""x"":1089,""y"":551,""t"":1336},{""x"":1072,""y"":580,""t"":1370},{""x"":1032,""y"":593,""t"":1402},{""x"":1027,""y"":615,""t"":1431},{""x"":980,""y"":636,""t"":1465},{""x"":982,""y"":656,""t"":1504},{""x"":985,""y"":660,""t"":1537},{""x"":970,""y"":692,""t"":1572},{""x"":995,""y"":678,""t"":1605},{""x"":1001,""y"":634,""t"":1638},{""x"":985,""y"":599,""t"":1671},{""x"":1003,""y"":569,""t"":1703},{""x"":1024,""y"":545,""t"":1736},{""x"":1016,""y"":531,""t"":1774},{""x"":1001,""y"":515,""t"":1804},{""x"":1008,""y"":498,""t"":1838},{""x"":1030,""y"":477,""t"":1883},{""x"":1036,""y"":462,""t"":1905},{""x"":1047,""y"":460,""t"":1943},{""x"":1030,""y"":457,""t"":1975}]","[{""x"":250,""y"":425,""width"":80,""height"":80,""top"":385,""right"":290,""bottom"":465,""left"":210},{""x"":400,""y"":165.1923788646684,""width"":80,""height"":80,""top"":125.1923788646684,""right"":440,""bottom"":205.1923788646684,""left"":360},{""x"":700,""y"":165.1923788646684,""width"":80,""height"":80,""top"":125.1923788646684,""right"":740,""bottom"":205.1923788646684,""left"":660},{""x"":850,""y"":425,""width"":80,""height"":80,""top"":385,""right"":890,""bottom"":465,""left"":810},{""x"":700,""y"":684.8076211353316,""width"":80,""height"":80,""top"":644.8076211353316,""right"":740,""bottom"":724.8076211353316,""left"":660},{""x"":400,""y"":684.8076211353316,""width"":80,""height"":80,""top"":644.8076211353316,""right"":440,""bottom"":724.8076211353316,""left"":360}]","{""#container"":{""x"":266.42919921875,""y"":48.58407211303711,""width"":1099.9910888671875,""height"":849.9955444335938,""top"":48.58407211303711,""right"":1366.4202880859375,""bottom"":898.5796165466309,""left"":266.42919921875}}","[{'blue': 0}, {'purple': 0}, {'red': 0}, {'cyan': 33}, {'yellow': 8}, {'green': 0}]",,cyan
442,,,,630.0,7.0,7.0,"[""blue"",""green"",""cyan"",""purple"",""yellow"",""red""]",green,True,"[{""x"":1098,""y"":472,""t"":1},{""x"":1102,""y"":491,""t"":41},{""x"":1093,""y"":529,""t"":75},{""x"":1080,""y"":576,""t"":111},{""x"":1069,""y"":606,""t"":145},{""x"":1045,""y"":632,""t"":178},{""x"":1044,""y"":646,""t"":212},{""x"":1050,""y"":661,""t"":243},{""x"":1017,""y"":662,""t"":278},{""x"":999,""y"":662,""t"":312},{""x"":966,""y"":645,""t"":341},{""x"":930,""y"":628,""t"":378},{""x"":913,""y"":632,""t"":411},{""x"":880,""y"":637,""t"":444},{""x"":919,""y"":629,""t"":490},{""x"":924,""y"":611,""t"":512},{""x"":974,""y"":617,""t"":553},{""x"":986,""y"":601,""t"":582},{""x"":962,""y"":604,""t"":616},{""x"":947,""y"":613,""t"":648},{""x"":915,""y"":633,""t"":682},{""x"":883,""y"":658,""t"":724},{""x"":905,""y"":694,""t"":759},{""x"":904,""y"":722,""t"":789},{""x"":894,""y"":748,""t"":821},{""x"":921,""y"":774,""t"":852},{""x"":918,""y"":787,""t"":886},{""x"":914,""y"":799,""t"":929},{""x"":873,""y"":798,""t"":959},{""x"":887,""y"":804,""t"":995},{""x"":937,""y"":748,""t"":1030},{""x"":979,""y"":699,""t"":1058},{""x"":1017,""y"":653,""t"":1091},{""x"":985,""y"":604,""t"":1124},{""x"":989,""y"":577,""t"":1166},{""x"":1028,""y"":556,""t"":1199},{""x"":1040,""y"":551,""t"":1229},{""x"":1031,""y"":566,""t"":1262},{""x"":1008,""y"":547,""t"":1293},{""x"":951,""y"":526,""t"":1341},{""x"":937,""y"":526,""t"":1362},{""x"":923,""y"":540,""t"":1404},{""x"":912,""y"":554,""t"":1436},{""x"":917,""y"":564,""t"":1467},{""x"":983,""y"":581,""t"":1498},{""x"":1058,""y"":595,""t"":1534},{""x"":1092,""y"":606,""t"":1571},{""x"":1163,""y"":592,""t"":1607},{""x"":1193,""y"":582,""t"":1638},{""x"":1158,""y"":611,""t"":1673},{""x"":1169,""y"":610,""t"":1707},{""x"":1142,""y"":608,""t"":1741},{""x"":1085,""y"":627,""t"":1771},{""x"":1003,""y"":656,""t"":1818},{""x"":974,""y"":674,""t"":1847},{""x"":947,""y"":684,""t"":1881},{""x"":940,""y"":681,""t"":1915},{""x"":922,""y"":705,""t"":1947},{""x"":882,""y"":702,""t"":1976}]","[{""x"":250,""y"":425,""width"":80,""height"":80,""top"":385,""right"":290,""bottom"":465,""left"":210},{""x"":400,""y"":165.1923788646684,""width"":80,""height"":80,""top"":125.1923788646684,""right"":440,""bottom"":205.1923788646684,""left"":360},{""x"":700,""y"":165.1923788646684,""width"":80,""height"":80,""top"":125.1923788646684,""right"":740,""bottom"":205.1923788646684,""left"":660},{""x"":850,""y"":425,""width"":80,""height"":80,""top"":385,""right"":890,""bottom"":465,""left"":810},{""x"":700,""y"":684.8076211353316,""width"":80,""height"":80,""top"":644.8076211353316,""right"":740,""bottom"":724.8076211353316,""left"":660},{""x"":400,""y"":684.8076211353316,""width"":80,""height"":80,""top"":644.8076211353316,""right"":440,""bottom"":724.8076211353316,""left"":360}]","{""#container"":{""x"":266.42919921875,""y"":48.58407211303711,""width"":1099.9910888671875,""height"":849.9955444335938,""top"":48.58407211303711,""right"":1366.4202880859375,""bottom"":898.5796165466309,""left"":266.42919921875}}","[{'blue': 0}, {'green': 0}, {'cyan': 0}, {'purple': 16}, {'yellow': 35}, {'red': 0}]",,yellow
443,,,,836.0,7.0,7.0,"[""cyan"",""purple"",""blue"",""green"",""yellow"",""red""]",purple_1,True,"[{""x"":897,""y"":710,""t"":2},{""x"":913,""y"":718,""t"":48},{""x"":918,""y"":711,""t"":82},{""x"":861,""y"":715,""t"":112},{""x"":860,""y"":705,""t"":146},{""x"":902,""y"":696,""t"":184},{""x"":962,""y"":641,""t"":216},{""x"":985,""y"":622,""t"":248},{""x"":963,""y"":591,""t"":277},{""x"":936,""y"":593,""t"":313},{""x"":936,""y"":613,""t"":343},{""x"":906,""y"":595,""t"":378},{""x"":941,""y"":572,""t"":412},{""x"":931,""y"":591,""t"":446},{""x"":882,""y"":598,""t"":479},{""x"":902,""y"":642,""t"":512},{""x"":909,""y"":627,""t"":548},{""x"":896,""y"":602,""t"":586},{""x"":928,""y"":576,""t"":645},{""x"":956,""y"":553,""t"":661},{""x"":966,""y"":512,""t"":695},{""x"":987,""y"":472,""t"":725},{""x"":987,""y"":448,""t"":758},{""x"":1003,""y"":436,""t"":792},{""x"":997,""y"":446,""t"":825},{""x"":991,""y"":479,""t"":859},{""x"":984,""y"":465,""t"":893},{""x"":964,""y"":457,""t"":927},{""x"":1003,""y"":455,""t"":963},{""x"":1016,""y"":457,""t"":997},{""x"":948,""y"":479,""t"":1031},{""x"":938,""y"":499,""t"":1066},{""x"":887,""y"":532,""t"":1095},{""x"":905,""y"":549,""t"":1133},{""x"":946,""y"":583,""t"":1169},{""x"":1007,""y"":610,""t"":1194},{""x"":1036,""y"":634,""t"":1227},{""x"":1066,""y"":643,""t"":1260},{""x"":1067,""y"":651,""t"":1294},{""x"":1048,""y"":632,""t"":1337},{""x"":1025,""y"":633,""t"":1372},{""x"":995,""y"":670,""t"":1400},{""x"":965,""y"":696,""t"":1433},{""x"":928,""y"":737,""t"":1467},{""x"":953,""y"":740,""t"":1497},{""x"":976,""y"":749,""t"":1531},{""x"":1011,""y"":766,""t"":1566},{""x"":1012,""y"":769,""t"":1605},{""x"":986,""y"":797,""t"":1639},{""x"":1023,""y"":805,""t"":1673},{""x"":1056,""y"":774,""t"":1704},{""x"":1085,""y"":749,""t"":1736},{""x"":1143,""y"":691,""t"":1781},{""x"":1197,""y"":650,""t"":1810},{""x"":1225,""y"":637,""t"":1842},{""x"":1255,""y"":604,""t"":1875},{""x"":1238,""y"":605,""t"":1909},{""x"":1237,""y"":582,""t"":1942},{""x"":1236,""y"":583,""t"":1978}]","[{""x"":250,""y"":425,""width"":80,""height"":80,""top"":385,""right"":290,""bottom"":465,""left"":210},{""x"":400,""y"":165.1923788646684,""width"":80,""height"":80,""top"":125.1923788646684,""right"":440,""bottom"":205.1923788646684,""left"":360},{""x"":700,""y"":165.1923788646684,""width"":80,""height"":80,""top"":125.1923788646684,""right"":740,""bottom"":205.1923788646684,""left"":660},{""x"":850,""y"":425,""width"":80,""height"":80,""top"":385,""right"":890,""bottom"":465,""left"":810},{""x"":700,""y"":684.8076211353316,""width"":80,""height"":80,""top"":644.8076211353316,""right"":740,""bottom"":724.8076211353316,""left"":660},{""x"":400,""y"":684.8076211353316,""width"":80,""height"":80,""top"":644.8076211353316,""right"":440,""bottom"":724.8076211353316,""left"":360}]","{""#container"":{""x"":266.42919921875,""y"":48.58407211303711,""width"":1099.9910888671875,""height"":849.9955444335938,""top"":48.58407211303711,""right"":1366.4202880859375,""bottom"":898.5796165466309,""left"":266.42919921875}}","[{'cyan': 0}, {'purple': 0}, {'blue': 0}, {'green': 8}, {'yellow': 32}, {'red': 0}]",,yellow
444,,,,702.0,9.0,9.0,"[""yellow"",""red"",""purple"",""blue"",""cyan"",""green""]",purple_1,True,"[{""x"":1181,""y"":568,""t"":1},{""x"":1121,""y"":571,""t"":41},{""x"":1050,""y"":594,""t"":76},{""x"":1002,""y"":598,""t"":111},{""x"":967,""y"":577,""t"":141},{""x"":960,""y"":564,""t"":172},{""x"":921,""y"":574,""t"":206},{""x"":917,""y"":566,""t"":240},{""x"":965,""y"":563,""t"":275},{""x"":976,""y"":553,""t"":308},{""x"":1027,""y"":555,""t"":342},{""x"":1037,""y"":568,""t"":391},{""x"":1037,""y"":581,""t"":413},{""x"":1036,""y"":573,""t"":445},{""x"":1038,""y"":540,""t"":479},{""x"":1049,""y"":521,""t"":514},{""x"":1086,""y"":488,""t"":547},{""x"":1103,""y"":466,""t"":582},{""x"":1062,""y"":452,""t"":615},{""x"":1002,""y"":438,""t"":659},{""x"":954,""y"":428,""t"":681},{""x"":905,""y"":430,""t"":721},{""x"":848,""y"":421,""t"":752},{""x"":784,""y"":409,""t"":788},{""x"":735,""y"":406,""t"":820},{""x"":741,""y"":407,""t"":858},{""x"":747,""y"":403,""t"":891},{""x"":781,""y"":411,""t"":928},{""x"":845,""y"":413,""t"":962},{""x"":893,""y"":417,""t"":996},{""x"":916,""y"":425,""t"":1032},{""x"":968,""y"":431,""t"":1063},{""x"":987,""y"":432,""t"":1094},{""x"":986,""y"":440,""t"":1127},{""x"":1003,""y"":449,""t"":1159},{""x"":1035,""y"":484,""t"":1193},{""x"":997,""y"":543,""t"":1227},{""x"":1038,""y"":550,""t"":1273},{""x"":1073,""y"":553,""t"":1294},{""x"":1085,""y"":570,""t"":1337},{""x"":1095,""y"":590,""t"":1369},{""x"":1105,""y"":603,""t"":1397},{""x"":1092,""y"":602,""t"":1433},{""x"":1048,""y"":601,""t"":1466},{""x"":1067,""y"":614,""t"":1498},{""x"":1054,""y"":603,""t"":1544},{""x"":1043,""y"":610,""t"":1577},{""x"":1033,""y"":657,""t"":1611},{""x"":1095,""y"":651,""t"":1634},{""x"":1021,""y"":669,""t"":1668},{""x"":1031,""y"":682,""t"":1702},{""x"":1014,""y"":709,""t"":1750},{""x"":1027,""y"":691,""t"":1771},{""x"":1031,""y"":686,""t"":1804},{""x"":976,""y"":691,""t"":1838},{""x"":998,""y"":705,""t"":1872},{""x"":984,""y"":711,""t"":1908},{""x"":1003,""y"":716,""t"":1944},{""x"":1032,""y"":696,""t"":1978}]","[{""x"":250,""y"":425,""width"":80,""height"":80,""top"":385,""right"":290,""bottom"":465,""left"":210},{""x"":400,""y"":165.1923788646684,""width"":80,""height"":80,""top"":125.1923788646684,""right"":440,""bottom"":205.1923788646684,""left"":360},{""x"":700,""y"":165.1923788646684,""width"":80,""height"":80,""top"":125.1923788646684,""right"":740,""bottom"":205.1923788646684,""left"":660},{""x"":850,""y"":425,""width"":80,""height"":80,""top"":385,""right"":890,""bottom"":465,""left"":810},{""x"":700,""y"":684.8076211353316,""width"":80,""height"":80,""top"":644.8076211353316,""right"":740,""bottom"":724.8076211353316,""left"":660},{""x"":400,""y"":684.8076211353316,""width"":80,""height"":80,""top"":644.8076211353316,""right"":440,""bottom"":724.8076211353316,""left"":360}]","{""#container"":{""x"":266.42919921875,""y"":48.58407211303711,""width"":1099.9910888671875,""height"":849.9955444335938,""top"":48.58407211303711,""right"":1366.4202880859375,""bottom"":898.5796165466309,""left"":266.42919921875}}","[{'yellow': 0}, {'red': 0}, {'purple': 0}, {'blue': 27}, {'cyan': 13}, {'green': 0}]",,blue
445,,,,650.0,7.0,7.0,"[""blue"",""purple"",""red"",""yellow"",""green"",""cyan""]",purple,True,"[{""x"":1014,""y"":704,""t"":2},{""x"":1031,""y"":699,""t"":39},{""x"":1017,""y"":707,""t"":75},{""x"":1041,""y"":698,""t"":113},{""x"":1054,""y"":682,""t"":147},{""x"":1033,""y"":685,""t"":181},{""x"":1024,""y"":667,""t"":211},{""x"":1033,""y"":641,""t"":243},{""x"":1093,""y"":628,""t"":274},{""x"":1078,""y"":637,""t"":308},{""x"":1049,""y"":659,""t"":347},{""x"":1102,""y"":640,""t"":381},{""x"":1134,""y"":608,""t"":411},{""x"":1170,""y"":582,""t"":443},{""x"":1152,""y"":557,""t"":479},{""x"":1149,""y"":543,""t"":521},{""x"":1151,""y"":535,""t"":553},{""x"":1119,""y"":509,""t"":583},{""x"":1077,""y"":486,""t"":616},{""x"":1048,""y"":461,""t"":651},{""x"":1023,""y"":448,""t"":685},{""x"":1004,""y"":431,""t"":721},{""x"":1012,""y"":423,""t"":751},{""x"":1004,""y"":419,""t"":785},{""x"":1005,""y"":416,""t"":821},{""x"":995,""y"":412,""t"":854},{""x"":1004,""y"":414,""t"":919},{""x"":1039,""y"":437,""t"":937},{""x"":974,""y"":482,""t"":971},{""x"":919,""y"":519,""t"":994},{""x"":938,""y"":570,""t"":1026},{""x"":947,""y"":624,""t"":1057},{""x"":985,""y"":644,""t"":1104},{""x"":978,""y"":673,""t"":1124},{""x"":981,""y"":700,""t"":1169},{""x"":998,""y"":692,""t"":1201},{""x"":1045,""y"":685,""t"":1235},{""x"":1072,""y"":660,""t"":1269},{""x"":1100,""y"":656,""t"":1304},{""x"":1096,""y"":659,""t"":1337},{""x"":1088,""y"":665,""t"":1367},{""x"":1108,""y"":637,""t"":1397},{""x"":1105,""y"":648,""t"":1431},{""x"":1111,""y"":643,""t"":1467},{""x"":1114,""y"":641,""t"":1502},{""x"":1091,""y"":644,""t"":1535},{""x"":1085,""y"":673,""t"":1566},{""x"":1095,""y"":662,""t"":1599},{""x"":1097,""y"":688,""t"":1641},{""x"":1115,""y"":688,""t"":1674},{""x"":1111,""y"":696,""t"":1708},{""x"":1111,""y"":692,""t"":1742},{""x"":1112,""y"":675,""t"":1774},{""x"":1114,""y"":683,""t"":1808},{""x"":1177,""y"":686,""t"":1843},{""x"":1166,""y"":648,""t"":1875},{""x"":1167,""y"":615,""t"":1911},{""x"":1141,""y"":577,""t"":1940}]","[{""x"":250,""y"":425,""width"":80,""height"":80,""top"":385,""right"":290,""bottom"":465,""left"":210},{""x"":400,""y"":165.1923788646684,""width"":80,""height"":80,""top"":125.1923788646684,""right"":440,""bottom"":205.1923788646684,""left"":360},{""x"":700,""y"":165.1923788646684,""width"":80,""height"":80,""top"":125.1923788646684,""right"":740,""bottom"":205.1923788646684,""left"":660},{""x"":850,""y"":425,""width"":80,""height"":80,""top"":385,""right"":890,""bottom"":465,""left"":810},{""x"":700,""y"":684.8076211353316,""width"":80,""height"":80,""top"":644.8076211353316,""right"":740,""bottom"":724.8076211353316,""left"":660},{""x"":400,""y"":684.8076211353316,""width"":80,""height"":80,""top"":644.8076211353316,""right"":440,""bottom"":724.8076211353316,""left"":360}]","{""#container"":{""x"":266.42919921875,""y"":48.58407211303711,""width"":1099.9910888671875,""height"":849.9955444335938,""top"":48.58407211303711,""right"":1366.4202880859375,""bottom"":898.5796165466309,""left"":266.42919921875}}","[{'blue': 0}, {'purple': 0}, {'red': 0}, {'yellow': 18}, {'green': 23}, {'cyan': 0}]",,green
446,,,,771.0,4.0,4.0,"[""cyan"",""blue"",""yellow"",""green"",""purple"",""red""]",cyan,True,"[{""x"":1112,""y"":563,""t"":12},{""x"":1076,""y"":573,""t"":49},{""x"":1094,""y"":577,""t"":82},{""x"":1105,""y"":587,""t"":112},{""x"":1097,""y"":589,""t"":144},{""x"":1106,""y"":589,""t"":178},{""x"":1108,""y"":603,""t"":208},{""x"":1131,""y"":598,""t"":241},{""x"":1123,""y"":580,""t"":274},{""x"":1138,""y"":589,""t"":308},{""x"":1150,""y"":613,""t"":343},{""x"":1172,""y"":628,""t"":391},{""x"":1162,""y"":664,""t"":411},{""x"":1152,""y"":678,""t"":445},{""x"":1169,""y"":678,""t"":479},{""x"":1164,""y"":699,""t"":516},{""x"":1156,""y"":687,""t"":547},{""x"":1157,""y"":692,""t"":580},{""x"":1174,""y"":701,""t"":615},{""x"":1153,""y"":710,""t"":658},{""x"":1126,""y"":711,""t"":688},{""x"":1099,""y"":694,""t"":722},{""x"":1098,""y"":707,""t"":752},{""x"":1142,""y"":686,""t"":788},{""x"":1120,""y"":705,""t"":822},{""x"":1065,""y"":749,""t"":853},{""x"":1048,""y"":772,""t"":895},{""x"":1014,""y"":795,""t"":931},{""x"":1007,""y"":801,""t"":961},{""x"":997,""y"":810,""t"":990},{""x"":1006,""y"":805,""t"":1025},{""x"":987,""y"":811,""t"":1056},{""x"":990,""y"":803,""t"":1102},{""x"":967,""y"":799,""t"":1136},{""x"":965,""y"":780,""t"":1169},{""x"":966,""y"":763,""t"":1197},{""x"":960,""y"":748,""t"":1230},{""x"":952,""y"":716,""t"":1264},{""x"":965,""y"":697,""t"":1297},{""x"":988,""y"":706,""t"":1328},{""x"":1016,""y"":687,""t"":1362},{""x"":1061,""y"":670,""t"":1404},{""x"":1113,""y"":656,""t"":1439},{""x"":1152,""y"":627,""t"":1473},{""x"":1169,""y"":651,""t"":1506},{""x"":1206,""y"":622,""t"":1536},{""x"":1243,""y"":615,""t"":1571},{""x"":1272,""y"":611,""t"":1603},{""x"":1218,""y"":634,""t"":1637},{""x"":1219,""y"":624,""t"":1669},{""x"":1209,""y"":627,""t"":1703},{""x"":1222,""y"":608,""t"":1751},{""x"":1224,""y"":617,""t"":1773},{""x"":1225,""y"":625,""t"":1803},{""x"":1194,""y"":639,""t"":1844},{""x"":1160,""y"":642,""t"":1877},{""x"":1116,""y"":661,""t"":1906},{""x"":1113,""y"":661,""t"":1955}]","[{""x"":250,""y"":425,""width"":80,""height"":80,""top"":385,""right"":290,""bottom"":465,""left"":210},{""x"":400,""y"":165.1923788646684,""width"":80,""height"":80,""top"":125.1923788646684,""right"":440,""bottom"":205.1923788646684,""left"":360},{""x"":700,""y"":165.1923788646684,""width"":80,""height"":80,""top"":125.1923788646684,""right"":740,""bottom"":205.1923788646684,""left"":660},{""x"":850,""y"":425,""width"":80,""height"":80,""top"":385,""right"":890,""bottom"":465,""left"":810},{""x"":700,""y"":684.8076211353316,""width"":80,""height"":80,""top"":644.8076211353316,""right"":740,""bottom"":724.8076211353316,""left"":660},{""x"":400,""y"":684.8076211353316,""width"":80,""height"":80,""top"":644.8076211353316,""right"":440,""bottom"":724.8076211353316,""left"":360}]","{""#container"":{""x"":266.42919921875,""y"":48.58407211303711,""width"":1099.9910888671875,""height"":849.9955444335938,""top"":48.58407211303711,""right"":1366.4202880859375,""bottom"":898.5796165466309,""left"":266.42919921875}}","[{'cyan': 0}, {'blue': 0}, {'yellow': 0}, {'green': 11}, {'purple': 19}, {'red': 0}]",,purple
447,,,,1089.0,3.0,3.0,"[""yellow"",""red"",""green"",""purple"",""blue"",""cyan""]",blue_1,True,"[{""x"":1126,""y"":665,""t"":2},{""x"":1125,""y"":672,""t"":39},{""x"":1085,""y"":685,""t"":73},{""x"":1040,""y"":700,""t"":105},{""x"":1052,""y"":688,""t"":142},{""x"":1058,""y"":682,""t"":176},{""x"":1044,""y"":700,""t"":209},{""x"":1063,""y"":705,""t"":240},{""x"":1066,""y"":704,""t"":274},{""x"":1083,""y"":705,""t"":309},{""x"":1080,""y"":699,""t"":343},{""x"":1068,""y"":685,""t"":376},{""x"":1050,""y"":712,""t"":422},{""x"":1050,""y"":718,""t"":450},{""x"":1050,""y"":720,""t"":480},{""x"":1060,""y"":706,""t"":514},{""x"":1091,""y"":703,""t"":550},{""x"":1118,""y"":695,""t"":585},{""x"":1122,""y"":698,""t"":618},{""x"":1124,""y"":685,""t"":650},{""x"":1126,""y"":672,""t"":686},{""x"":1127,""y"":661,""t"":716},{""x"":1123,""y"":654,""t"":753},{""x"":1141,""y"":621,""t"":786},{""x"":1123,""y"":601,""t"":820},{""x"":1063,""y"":575,""t"":852},{""x"":1063,""y"":573,""t"":896},{""x"":1004,""y"":558,""t"":921},{""x"":1007,""y"":568,""t"":957},{""x"":992,""y"":575,""t"":989},{""x"":994,""y"":584,""t"":1023},{""x"":993,""y"":642,""t"":1071},{""x"":1029,""y"":652,""t"":1092},{""x"":1017,""y"":692,""t"":1124},{""x"":1038,""y"":702,""t"":1165},{""x"":1040,""y"":713,""t"":1198},{""x"":1069,""y"":727,""t"":1232},{""x"":1082,""y"":722,""t"":1264},{""x"":1098,""y"":731,""t"":1298},{""x"":1130,""y"":720,""t"":1333},{""x"":1120,""y"":723,""t"":1387},{""x"":1110,""y"":726,""t"":1404},{""x"":1100,""y"":728,""t"":1436},{""x"":1118,""y"":721,""t"":1471},{""x"":1128,""y"":729,""t"":1500},{""x"":1122,""y"":738,""t"":1535},{""x"":1110,""y"":717,""t"":1567},{""x"":1115,""y"":721,""t"":1608},{""x"":1096,""y"":721,""t"":1638},{""x"":1130,""y"":695,""t"":1668},{""x"":1129,""y"":680,""t"":1703},{""x"":1116,""y"":664,""t"":1736},{""x"":1125,""y"":646,""t"":1772},{""x"":1123,""y"":641,""t"":1804},{""x"":1099,""y"":640,""t"":1847},{""x"":1040,""y"":633,""t"":1880},{""x"":1055,""y"":619,""t"":1910},{""x"":1074,""y"":614,""t"":1944}]","[{""x"":250,""y"":425,""width"":80,""height"":80,""top"":385,""right"":290,""bottom"":465,""left"":210},{""x"":400,""y"":165.1923788646684,""width"":80,""height"":80,""top"":125.1923788646684,""right"":440,""bottom"":205.1923788646684,""left"":360},{""x"":700,""y"":165.1923788646684,""width"":80,""height"":80,""top"":125.1923788646684,""right"":740,""bottom"":205.1923788646684,""left"":660},{""x"":850,""y"":425,""width"":80,""height"":80,""top"":385,""right"":890,""bottom"":465,""left"":810},{""x"":700,""y"":684.8076211353316,""width"":80,""height"":80,""top"":644.8076211353316,""right"":740,""bottom"":724.8076211353316,""left"":660},{""x"":400,""y"":684.8076211353316,""width"":80,""height"":80,""top"":644.8076211353316,""right"":440,""bottom"":724.8076211353316,""left"":360}]","{""#container"":{""x"":266.42919921875,""y"":48.58407211303711,""width"":1099.9910888671875,""height"":849.9955444335938,""top"":48.58407211303711,""right"":1366.4202880859375,""bottom"":898.5796165466309,""left"":266.42919921875}}","[{'yellow': 0}, {'red': 0}, {'green': 0}, {'purple': 7}, {'blue': 30}, {'cyan': 0}]",{'blue_1': 30},blue_1
448,,,,696.0,6.0,6.0,"[""green"",""blue"",""yellow"",""purple"",""cyan"",""red""]",purple,True,"[{""x"":1041,""y"":580,""t"":2},{""x"":1017,""y"":552,""t"":43},{""x"":990,""y"":551,""t"":74},{""x"":1013,""y"":528,""t"":106},{""x"":1059,""y"":515,""t"":139},{""x"":1078,""y"":537,""t"":172},{""x"":1082,""y"":526,""t"":206},{""x"":1035,""y"":525,""t"":243},{""x"":1046,""y"":552,""t"":274},{""x"":1071,""y"":578,""t"":313},{""x"":1053,""y"":585,""t"":350},{""x"":1039,""y"":621,""t"":382},{""x"":985,""y"":612,""t"":418},{""x"":966,""y"":589,""t"":449},{""x"":973,""y"":558,""t"":481},{""x"":914,""y"":551,""t"":515},{""x"":896,""y"":523,""t"":546},{""x"":894,""y"":515,""t"":583},{""x"":877,""y"":557,""t"":620},{""x"":833,""y"":568,""t"":650},{""x"":839,""y"":608,""t"":682},{""x"":876,""y"":616,""t"":727},{""x"":898,""y"":629,""t"":762},{""x"":893,""y"":638,""t"":795},{""x"":859,""y"":659,""t"":824},{""x"":885,""y"":663,""t"":858},{""x"":929,""y"":666,""t"":892},{""x"":976,""y"":683,""t"":921},{""x"":986,""y"":720,""t"":966},{""x"":979,""y"":760,""t"":995},{""x"":1042,""y"":754,""t"":1029},{""x"":1061,""y"":779,""t"":1056},{""x"":1111,""y"":781,""t"":1091},{""x"":1102,""y"":791,""t"":1125},{""x"":1078,""y"":804,""t"":1158},{""x"":1045,""y"":817,""t"":1204},{""x"":994,""y"":815,""t"":1226},{""x"":1008,""y"":820,""t"":1268},{""x"":1000,""y"":801,""t"":1301},{""x"":993,""y"":785,""t"":1335},{""x"":989,""y"":793,""t"":1367},{""x"":977,""y"":772,""t"":1398},{""x"":975,""y"":731,""t"":1432},{""x"":1019,""y"":674,""t"":1463},{""x"":1013,""y"":626,""t"":1504},{""x"":1038,""y"":586,""t"":1538},{""x"":1017,""y"":564,""t"":1571},{""x"":1017,""y"":547,""t"":1606},{""x"":987,""y"":507,""t"":1641},{""x"":1002,""y"":512,""t"":1673},{""x"":1034,""y"":509,""t"":1709},{""x"":1045,""y"":507,""t"":1741},{""x"":1064,""y"":496,""t"":1778},{""x"":1029,""y"":504,""t"":1811},{""x"":1005,""y"":498,""t"":1844},{""x"":986,""y"":494,""t"":1873},{""x"":957,""y"":487,""t"":1908},{""x"":960,""y"":513,""t"":1942},{""x"":961,""y"":509,""t"":1975}]","[{""x"":250,""y"":425,""width"":80,""height"":80,""top"":385,""right"":290,""bottom"":465,""left"":210},{""x"":400,""y"":165.1923788646684,""width"":80,""height"":80,""top"":125.1923788646684,""right"":440,""bottom"":205.1923788646684,""left"":360},{""x"":700,""y"":165.1923788646684,""width"":80,""height"":80,""top"":125.1923788646684,""right"":740,""bottom"":205.1923788646684,""left"":660},{""x"":850,""y"":425,""width"":80,""height"":80,""top"":385,""right"":890,""bottom"":465,""left"":810},{""x"":700,""y"":684.8076211353316,""width"":80,""height"":80,""top"":644.8076211353316,""right"":740,""bottom"":724.8076211353316,""left"":660},{""x"":400,""y"":684.8076211353316,""width"":80,""height"":80,""top"":644.8076211353316,""right"":440,""bottom"":724.8076211353316,""left"":360}]","{""#container"":{""x"":266.42919921875,""y"":48.58407211303711,""width"":1099.9910888671875,""height"":849.9955444335938,""top"":48.58407211303711,""right"":1366.4202880859375,""bottom"":898.5796165466309,""left"":266.42919921875}}","[{'green': 0}, {'blue': 0}, {'yellow': 0}, {'purple': 22}, {'cyan': 26}, {'red': 0}]",{'purple': 22},cyan
449,,,,1033.0,1.0,1.0,"[""blue"",""red"",""green"",""yellow"",""cyan"",""purple""]",purple,True,"[{""x"":939,""y"":538,""t"":2},{""x"":923,""y"":536,""t"":39},{""x"":903,""y"":536,""t"":73},{""x"":910,""y"":505,""t"":106},{""x"":913,""y"":505,""t"":137},{""x"":918,""y"":500,""t"":172},{""x"":922,""y"":491,""t"":208},{""x"":906,""y"":490,""t"":241},{""x"":901,""y"":462,""t"":275},{""x"":901,""y"":462,""t"":309},{""x"":894,""y"":486,""t"":344},{""x"":918,""y"":505,""t"":379},{""x"":895,""y"":521,""t"":412},{""x"":851,""y"":521,""t"":452},{""x"":765,""y"":562,""t"":480},{""x"":747,""y"":584,""t"":518},{""x"":729,""y"":566,""t"":551},{""x"":718,""y"":575,""t"":585},{""x"":704,""y"":587,""t"":613},{""x"":677,""y"":573,""t"":659},{""x"":679,""y"":545,""t"":693},{""x"":667,""y"":522,""t"":725},{""x"":651,""y"":501,""t"":756},{""x"":657,""y"":475,""t"":790},{""x"":656,""y"":465,""t"":825},{""x"":654,""y"":457,""t"":855},{""x"":654,""y"":456,""t"":888},{""x"":657,""y"":466,""t"":922},{""x"":720,""y"":460,""t"":954},{""x"":756,""y"":454,""t"":991},{""x"":793,""y"":451,""t"":1024},{""x"":819,""y"":469,""t"":1056},{""x"":850,""y"":475,""t"":1091},{""x"":855,""y"":478,""t"":1126},{""x"":865,""y"":480,""t"":1157},{""x"":895,""y"":464,""t"":1198},{""x"":939,""y"":446,""t"":1227},{""x"":981,""y"":433,""t"":1262},{""x"":986,""y"":408,""t"":1295},{""x"":1008,""y"":395,""t"":1328},{""x"":1008,""y"":398,""t"":1362},{""x"":997,""y"":390,""t"":1400},{""x"":989,""y"":381,""t"":1461},{""x"":985,""y"":377,""t"":1478},{""x"":983,""y"":378,""t"":1511},{""x"":984,""y"":392,""t"":1532},{""x"":949,""y"":400,""t"":1579},{""x"":925,""y"":429,""t"":1601},{""x"":876,""y"":433,""t"":1643},{""x"":840,""y"":453,""t"":1679},{""x"":841,""y"":456,""t"":1702},{""x"":808,""y"":477,""t"":1739},{""x"":783,""y"":488,""t"":1770},{""x"":788,""y"":478,""t"":1804},{""x"":788,""y"":489,""t"":1850},{""x"":793,""y"":483,""t"":1880},{""x"":804,""y"":455,""t"":1913},{""x"":791,""y"":457,""t"":1945}]","[{""x"":250,""y"":425,""width"":80,""height"":80,""top"":385,""right"":290,""bottom"":465,""left"":210},{""x"":400,""y"":165.1923788646684,""width"":80,""height"":80,""top"":125.1923788646684,""right"":440,""bottom"":205.1923788646684,""left"":360},{""x"":700,""y"":165.1923788646684,""width"":80,""height"":80,""top"":125.1923788646684,""right"":740,""bottom"":205.1923788646684,""left"":660},{""x"":850,""y"":425,""width"":80,""height"":80,""top"":385,""right"":890,""bottom"":465,""left"":810},{""x"":700,""y"":684.8076211353316,""width"":80,""height"":80,""top"":644.8076211353316,""right"":740,""bottom"":724.8076211353316,""left"":660},{""x"":400,""y"":684.8076211353316,""width"":80,""height"":80,""top"":644.8076211353316,""right"":440,""bottom"":724.8076211353316,""left"":360}]","{""#container"":{""x"":266.42919921875,""y"":48.58407211303711,""width"":1099.9910888671875,""height"":849.9955444335938,""top"":48.58407211303711,""right"":1366.4202880859375,""bottom"":898.5796165466309,""left"":266.42919921875}}","[{'blue': 6}, {'red': 0}, {'green': 0}, {'yellow': 5}, {'cyan': 0}, {'purple': 0}]",,blue
450,,,,553.0,1.0,1.0,"[""yellow"",""cyan"",""blue"",""purple"",""red"",""green""]",green,True,"[{""x"":936,""y"":504,""t"":1},{""x"":930,""y"":529,""t"":39},{""x"":905,""y"":567,""t"":71},{""x"":900,""y"":583,""t"":105},{""x"":862,""y"":601,""t"":139},{""x"":893,""y"":589,""t"":173},{""x"":912,""y"":585,""t"":207},{""x"":916,""y"":569,""t"":240},{""x"":927,""y"":574,""t"":275},{""x"":982,""y"":558,""t"":311},{""x"":1007,""y"":590,""t"":353},{""x"":1007,""y"":613,""t"":379},{""x"":1004,""y"":643,""t"":416},{""x"":1042,""y"":641,""t"":448},{""x"":1122,""y"":641,""t"":483},{""x"":1098,""y"":637,""t"":516},{""x"":1134,""y"":637,""t"":548},{""x"":1116,""y"":605,""t"":584},{""x"":1096,""y"":570,""t"":616},{""x"":1016,""y"":540,""t"":648},{""x"":986,""y"":516,""t"":682},{""x"":980,""y"":490,""t"":717},{""x"":958,""y"":480,""t"":754},{""x"":916,""y"":459,""t"":790},{""x"":935,""y"":450,""t"":819},{""x"":998,""y"":462,""t"":852},{""x"":1014,""y"":538,""t"":894},{""x"":985,""y"":580,""t"":928},{""x"":997,""y"":611,""t"":961},{""x"":980,""y"":635,""t"":991},{""x"":994,""y"":634,""t"":1024},{""x"":978,""y"":649,""t"":1056},{""x"":992,""y"":694,""t"":1091},{""x"":995,""y"":723,""t"":1125},{""x"":1020,""y"":711,""t"":1162},{""x"":1021,""y"":693,""t"":1198},{""x"":1037,""y"":668,""t"":1231},{""x"":1049,""y"":661,""t"":1261},{""x"":1044,""y"":658,""t"":1295},{""x"":1039,""y"":654,""t"":1329},{""x"":1038,""y"":633,""t"":1362},{""x"":1009,""y"":610,""t"":1398},{""x"":983,""y"":591,""t"":1429},{""x"":943,""y"":588,""t"":1478},{""x"":957,""y"":590,""t"":1500},{""x"":953,""y"":626,""t"":1534},{""x"":946,""y"":648,""t"":1566},{""x"":924,""y"":661,""t"":1601},{""x"":971,""y"":634,""t"":1638},{""x"":963,""y"":653,""t"":1671},{""x"":946,""y"":682,""t"":1704},{""x"":1013,""y"":671,""t"":1737},{""x"":1011,""y"":640,""t"":1771},{""x"":1009,""y"":625,""t"":1812},{""x"":1008,""y"":620,""t"":1846},{""x"":1065,""y"":626,""t"":1880},{""x"":1062,""y"":630,""t"":1908},{""x"":1073,""y"":646,""t"":1942},{""x"":1070,""y"":643,""t"":1976}]","[{""x"":250,""y"":425,""width"":80,""height"":80,""top"":385,""right"":290,""bottom"":465,""left"":210},{""x"":400,""y"":165.1923788646684,""width"":80,""height"":80,""top"":125.1923788646684,""right"":440,""bottom"":205.1923788646684,""left"":360},{""x"":700,""y"":165.1923788646684,""width"":80,""height"":80,""top"":125.1923788646684,""right"":740,""bottom"":205.1923788646684,""left"":660},{""x"":850,""y"":425,""width"":80,""height"":80,""top"":385,""right"":890,""bottom"":465,""left"":810},{""x"":700,""y"":684.8076211353316,""width"":80,""height"":80,""top"":644.8076211353316,""right"":740,""bottom"":724.8076211353316,""left"":660},{""x"":400,""y"":684.8076211353316,""width"":80,""height"":80,""top"":644.8076211353316,""right"":440,""bottom"":724.8076211353316,""left"":360}]","{""#container"":{""x"":266.42919921875,""y"":48.58407211303711,""width"":1099.9910888671875,""height"":849.9955444335938,""top"":48.58407211303711,""right"":1366.4202880859375,""bottom"":898.5796165466309,""left"":266.42919921875}}","[{'yellow': 0}, {'cyan': 0}, {'blue': 0}, {'purple': 7}, {'red': 35}, {'green': 0}]",,red
451,,,,1113.0,1.0,3.0,"[""blue"",""red"",""purple"",""green"",""cyan"",""yellow""]",cyan,False,"[{""x"":1072,""y"":661,""t"":2},{""x"":1003,""y"":658,""t"":44},{""x"":971,""y"":656,""t"":84},{""x"":972,""y"":632,""t"":108},{""x"":988,""y"":610,""t"":149},{""x"":954,""y"":599,""t"":179},{""x"":937,""y"":595,""t"":205},{""x"":895,""y"":586,""t"":240},{""x"":863,""y"":574,""t"":279},{""x"":843,""y"":581,""t"":315},{""x"":840,""y"":569,""t"":356},{""x"":853,""y"":561,""t"":386},{""x"":857,""y"":567,""t"":414},{""x"":850,""y"":567,""t"":445},{""x"":826,""y"":559,""t"":481},{""x"":786,""y"":594,""t"":521},{""x"":778,""y"":585,""t"":554},{""x"":814,""y"":612,""t"":597},{""x"":831,""y"":585,""t"":623},{""x"":867,""y"":602,""t"":655},{""x"":885,""y"":628,""t"":683},{""x"":893,""y"":639,""t"":730},{""x"":898,""y"":647,""t"":751},{""x"":921,""y"":628,""t"":784},{""x"":892,""y"":590,""t"":825},{""x"":837,""y"":564,""t"":859},{""x"":811,""y"":519,""t"":897},{""x"":788,""y"":485,""t"":921},{""x"":746,""y"":471,""t"":957},{""x"":724,""y"":448,""t"":988},{""x"":703,""y"":436,""t"":1029},{""x"":691,""y"":423,""t"":1065},{""x"":662,""y"":412,""t"":1100},{""x"":654,""y"":397,""t"":1132},{""x"":687,""y"":408,""t"":1164},{""x"":738,""y"":442,""t"":1202},{""x"":795,""y"":463,""t"":1233},{""x"":805,""y"":475,""t"":1267},{""x"":784,""y"":487,""t"":1300},{""x"":823,""y"":509,""t"":1330},{""x"":908,""y"":519,""t"":1364},{""x"":1002,""y"":545,""t"":1398},{""x"":1036,""y"":555,""t"":1434},{""x"":1083,""y"":552,""t"":1469},{""x"":1064,""y"":577,""t"":1506},{""x"":1109,""y"":592,""t"":1541},{""x"":1129,""y"":582,""t"":1573},{""x"":1132,""y"":623,""t"":1607},{""x"":1152,""y"":625,""t"":1638},{""x"":1183,""y"":628,""t"":1677},{""x"":1192,""y"":633,""t"":1707},{""x"":1168,""y"":627,""t"":1778},{""x"":1167,""y"":631,""t"":1791},{""x"":1071,""y"":595,""t"":1825},{""x"":993,""y"":572,""t"":1843},{""x"":918,""y"":541,""t"":1874},{""x"":899,""y"":525,""t"":1908},{""x"":868,""y"":502,""t"":1940},{""x"":873,""y"":495,""t"":1974}]","[{""x"":250,""y"":425,""width"":80,""height"":80,""top"":385,""right"":290,""bottom"":465,""left"":210},{""x"":400,""y"":165.1923788646684,""width"":80,""height"":80,""top"":125.1923788646684,""right"":440,""bottom"":205.1923788646684,""left"":360},{""x"":700,""y"":165.1923788646684,""width"":80,""height"":80,""top"":125.1923788646684,""right"":740,""bottom"":205.1923788646684,""left"":660},{""x"":850,""y"":425,""width"":80,""height"":80,""top"":385,""right"":890,""bottom"":465,""left"":810},{""x"":700,""y"":684.8076211353316,""width"":80,""height"":80,""top"":644.8076211353316,""right"":740,""bottom"":724.8076211353316,""left"":660},{""x"":400,""y"":684.8076211353316,""width"":80,""height"":80,""top"":644.8076211353316,""right"":440,""bottom"":724.8076211353316,""left"":360}]","{""#container"":{""x"":266.42919921875,""y"":48.58407211303711,""width"":1099.9910888671875,""height"":849.9955444335938,""top"":48.58407211303711,""right"":1366.4202880859375,""bottom"":898.5796165466309,""left"":266.42919921875}}","[{'blue': 0}, {'red': 0}, {'purple': 0}, {'green': 7}, {'cyan': 11}, {'yellow': 0}]",{'cyan': 11},cyan
452,,,,401.0,4.0,4.0,"[""green"",""red"",""purple"",""blue"",""cyan"",""yellow""]",green,True,"[{""x"":896,""y"":521,""t"":1},{""x"":924,""y"":519,""t"":43},{""x"":957,""y"":540,""t"":79},{""x"":985,""y"":564,""t"":107},{""x"":1023,""y"":572,""t"":137},{""x"":1002,""y"":558,""t"":173},{""x"":1000,""y"":547,""t"":206},{""x"":1030,""y"":577,""t"":244},{""x"":1002,""y"":599,""t"":279},{""x"":1007,""y"":616,""t"":310},{""x"":1022,""y"":613,""t"":343},{""x"":1011,""y"":595,""t"":380},{""x"":1002,""y"":579,""t"":412},{""x"":1025,""y"":559,""t"":447},{""x"":1080,""y"":562,""t"":478},{""x"":1090,""y"":544,""t"":516},{""x"":1086,""y"":539,""t"":550},{""x"":1078,""y"":540,""t"":582},{""x"":1099,""y"":534,""t"":615},{""x"":1101,""y"":550,""t"":650},{""x"":1062,""y"":546,""t"":683},{""x"":1023,""y"":544,""t"":717},{""x"":978,""y"":551,""t"":761},{""x"":959,""y"":561,""t"":794},{""x"":930,""y"":559,""t"":827},{""x"":918,""y"":560,""t"":856},{""x"":904,""y"":547,""t"":900},{""x"":924,""y"":555,""t"":926},{""x"":928,""y"":546,""t"":964},{""x"":916,""y"":536,""t"":996},{""x"":908,""y"":522,""t"":1028},{""x"":935,""y"":509,""t"":1061},{""x"":896,""y"":505,""t"":1092},{""x"":899,""y"":514,""t"":1126},{""x"":871,""y"":518,""t"":1159},{""x"":890,""y"":513,""t"":1193},{""x"":871,""y"":522,""t"":1227},{""x"":900,""y"":516,""t"":1261},{""x"":911,""y"":509,""t"":1298},{""x"":912,""y"":491,""t"":1332},{""x"":965,""y"":519,""t"":1366},{""x"":969,""y"":514,""t"":1401},{""x"":964,""y"":520,""t"":1431},{""x"":1009,""y"":510,""t"":1472},{""x"":1011,""y"":496,""t"":1508},{""x"":1027,""y"":504,""t"":1541},{""x"":1033,""y"":509,""t"":1569},{""x"":1052,""y"":512,""t"":1602},{""x"":994,""y"":527,""t"":1636},{""x"":971,""y"":535,""t"":1671},{""x"":941,""y"":560,""t"":1706},{""x"":915,""y"":609,""t"":1741},{""x"":878,""y"":650,""t"":1780},{""x"":846,""y"":669,""t"":1811},{""x"":830,""y"":675,""t"":1846},{""x"":843,""y"":664,""t"":1875},{""x"":901,""y"":649,""t"":1911},{""x"":938,""y"":634,""t"":1945}]","[{""x"":250,""y"":425,""width"":80,""height"":80,""top"":385,""right"":290,""bottom"":465,""left"":210},{""x"":400,""y"":165.1923788646684,""width"":80,""height"":80,""top"":125.1923788646684,""right"":440,""bottom"":205.1923788646684,""left"":360},{""x"":700,""y"":165.1923788646684,""width"":80,""height"":80,""top"":125.1923788646684,""right"":740,""bottom"":205.1923788646684,""left"":660},{""x"":850,""y"":425,""width"":80,""height"":80,""top"":385,""right"":890,""bottom"":465,""left"":810},{""x"":700,""y"":684.8076211353316,""width"":80,""height"":80,""top"":644.8076211353316,""right"":740,""bottom"":724.8076211353316,""left"":660},{""x"":400,""y"":684.8076211353316,""width"":80,""height"":80,""top"":644.8076211353316,""right"":440,""bottom"":724.8076211353316,""left"":360}]","{""#container"":{""x"":266.42919921875,""y"":48.58407211303711,""width"":1099.9910888671875,""height"":849.9955444335938,""top"":48.58407211303711,""right"":1366.4202880859375,""bottom"":898.5796165466309,""left"":266.42919921875}}","[{'green': 0}, {'red': 0}, {'purple': 0}, {'blue': 19}, {'cyan': 11}, {'yellow': 0}]",,blue
453,,,,623.0,3.0,3.0,"[""yellow"",""red"",""purple"",""cyan"",""blue"",""green""]",blue,True,"[{""x"":1016,""y"":683,""t"":2},{""x"":1057,""y"":736,""t"":47},{""x"":1090,""y"":781,""t"":78},{""x"":1124,""y"":813,""t"":109},{""x"":1158,""y"":847,""t"":140},{""x"":1167,""y"":868,""t"":173},{""x"":1172,""y"":886,""t"":207},{""x"":1165,""y"":896,""t"":240},{""x"":1125,""y"":890,""t"":274},{""x"":1087,""y"":865,""t"":311},{""x"":1092,""y"":821,""t"":342},{""x"":1112,""y"":792,""t"":376},{""x"":1070,""y"":783,""t"":414},{""x"":1057,""y"":778,""t"":447},{""x"":1014,""y"":775,""t"":482},{""x"":1023,""y"":762,""t"":517},{""x"":966,""y"":735,""t"":555},{""x"":966,""y"":728,""t"":591},{""x"":898,""y"":693,""t"":622},{""x"":849,""y"":659,""t"":657},{""x"":780,""y"":615,""t"":689},{""x"":806,""y"":568,""t"":722},{""x"":807,""y"":528,""t"":753},{""x"":812,""y"":494,""t"":788},{""x"":811,""y"":482,""t"":826},{""x"":844,""y"":451,""t"":865},{""x"":860,""y"":443,""t"":890},{""x"":886,""y"":430,""t"":925},{""x"":930,""y"":512,""t"":979},{""x"":957,""y"":574,""t"":996},{""x"":976,""y"":645,""t"":1026},{""x"":905,""y"":668,""t"":1055},{""x"":856,""y"":694,""t"":1094},{""x"":893,""y"":738,""t"":1129},{""x"":960,""y"":720,""t"":1164},{""x"":937,""y"":746,""t"":1198},{""x"":1006,""y"":740,""t"":1231},{""x"":1016,""y"":742,""t"":1264},{""x"":1041,""y"":750,""t"":1297},{""x"":1056,""y"":767,""t"":1330},{""x"":1026,""y"":785,""t"":1363},{""x"":1030,""y"":795,""t"":1396},{""x"":1032,""y"":802,""t"":1429},{""x"":1030,""y"":816,""t"":1470},{""x"":1023,""y"":824,""t"":1504},{""x"":1012,""y"":802,""t"":1539},{""x"":997,""y"":797,""t"":1573},{""x"":974,""y"":806,""t"":1606},{""x"":944,""y"":823,""t"":1638},{""x"":930,""y"":827,""t"":1672},{""x"":903,""y"":837,""t"":1704},{""x"":881,""y"":835,""t"":1738},{""x"":930,""y"":806,""t"":1773},{""x"":943,""y"":803,""t"":1804},{""x"":935,""y"":735,""t"":1851},{""x"":928,""y"":675,""t"":1873},{""x"":900,""y"":634,""t"":1905},{""x"":868,""y"":593,""t"":1944},{""x"":864,""y"":537,""t"":1979}]","[{""x"":250,""y"":425,""width"":80,""height"":80,""top"":385,""right"":290,""bottom"":465,""left"":210},{""x"":400,""y"":165.1923788646684,""width"":80,""height"":80,""top"":125.1923788646684,""right"":440,""bottom"":205.1923788646684,""left"":360},{""x"":700,""y"":165.1923788646684,""width"":80,""height"":80,""top"":125.1923788646684,""right"":740,""bottom"":205.1923788646684,""left"":660},{""x"":850,""y"":425,""width"":80,""height"":80,""top"":385,""right"":890,""bottom"":465,""left"":810},{""x"":700,""y"":684.8076211353316,""width"":80,""height"":80,""top"":644.8076211353316,""right"":740,""bottom"":724.8076211353316,""left"":660},{""x"":400,""y"":684.8076211353316,""width"":80,""height"":80,""top"":644.8076211353316,""right"":440,""bottom"":724.8076211353316,""left"":360}]","{""#container"":{""x"":266.42919921875,""y"":48.58407211303711,""width"":1099.9910888671875,""height"":849.9955444335938,""top"":48.58407211303711,""right"":1366.4202880859375,""bottom"":898.5796165466309,""left"":266.42919921875}}","[{'yellow': 0}, {'red': 0}, {'purple': 0}, {'cyan': 0}, {'blue': 38}, {'green': 0}]",{'blue': 38},blue
454,,,,1169.0,1.0,1.0,"[""yellow"",""green"",""cyan"",""red"",""blue"",""purple""]",purple_1,True,"[{""x"":915,""y"":524,""t"":1},{""x"":935,""y"":524,""t"":38},{""x"":968,""y"":526,""t"":82},{""x"":974,""y"":535,""t"":115},{""x"":955,""y"":540,""t"":154},{""x"":939,""y"":547,""t"":174},{""x"":938,""y"":548,""t"":208},{""x"":919,""y"":550,""t"":241},{""x"":911,""y"":565,""t"":275},{""x"":903,""y"":570,""t"":308},{""x"":888,""y"":573,""t"":343},{""x"":890,""y"":584,""t"":391},{""x"":921,""y"":586,""t"":421},{""x"":948,""y"":589,""t"":449},{""x"":991,""y"":603,""t"":484},{""x"":978,""y"":626,""t"":522},{""x"":1009,""y"":603,""t"":555},{""x"":1008,""y"":585,""t"":588},{""x"":1008,""y"":562,""t"":624},{""x"":977,""y"":526,""t"":653},{""x"":950,""y"":496,""t"":682},{""x"":943,""y"":490,""t"":722},{""x"":930,""y"":489,""t"":755},{""x"":924,""y"":460,""t"":784},{""x"":911,""y"":473,""t"":819},{""x"":886,""y"":464,""t"":865},{""x"":887,""y"":468,""t"":887},{""x"":888,""y"":471,""t"":920},{""x"":852,""y"":467,""t"":954},{""x"":836,""y"":455,""t"":993},{""x"":820,""y"":438,""t"":1027},{""x"":789,""y"":434,""t"":1061},{""x"":782,""y"":427,""t"":1097},{""x"":793,""y"":446,""t"":1136},{""x"":803,""y"":468,""t"":1163},{""x"":893,""y"":521,""t"":1197},{""x"":956,""y"":555,""t"":1232},{""x"":1038,""y"":589,""t"":1269},{""x"":1080,""y"":623,""t"":1304},{""x"":1113,""y"":650,""t"":1328},{""x"":1139,""y"":668,""t"":1364},{""x"":1170,""y"":688,""t"":1402},{""x"":1169,""y"":694,""t"":1435},{""x"":1149,""y"":704,""t"":1464},{""x"":1179,""y"":671,""t"":1511},{""x"":1142,""y"":630,""t"":1539},{""x"":1088,""y"":631,""t"":1571},{""x"":1065,""y"":606,""t"":1603},{""x"":1054,""y"":601,""t"":1635},{""x"":1047,""y"":581,""t"":1671},{""x"":1014,""y"":555,""t"":1705},{""x"":1004,""y"":533,""t"":1740},{""x"":1002,""y"":524,""t"":1773},{""x"":1010,""y"":561,""t"":1806},{""x"":1046,""y"":573,""t"":1846},{""x"":1040,""y"":570,""t"":1879},{""x"":1107,""y"":568,""t"":1909},{""x"":1103,""y"":576,""t"":1940}]","[{""x"":250,""y"":425,""width"":80,""height"":80,""top"":385,""right"":290,""bottom"":465,""left"":210},{""x"":400,""y"":165.1923788646684,""width"":80,""height"":80,""top"":125.1923788646684,""right"":440,""bottom"":205.1923788646684,""left"":360},{""x"":700,""y"":165.1923788646684,""width"":80,""height"":80,""top"":125.1923788646684,""right"":740,""bottom"":205.1923788646684,""left"":660},{""x"":850,""y"":425,""width"":80,""height"":80,""top"":385,""right"":890,""bottom"":465,""left"":810},{""x"":700,""y"":684.8076211353316,""width"":80,""height"":80,""top"":644.8076211353316,""right"":740,""bottom"":724.8076211353316,""left"":660},{""x"":400,""y"":684.8076211353316,""width"":80,""height"":80,""top"":644.8076211353316,""right"":440,""bottom"":724.8076211353316,""left"":360}]","{""#container"":{""x"":266.42919921875,""y"":48.58407211303711,""width"":1099.9910888671875,""height"":849.9955444335938,""top"":48.58407211303711,""right"":1366.4202880859375,""bottom"":898.5796165466309,""left"":266.42919921875}}","[{'yellow': 0}, {'green': 0}, {'cyan': 0}, {'red': 14}, {'blue': 4}, {'purple': 0}]",,red
455,,,,735.0,9.0,9.0,"[""red"",""blue"",""green"",""yellow"",""cyan"",""purple""]",green_1,True,"[{""x"":1073,""y"":598,""t"":2},{""x"":1079,""y"":615,""t"":45},{""x"":1036,""y"":615,""t"":79},{""x"":996,""y"":617,""t"":112},{""x"":987,""y"":612,""t"":146},{""x"":955,""y"":635,""t"":183},{""x"":946,""y"":637,""t"":209},{""x"":937,""y"":641,""t"":241},{""x"":916,""y"":657,""t"":276},{""x"":925,""y"":654,""t"":311},{""x"":958,""y"":664,""t"":342},{""x"":1014,""y"":665,""t"":376},{""x"":994,""y"":663,""t"":420},{""x"":1025,""y"":676,""t"":445},{""x"":1003,""y"":676,""t"":487},{""x"":1034,""y"":728,""t"":525},{""x"":1048,""y"":773,""t"":549},{""x"":1081,""y"":803,""t"":588},{""x"":1104,""y"":830,""t"":624},{""x"":1120,""y"":860,""t"":654},{""x"":1130,""y"":841,""t"":687},{""x"":1098,""y"":829,""t"":727},{""x"":1094,""y"":794,""t"":751},{""x"":1082,""y"":739,""t"":787},{""x"":1075,""y"":708,""t"":826},{""x"":1064,""y"":664,""t"":857},{""x"":1045,""y"":615,""t"":889},{""x"":1047,""y"":574,""t"":921},{""x"":1050,""y"":541,""t"":956},{""x"":1032,""y"":517,""t"":990},{""x"":1027,""y"":494,""t"":1023},{""x"":981,""y"":500,""t"":1056},{""x"":969,""y"":515,""t"":1117},{""x"":975,""y"":509,""t"":1131},{""x"":944,""y"":527,""t"":1165},{""x"":927,""y"":542,""t"":1198},{""x"":954,""y"":561,""t"":1232},{""x"":953,""y"":576,""t"":1262},{""x"":940,""y"":561,""t"":1294},{""x"":897,""y"":564,""t"":1334},{""x"":865,""y"":571,""t"":1363},{""x"":840,""y"":578,""t"":1396},{""x"":867,""y"":556,""t"":1445},{""x"":865,""y"":535,""t"":1467},{""x"":919,""y"":505,""t"":1498},{""x"":923,""y"":487,""t"":1534},{""x"":906,""y"":481,""t"":1573},{""x"":946,""y"":465,""t"":1605},{""x"":953,""y"":482,""t"":1637},{""x"":979,""y"":481,""t"":1671},{""x"":1009,""y"":491,""t"":1704},{""x"":1015,""y"":487,""t"":1737},{""x"":1001,""y"":476,""t"":1777},{""x"":980,""y"":473,""t"":1810},{""x"":994,""y"":460,""t"":1844},{""x"":988,""y"":455,""t"":1874},{""x"":968,""y"":445,""t"":1908},{""x"":962,""y"":436,""t"":1941},{""x"":930,""y"":437,""t"":1976}]","[{""x"":250,""y"":425,""width"":80,""height"":80,""top"":385,""right"":290,""bottom"":465,""left"":210},{""x"":400,""y"":165.1923788646684,""width"":80,""height"":80,""top"":125.1923788646684,""right"":440,""bottom"":205.1923788646684,""left"":360},{""x"":700,""y"":165.1923788646684,""width"":80,""height"":80,""top"":125.1923788646684,""right"":740,""bottom"":205.1923788646684,""left"":660},{""x"":850,""y"":425,""width"":80,""height"":80,""top"":385,""right"":890,""bottom"":465,""left"":810},{""x"":700,""y"":684.8076211353316,""width"":80,""height"":80,""top"":644.8076211353316,""right"":740,""bottom"":724.8076211353316,""left"":660},{""x"":400,""y"":684.8076211353316,""width"":80,""height"":80,""top"":644.8076211353316,""right"":440,""bottom"":724.8076211353316,""left"":360}]","{""#container"":{""x"":266.42919921875,""y"":48.58407211303711,""width"":1099.9910888671875,""height"":849.9955444335938,""top"":48.58407211303711,""right"":1366.4202880859375,""bottom"":898.5796165466309,""left"":266.42919921875}}","[{'red': 0}, {'blue': 0}, {'green': 0}, {'yellow': 15}, {'cyan': 21}, {'purple': 0}]",,cyan
456,,,,643.0,3.0,3.0,"[""yellow"",""purple"",""cyan"",""blue"",""red"",""green""]",red,True,"[{""x"":929,""y"":455,""t"":2},{""x"":973,""y"":503,""t"":47},{""x"":1005,""y"":526,""t"":86},{""x"":1032,""y"":546,""t"":107},{""x"":1053,""y"":581,""t"":145},{""x"":1079,""y"":625,""t"":179},{""x"":1101,""y"":650,""t"":212},{""x"":1096,""y"":672,""t"":243},{""x"":1058,""y"":708,""t"":277},{""x"":1063,""y"":711,""t"":312},{""x"":1050,""y"":730,""t"":345},{""x"":1051,""y"":718,""t"":377},{""x"":1030,""y"":737,""t"":410},{""x"":1025,""y"":735,""t"":450},{""x"":1021,""y"":748,""t"":480},{""x"":1017,""y"":749,""t"":518},{""x"":1010,""y"":732,""t"":554},{""x"":1020,""y"":736,""t"":591},{""x"":1001,""y"":758,""t"":624},{""x"":970,""y"":771,""t"":656},{""x"":976,""y"":779,""t"":693},{""x"":968,""y"":792,""t"":721},{""x"":957,""y"":791,""t"":758},{""x"":958,""y"":801,""t"":792},{""x"":999,""y"":822,""t"":826},{""x"":997,""y"":835,""t"":856},{""x"":1020,""y"":843,""t"":886},{""x"":1072,""y"":847,""t"":919},{""x"":1060,""y"":844,""t"":959},{""x"":1047,""y"":840,""t"":989},{""x"":1079,""y"":834,""t"":1022},{""x"":1060,""y"":834,""t"":1069},{""x"":1027,""y"":846,""t"":1095},{""x"":1021,""y"":838,""t"":1132},{""x"":1030,""y"":828,""t"":1171},{""x"":1044,""y"":818,""t"":1191},{""x"":1030,""y"":810,""t"":1229},{""x"":1085,""y"":766,""t"":1262},{""x"":1133,""y"":728,""t"":1294},{""x"":1172,""y"":688,""t"":1328},{""x"":1172,""y"":663,""t"":1371},{""x"":1202,""y"":640,""t"":1400},{""x"":1240,""y"":623,""t"":1436},{""x"":1251,""y"":606,""t"":1466},{""x"":1211,""y"":659,""t"":1513},{""x"":1207,""y"":675,""t"":1535},{""x"":1158,""y"":697,""t"":1569},{""x"":1116,""y"":723,""t"":1604},{""x"":1049,""y"":744,""t"":1636},{""x"":1007,""y"":754,""t"":1671},{""x"":987,""y"":770,""t"":1706},{""x"":980,""y"":755,""t"":1744},{""x"":1000,""y"":730,""t"":1782},{""x"":1018,""y"":709,""t"":1805},{""x"":1032,""y"":688,""t"":1853},{""x"":1025,""y"":670,""t"":1884},{""x"":1055,""y"":653,""t"":1919},{""x"":1090,""y"":638,""t"":1956}]","[{""x"":250,""y"":425,""width"":80,""height"":80,""top"":385,""right"":290,""bottom"":465,""left"":210},{""x"":400,""y"":165.1923788646684,""width"":80,""height"":80,""top"":125.1923788646684,""right"":440,""bottom"":205.1923788646684,""left"":360},{""x"":700,""y"":165.1923788646684,""width"":80,""height"":80,""top"":125.1923788646684,""right"":740,""bottom"":205.1923788646684,""left"":660},{""x"":850,""y"":425,""width"":80,""height"":80,""top"":385,""right"":890,""bottom"":465,""left"":810},{""x"":700,""y"":684.8076211353316,""width"":80,""height"":80,""top"":644.8076211353316,""right"":740,""bottom"":724.8076211353316,""left"":660},{""x"":400,""y"":684.8076211353316,""width"":80,""height"":80,""top"":644.8076211353316,""right"":440,""bottom"":724.8076211353316,""left"":360}]","{""#container"":{""x"":266.42919921875,""y"":48.58407211303711,""width"":1099.9910888671875,""height"":849.9955444335938,""top"":48.58407211303711,""right"":1366.4202880859375,""bottom"":898.5796165466309,""left"":266.42919921875}}","[{'yellow': 0}, {'purple': 0}, {'cyan': 0}, {'blue': 4}, {'red': 39}, {'green': 0}]",{'red': 39},red
457,,,,468.0,4.0,4.0,"[""green"",""cyan"",""yellow"",""blue"",""red"",""purple""]",green_1,True,"[{""x"":1111,""y"":633,""t"":2},{""x"":1079,""y"":609,""t"":45},{""x"":1019,""y"":603,""t"":82},{""x"":989,""y"":607,""t"":110},{""x"":936,""y"":607,""t"":139},{""x"":896,""y"":609,""t"":174},{""x"":837,""y"":608,""t"":208},{""x"":859,""y"":613,""t"":244},{""x"":843,""y"":593,""t"":282},{""x"":864,""y"":607,""t"":313},{""x"":910,""y"":624,""t"":344},{""x"":921,""y"":631,""t"":379},{""x"":972,""y"":632,""t"":410},{""x"":1018,""y"":638,""t"":444},{""x"":1065,""y"":631,""t"":486},{""x"":1090,""y"":647,""t"":520},{""x"":1104,""y"":654,""t"":554},{""x"":1082,""y"":625,""t"":594},{""x"":1070,""y"":670,""t"":625},{""x"":1069,""y"":717,""t"":662},{""x"":1040,""y"":726,""t"":694},{""x"":1020,""y"":764,""t"":732},{""x"":1023,""y"":779,""t"":764},{""x"":1059,""y"":740,""t"":794},{""x"":1045,""y"":765,""t"":827},{""x"":1032,""y"":785,""t"":858},{""x"":1020,""y"":806,""t"":897},{""x"":1049,""y"":809,""t"":935},{""x"":1045,""y"":766,""t"":961},{""x"":998,""y"":746,""t"":994},{""x"":984,""y"":743,""t"":1028},{""x"":989,""y"":727,""t"":1055},{""x"":941,""y"":702,""t"":1103},{""x"":907,""y"":674,""t"":1124},{""x"":873,""y"":640,""t"":1159},{""x"":899,""y"":616,""t"":1194},{""x"":866,""y"":607,""t"":1228},{""x"":875,""y"":632,""t"":1261},{""x"":855,""y"":646,""t"":1295},{""x"":859,""y"":659,""t"":1327},{""x"":887,""y"":657,""t"":1372},{""x"":902,""y"":629,""t"":1407},{""x"":897,""y"":605,""t"":1436},{""x"":893,""y"":573,""t"":1473},{""x"":911,""y"":548,""t"":1510},{""x"":909,""y"":524,""t"":1531},{""x"":898,""y"":505,""t"":1568},{""x"":892,""y"":493,""t"":1610},{""x"":951,""y"":505,""t"":1643},{""x"":1005,""y"":510,""t"":1698},{""x"":1049,""y"":515,""t"":1709},{""x"":1098,""y"":520,""t"":1744},{""x"":1102,""y"":545,""t"":1775},{""x"":1100,""y"":558,""t"":1807},{""x"":1104,""y"":567,""t"":1839},{""x"":1097,""y"":592,""t"":1881},{""x"":1073,""y"":606,""t"":1915},{""x"":1059,""y"":635,""t"":1949}]","[{""x"":250,""y"":425,""width"":80,""height"":80,""top"":385,""right"":290,""bottom"":465,""left"":210},{""x"":400,""y"":165.1923788646684,""width"":80,""height"":80,""top"":125.1923788646684,""right"":440,""bottom"":205.1923788646684,""left"":360},{""x"":700,""y"":165.1923788646684,""width"":80,""height"":80,""top"":125.1923788646684,""right"":740,""bottom"":205.1923788646684,""left"":660},{""x"":850,""y"":425,""width"":80,""height"":80,""top"":385,""right"":890,""bottom"":465,""left"":810},{""x"":700,""y"":684.8076211353316,""width"":80,""height"":80,""top"":644.8076211353316,""right"":740,""bottom"":724.8076211353316,""left"":660},{""x"":400,""y"":684.8076211353316,""width"":80,""height"":80,""top"":644.8076211353316,""right"":440,""bottom"":724.8076211353316,""left"":360}]","{""#container"":{""x"":266.42919921875,""y"":48.58407211303711,""width"":1099.9910888671875,""height"":849.9955444335938,""top"":48.58407211303711,""right"":1366.4202880859375,""bottom"":898.5796165466309,""left"":266.42919921875}}","[{'green': 0}, {'cyan': 0}, {'yellow': 0}, {'blue': 9}, {'red': 34}, {'purple': 0}]",,red
458,,,,558.0,9.0,9.0,"[""cyan"",""yellow"",""green"",""blue"",""red"",""purple""]",green,True,"[{""x"":1128,""y"":616,""t"":2},{""x"":1121,""y"":596,""t"":48},{""x"":1081,""y"":622,""t"":81},{""x"":1075,""y"":595,""t"":112},{""x"":1054,""y"":576,""t"":138},{""x"":1010,""y"":576,""t"":174},{""x"":955,""y"":575,""t"":207},{""x"":924,""y"":557,""t"":244},{""x"":911,""y"":544,""t"":275},{""x"":916,""y"":523,""t"":308},{""x"":920,""y"":526,""t"":357},{""x"":925,""y"":531,""t"":377},{""x"":947,""y"":533,""t"":410},{""x"":926,""y"":537,""t"":452},{""x"":931,""y"":548,""t"":487},{""x"":932,""y"":552,""t"":512},{""x"":918,""y"":557,""t"":549},{""x"":923,""y"":533,""t"":584},{""x"":910,""y"":519,""t"":615},{""x"":859,""y"":506,""t"":659},{""x"":869,""y"":495,""t"":701},{""x"":908,""y"":491,""t"":726},{""x"":915,""y"":472,""t"":759},{""x"":936,""y"":452,""t"":795},{""x"":980,""y"":441,""t"":821},{""x"":1006,""y"":452,""t"":852},{""x"":1022,""y"":460,""t"":888},{""x"":1034,""y"":456,""t"":924},{""x"":1077,""y"":479,""t"":955},{""x"":1088,""y"":468,""t"":993},{""x"":1142,""y"":476,""t"":1025},{""x"":1227,""y"":498,""t"":1056},{""x"":1216,""y"":551,""t"":1103},{""x"":1204,""y"":595,""t"":1124},{""x"":1213,""y"":618,""t"":1166},{""x"":1205,""y"":642,""t"":1198},{""x"":1241,""y"":670,""t"":1231},{""x"":1200,""y"":691,""t"":1262},{""x"":1176,""y"":691,""t"":1297},{""x"":1138,""y"":738,""t"":1333},{""x"":1086,""y"":764,""t"":1371},{""x"":1051,""y"":790,""t"":1396},{""x"":1017,""y"":793,""t"":1430},{""x"":976,""y"":800,""t"":1466},{""x"":974,""y"":807,""t"":1499},{""x"":961,""y"":808,""t"":1532},{""x"":977,""y"":784,""t"":1576},{""x"":1005,""y"":718,""t"":1606},{""x"":1007,""y"":687,""t"":1635},{""x"":1022,""y"":634,""t"":1671},{""x"":1029,""y"":597,""t"":1704},{""x"":1056,""y"":578,""t"":1749},{""x"":1101,""y"":560,""t"":1772},{""x"":1131,""y"":550,""t"":1809},{""x"":1155,""y"":543,""t"":1847},{""x"":1131,""y"":537,""t"":1889},{""x"":1116,""y"":528,""t"":1912},{""x"":1051,""y"":491,""t"":1947}]","[{""x"":250,""y"":425,""width"":80,""height"":80,""top"":385,""right"":290,""bottom"":465,""left"":210},{""x"":400,""y"":165.1923788646684,""width"":80,""height"":80,""top"":125.1923788646684,""right"":440,""bottom"":205.1923788646684,""left"":360},{""x"":700,""y"":165.1923788646684,""width"":80,""height"":80,""top"":125.1923788646684,""right"":740,""bottom"":205.1923788646684,""left"":660},{""x"":850,""y"":425,""width"":80,""height"":80,""top"":385,""right"":890,""bottom"":465,""left"":810},{""x"":700,""y"":684.8076211353316,""width"":80,""height"":80,""top"":644.8076211353316,""right"":740,""bottom"":724.8076211353316,""left"":660},{""x"":400,""y"":684.8076211353316,""width"":80,""height"":80,""top"":644.8076211353316,""right"":440,""bottom"":724.8076211353316,""left"":360}]","{""#container"":{""x"":266.42919921875,""y"":48.58407211303711,""width"":1099.9910888671875,""height"":849.9955444335938,""top"":48.58407211303711,""right"":1366.4202880859375,""bottom"":898.5796165466309,""left"":266.42919921875}}","[{'cyan': 0}, {'yellow': 0}, {'green': 0}, {'blue': 22}, {'red': 10}, {'purple': 0}]",,blue
459,,,,803.0,4.0,4.0,"[""purple"",""blue"",""yellow"",""green"",""red"",""cyan""]",purple,True,"[{""x"":1009,""y"":509,""t"":2},{""x"":986,""y"":535,""t"":41},{""x"":1017,""y"":561,""t"":78},{""x"":995,""y"":580,""t"":113},{""x"":989,""y"":622,""t"":145},{""x"":1014,""y"":639,""t"":174},{""x"":1012,""y"":655,""t"":207},{""x"":1024,""y"":667,""t"":241},{""x"":966,""y"":656,""t"":275},{""x"":1007,""y"":653,""t"":313},{""x"":1005,""y"":650,""t"":345},{""x"":1075,""y"":619,""t"":384},{""x"":1110,""y"":607,""t"":418},{""x"":1074,""y"":589,""t"":450},{""x"":1102,""y"":574,""t"":480},{""x"":1109,""y"":554,""t"":512},{""x"":1127,""y"":544,""t"":547},{""x"":1180,""y"":609,""t"":595},{""x"":1197,""y"":663,""t"":617},{""x"":1256,""y"":700,""t"":649},{""x"":1366,""y"":739,""t"":690},{""x"":1348,""y"":788,""t"":733},{""x"":1279,""y"":811,""t"":767},{""x"":1167,""y"":784,""t"":804},{""x"":1099,""y"":757,""t"":836},{""x"":1023,""y"":726,""t"":868},{""x"":982,""y"":685,""t"":897},{""x"":933,""y"":647,""t"":929},{""x"":910,""y"":609,""t"":960},{""x"":902,""y"":598,""t"":994},{""x"":913,""y"":589,""t"":1024},{""x"":927,""y"":586,""t"":1056},{""x"":918,""y"":579,""t"":1090},{""x"":960,""y"":564,""t"":1128},{""x"":976,""y"":575,""t"":1160},{""x"":1016,""y"":569,""t"":1193},{""x"":1017,""y"":586,""t"":1232},{""x"":1013,""y"":610,""t"":1267},{""x"":1032,""y"":612,""t"":1305},{""x"":1026,""y"":597,""t"":1340},{""x"":971,""y"":570,""t"":1372},{""x"":919,""y"":552,""t"":1407},{""x"":876,""y"":538,""t"":1435},{""x"":868,""y"":528,""t"":1464},{""x"":858,""y"":564,""t"":1508},{""x"":851,""y"":596,""t"":1541},{""x"":855,""y"":629,""t"":1575},{""x"":866,""y"":636,""t"":1610},{""x"":940,""y"":617,""t"":1643},{""x"":1003,""y"":601,""t"":1670},{""x"":946,""y"":610,""t"":1705},{""x"":925,""y"":596,""t"":1739},{""x"":906,""y"":618,""t"":1774},{""x"":891,""y"":629,""t"":1808},{""x"":915,""y"":623,""t"":1842},{""x"":891,""y"":626,""t"":1880},{""x"":1002,""y"":610,""t"":1913},{""x"":1016,""y"":623,""t"":1956},{""x"":1035,""y"":626,""t"":1978}]","[{""x"":250,""y"":425,""width"":80,""height"":80,""top"":385,""right"":290,""bottom"":465,""left"":210},{""x"":400,""y"":165.1923788646684,""width"":80,""height"":80,""top"":125.1923788646684,""right"":440,""bottom"":205.1923788646684,""left"":360},{""x"":700,""y"":165.1923788646684,""width"":80,""height"":80,""top"":125.1923788646684,""right"":740,""bottom"":205.1923788646684,""left"":660},{""x"":850,""y"":425,""width"":80,""height"":80,""top"":385,""right"":890,""bottom"":465,""left"":810},{""x"":700,""y"":684.8076211353316,""width"":80,""height"":80,""top"":644.8076211353316,""right"":740,""bottom"":724.8076211353316,""left"":660},{""x"":400,""y"":684.8076211353316,""width"":80,""height"":80,""top"":644.8076211353316,""right"":440,""bottom"":724.8076211353316,""left"":360}]","{""#container"":{""x"":266.42919921875,""y"":48.58407211303711,""width"":1099.9910888671875,""height"":849.9955444335938,""top"":48.58407211303711,""right"":1366.4202880859375,""bottom"":898.5796165466309,""left"":266.42919921875}}","[{'purple': 0}, {'blue': 0}, {'yellow': 0}, {'green': 10}, {'red': 28}, {'cyan': 0}]",,red
460,,,,693.0,1.0,1.0,"[""blue"",""red"",""green"",""cyan"",""purple"",""yellow""]",yellow,True,"[{""x"":1044,""y"":634,""t"":68},{""x"":1072,""y"":647,""t"":113},{""x"":1098,""y"":660,""t"":147},{""x"":1099,""y"":678,""t"":178},{""x"":1083,""y"":682,""t"":210},{""x"":1084,""y"":687,""t"":241},{""x"":1061,""y"":694,""t"":274},{""x"":1020,""y"":719,""t"":309},{""x"":980,""y"":739,""t"":341},{""x"":979,""y"":752,""t"":376},{""x"":957,""y"":757,""t"":414},{""x"":972,""y"":756,""t"":446},{""x"":970,""y"":758,""t"":479},{""x"":976,""y"":775,""t"":512},{""x"":992,""y"":793,""t"":548},{""x"":1032,""y"":784,""t"":581},{""x"":1059,""y"":776,""t"":614},{""x"":1059,""y"":791,""t"":650},{""x"":1055,""y"":798,""t"":684},{""x"":1044,""y"":810,""t"":717},{""x"":985,""y"":806,""t"":761},{""x"":935,""y"":803,""t"":784},{""x"":876,""y"":787,""t"":825},{""x"":876,""y"":786,""t"":860},{""x"":870,""y"":741,""t"":895},{""x"":871,""y"":746,""t"":924},{""x"":900,""y"":698,""t"":957},{""x"":860,""y"":697,""t"":992},{""x"":876,""y"":707,""t"":1022},{""x"":894,""y"":707,""t"":1063},{""x"":921,""y"":682,""t"":1097},{""x"":896,""y"":669,""t"":1128},{""x"":925,""y"":618,""t"":1160},{""x"":914,""y"":594,""t"":1195},{""x"":969,""y"":567,""t"":1225},{""x"":953,""y"":551,""t"":1261},{""x"":959,""y"":541,""t"":1294},{""x"":987,""y"":535,""t"":1328},{""x"":1035,""y"":542,""t"":1361},{""x"":996,""y"":561,""t"":1409},{""x"":1010,""y"":597,""t"":1431},{""x"":1043,""y"":605,""t"":1464},{""x"":1054,""y"":624,""t"":1505},{""x"":1078,""y"":659,""t"":1538},{""x"":1141,""y"":642,""t"":1570},{""x"":1177,""y"":632,""t"":1601},{""x"":1228,""y"":622,""t"":1647},{""x"":1262,""y"":619,""t"":1668},{""x"":1224,""y"":645,""t"":1711},{""x"":1185,""y"":676,""t"":1742},{""x"":1152,""y"":678,""t"":1777},{""x"":1148,""y"":662,""t"":1811},{""x"":1129,""y"":643,""t"":1839},{""x"":1145,""y"":620,""t"":1872},{""x"":1093,""y"":607,""t"":1918},{""x"":1037,""y"":613,""t"":1949},{""x"":1005,""y"":606,""t"":1978}]","[{""x"":250,""y"":425,""width"":80,""height"":80,""top"":385,""right"":290,""bottom"":465,""left"":210},{""x"":400,""y"":165.1923788646684,""width"":80,""height"":80,""top"":125.1923788646684,""right"":440,""bottom"":205.1923788646684,""left"":360},{""x"":700,""y"":165.1923788646684,""width"":80,""height"":80,""top"":125.1923788646684,""right"":740,""bottom"":205.1923788646684,""left"":660},{""x"":850,""y"":425,""width"":80,""height"":80,""top"":385,""right"":890,""bottom"":465,""left"":810},{""x"":700,""y"":684.8076211353316,""width"":80,""height"":80,""top"":644.8076211353316,""right"":740,""bottom"":724.8076211353316,""left"":660},{""x"":400,""y"":684.8076211353316,""width"":80,""height"":80,""top"":644.8076211353316,""right"":440,""bottom"":724.8076211353316,""left"":360}]","{""#container"":{""x"":266.42919921875,""y"":48.58407211303711,""width"":1099.9910888671875,""height"":849.9955444335938,""top"":48.58407211303711,""right"":1366.4202880859375,""bottom"":898.5796165466309,""left"":266.42919921875}}","[{'blue': 0}, {'red': 0}, {'green': 0}, {'cyan': 5}, {'purple': 39}, {'yellow': 0}]",,purple
461,,,,731.0,6.0,6.0,"[""cyan"",""green"",""red"",""blue"",""yellow"",""purple""]",blue_1,True,"[{""x"":1014,""y"":575,""t"":2},{""x"":1056,""y"":546,""t"":38},{""x"":1025,""y"":507,""t"":72},{""x"":993,""y"":485,""t"":109},{""x"":987,""y"":467,""t"":144},{""x"":978,""y"":451,""t"":172},{""x"":997,""y"":452,""t"":205},{""x"":1000,""y"":455,""t"":241},{""x"":1002,""y"":463,""t"":276},{""x"":987,""y"":464,""t"":309},{""x"":1011,""y"":534,""t"":343},{""x"":1104,""y"":620,""t"":380},{""x"":1183,""y"":695,""t"":414},{""x"":1263,""y"":743,""t"":446},{""x"":1283,""y"":802,""t"":484},{""x"":1299,""y"":808,""t"":516},{""x"":1293,""y"":832,""t"":547},{""x"":1290,""y"":777,""t"":581},{""x"":1208,""y"":696,""t"":628},{""x"":1146,""y"":631,""t"":647},{""x"":1108,""y"":574,""t"":691},{""x"":1080,""y"":523,""t"":721},{""x"":1070,""y"":483,""t"":755},{""x"":1047,""y"":455,""t"":787},{""x"":1049,""y"":428,""t"":822},{""x"":1022,""y"":417,""t"":854},{""x"":1012,""y"":420,""t"":887},{""x"":1036,""y"":418,""t"":930},{""x"":1049,""y"":441,""t"":959},{""x"":1051,""y"":452,""t"":994},{""x"":1042,""y"":459,""t"":1026},{""x"":1018,""y"":462,""t"":1059},{""x"":1042,""y"":472,""t"":1089},{""x"":1049,""y"":567,""t"":1135},{""x"":1133,""y"":635,""t"":1166},{""x"":1201,""y"":687,""t"":1200},{""x"":1276,""y"":756,""t"":1230},{""x"":1269,""y"":808,""t"":1261},{""x"":1225,""y"":745,""t"":1309},{""x"":1194,""y"":689,""t"":1331},{""x"":1181,""y"":626,""t"":1369},{""x"":1101,""y"":585,""t"":1406},{""x"":1059,""y"":537,""t"":1440},{""x"":1024,""y"":496,""t"":1467},{""x"":1001,""y"":461,""t"":1502},{""x"":983,""y"":439,""t"":1533},{""x"":990,""y"":414,""t"":1570},{""x"":954,""y"":443,""t"":1606},{""x"":905,""y"":474,""t"":1645},{""x"":865,""y"":501,""t"":1668},{""x"":853,""y"":515,""t"":1717},{""x"":825,""y"":519,""t"":1737},{""x"":825,""y"":516,""t"":1770},{""x"":874,""y"":513,""t"":1811},{""x"":876,""y"":534,""t"":1848},{""x"":850,""y"":564,""t"":1878},{""x"":920,""y"":562,""t"":1908},{""x"":905,""y"":589,""t"":1941}]","[{""x"":250,""y"":425,""width"":80,""height"":80,""top"":385,""right"":290,""bottom"":465,""left"":210},{""x"":400,""y"":165.1923788646684,""width"":80,""height"":80,""top"":125.1923788646684,""right"":440,""bottom"":205.1923788646684,""left"":360},{""x"":700,""y"":165.1923788646684,""width"":80,""height"":80,""top"":125.1923788646684,""right"":740,""bottom"":205.1923788646684,""left"":660},{""x"":850,""y"":425,""width"":80,""height"":80,""top"":385,""right"":890,""bottom"":465,""left"":810},{""x"":700,""y"":684.8076211353316,""width"":80,""height"":80,""top"":644.8076211353316,""right"":740,""bottom"":724.8076211353316,""left"":660},{""x"":400,""y"":684.8076211353316,""width"":80,""height"":80,""top"":644.8076211353316,""right"":440,""bottom"":724.8076211353316,""left"":360}]","{""#container"":{""x"":266.42919921875,""y"":48.58407211303711,""width"":1099.9910888671875,""height"":849.9955444335938,""top"":48.58407211303711,""right"":1366.4202880859375,""bottom"":898.5796165466309,""left"":266.42919921875}}","[{'cyan': 0}, {'green': 0}, {'red': 0}, {'blue': 32}, {'yellow': 0}, {'purple': 0}]",{'blue_1': 32},blue_1
462,,,,677.0,4.0,4.0,"[""cyan"",""blue"",""red"",""yellow"",""purple"",""green""]",cyan_1,True,"[{""x"":988,""y"":629,""t"":2},{""x"":977,""y"":604,""t"":41},{""x"":982,""y"":586,""t"":74},{""x"":1007,""y"":553,""t"":111},{""x"":1012,""y"":549,""t"":148},{""x"":1006,""y"":544,""t"":172},{""x"":1001,""y"":525,""t"":208},{""x"":968,""y"":521,""t"":246},{""x"":963,""y"":531,""t"":281},{""x"":969,""y"":608,""t"":311},{""x"":1022,""y"":685,""t"":343},{""x"":1055,""y"":669,""t"":390},{""x"":1069,""y"":642,""t"":412},{""x"":1028,""y"":597,""t"":447},{""x"":993,""y"":552,""t"":478},{""x"":965,""y"":514,""t"":517},{""x"":968,""y"":477,""t"":551},{""x"":956,""y"":473,""t"":584},{""x"":966,""y"":443,""t"":617},{""x"":969,""y"":421,""t"":654},{""x"":952,""y"":402,""t"":683},{""x"":926,""y"":388,""t"":730},{""x"":905,""y"":378,""t"":754},{""x"":906,""y"":373,""t"":790},{""x"":888,""y"":373,""t"":822},{""x"":920,""y"":374,""t"":854},{""x"":919,""y"":376,""t"":896},{""x"":927,""y"":379,""t"":931},{""x"":923,""y"":414,""t"":966},{""x"":917,""y"":423,""t"":990},{""x"":913,""y"":423,""t"":1021},{""x"":868,""y"":427,""t"":1072},{""x"":859,""y"":425,""t"":1101},{""x"":906,""y"":457,""t"":1135},{""x"":979,""y"":531,""t"":1165},{""x"":984,""y"":601,""t"":1194},{""x"":994,""y"":662,""t"":1232},{""x"":1019,""y"":700,""t"":1270},{""x"":1039,""y"":728,""t"":1298},{""x"":1054,""y"":718,""t"":1331},{""x"":1033,""y"":743,""t"":1364},{""x"":998,""y"":792,""t"":1397},{""x"":1010,""y"":818,""t"":1433},{""x"":1048,""y"":848,""t"":1470},{""x"":1133,""y"":858,""t"":1507},{""x"":1191,""y"":868,""t"":1541},{""x"":1239,""y"":886,""t"":1577},{""x"":1267,""y"":894,""t"":1602},{""x"":1277,""y"":901,""t"":1638},{""x"":1321,""y"":905,""t"":1678},{""x"":1327,""y"":898,""t"":1711},{""x"":1379,""y"":868,""t"":1745},{""x"":1414,""y"":834,""t"":1774},{""x"":1430,""y"":808,""t"":1804},{""x"":1381,""y"":816,""t"":1848},{""x"":1329,""y"":815,""t"":1878},{""x"":1200,""y"":727,""t"":1919},{""x"":1110,""y"":651,""t"":1947}]","[{""x"":250,""y"":425,""width"":80,""height"":80,""top"":385,""right"":290,""bottom"":465,""left"":210},{""x"":400,""y"":165.1923788646684,""width"":80,""height"":80,""top"":125.1923788646684,""right"":440,""bottom"":205.1923788646684,""left"":360},{""x"":700,""y"":165.1923788646684,""width"":80,""height"":80,""top"":125.1923788646684,""right"":740,""bottom"":205.1923788646684,""left"":660},{""x"":850,""y"":425,""width"":80,""height"":80,""top"":385,""right"":890,""bottom"":465,""left"":810},{""x"":700,""y"":684.8076211353316,""width"":80,""height"":80,""top"":644.8076211353316,""right"":740,""bottom"":724.8076211353316,""left"":660},{""x"":400,""y"":684.8076211353316,""width"":80,""height"":80,""top"":644.8076211353316,""right"":440,""bottom"":724.8076211353316,""left"":360}]","{""#container"":{""x"":266.42919921875,""y"":48.58407211303711,""width"":1099.9910888671875,""height"":849.9955444335938,""top"":48.58407211303711,""right"":1366.4202880859375,""bottom"":898.5796165466309,""left"":266.42919921875}}","[{'cyan': 0}, {'blue': 0}, {'red': 0}, {'yellow': 7}, {'purple': 17}, {'green': 0}]",,purple
463,,,,773.0,9.0,9.0,"[""blue"",""red"",""yellow"",""green"",""cyan"",""purple""]",yellow_1,True,"[{""x"":1014,""y"":562,""t"":2},{""x"":1017,""y"":542,""t"":53},{""x"":990,""y"":530,""t"":82},{""x"":957,""y"":542,""t"":114},{""x"":923,""y"":558,""t"":150},{""x"":896,""y"":574,""t"":172},{""x"":888,""y"":577,""t"":207},{""x"":939,""y"":579,""t"":243},{""x"":919,""y"":599,""t"":275},{""x"":926,""y"":582,""t"":309},{""x"":899,""y"":598,""t"":343},{""x"":907,""y"":607,""t"":378},{""x"":890,""y"":607,""t"":410},{""x"":854,""y"":576,""t"":448},{""x"":835,""y"":570,""t"":484},{""x"":848,""y"":585,""t"":517},{""x"":866,""y"":598,""t"":551},{""x"":863,""y"":608,""t"":582},{""x"":841,""y"":578,""t"":619},{""x"":865,""y"":588,""t"":653},{""x"":942,""y"":582,""t"":695},{""x"":955,""y"":573,""t"":719},{""x"":1009,""y"":576,""t"":753},{""x"":1047,""y"":561,""t"":788},{""x"":1053,""y"":563,""t"":819},{""x"":1060,""y"":560,""t"":862},{""x"":1091,""y"":562,""t"":886},{""x"":1065,""y"":572,""t"":923},{""x"":1054,""y"":582,""t"":954},{""x"":1009,""y"":594,""t"":988},{""x"":991,""y"":608,""t"":1034},{""x"":975,""y"":619,""t"":1057},{""x"":941,""y"":594,""t"":1098},{""x"":935,""y"":604,""t"":1132},{""x"":927,""y"":608,""t"":1162},{""x"":888,""y"":617,""t"":1192},{""x"":837,""y"":647,""t"":1227},{""x"":843,""y"":644,""t"":1271},{""x"":803,""y"":630,""t"":1305},{""x"":830,""y"":627,""t"":1335},{""x"":783,""y"":625,""t"":1369},{""x"":748,""y"":653,""t"":1400},{""x"":744,""y"":673,""t"":1433},{""x"":702,""y"":637,""t"":1464},{""x"":721,""y"":621,""t"":1498},{""x"":763,""y"":592,""t"":1539},{""x"":754,""y"":558,""t"":1577},{""x"":819,""y"":543,""t"":1600},{""x"":857,""y"":524,""t"":1634},{""x"":891,""y"":517,""t"":1683},{""x"":908,""y"":518,""t"":1705},{""x"":891,""y"":524,""t"":1736},{""x"":927,""y"":545,""t"":1773},{""x"":951,""y"":549,""t"":1814},{""x"":977,""y"":538,""t"":1850},{""x"":994,""y"":515,""t"":1871},{""x"":984,""y"":546,""t"":1908},{""x"":1025,""y"":536,""t"":1942},{""x"":1003,""y"":546,""t"":1976}]","[{""x"":250,""y"":425,""width"":80,""height"":80,""top"":385,""right"":290,""bottom"":465,""left"":210},{""x"":400,""y"":165.1923788646684,""width"":80,""height"":80,""top"":125.1923788646684,""right"":440,""bottom"":205.1923788646684,""left"":360},{""x"":700,""y"":165.1923788646684,""width"":80,""height"":80,""top"":125.1923788646684,""right"":740,""bottom"":205.1923788646684,""left"":660},{""x"":850,""y"":425,""width"":80,""height"":80,""top"":385,""right"":890,""bottom"":465,""left"":810},{""x"":700,""y"":684.8076211353316,""width"":80,""height"":80,""top"":644.8076211353316,""right"":740,""bottom"":724.8076211353316,""left"":660},{""x"":400,""y"":684.8076211353316,""width"":80,""height"":80,""top"":644.8076211353316,""right"":440,""bottom"":724.8076211353316,""left"":360}]","{""#container"":{""x"":266.42919921875,""y"":48.58407211303711,""width"":1099.9910888671875,""height"":849.9955444335938,""top"":48.58407211303711,""right"":1366.4202880859375,""bottom"":898.5796165466309,""left"":266.42919921875}}","[{'blue': 0}, {'red': 0}, {'yellow': 0}, {'green': 13}, {'cyan': 10}, {'purple': 4}]",,green
464,,,,538.0,9.0,9.0,"[""yellow"",""cyan"",""blue"",""purple"",""red"",""green""]",blue,True,"[{""x"":1030,""y"":579,""t"":46},{""x"":1052,""y"":607,""t"":74},{""x"":1050,""y"":610,""t"":110},{""x"":1020,""y"":649,""t"":139},{""x"":1007,""y"":624,""t"":172},{""x"":997,""y"":651,""t"":206},{""x"":1015,""y"":710,""t"":241},{""x"":1050,""y"":758,""t"":274},{""x"":1096,""y"":798,""t"":309},{""x"":1041,""y"":810,""t"":343},{""x"":962,""y"":781,""t"":376},{""x"":919,""y"":759,""t"":425},{""x"":872,""y"":739,""t"":447},{""x"":807,""y"":713,""t"":478},{""x"":879,""y"":675,""t"":519},{""x"":867,""y"":652,""t"":550},{""x"":852,""y"":644,""t"":584},{""x"":879,""y"":626,""t"":614},{""x"":928,""y"":572,""t"":660},{""x"":956,""y"":519,""t"":681},{""x"":960,""y"":474,""t"":724},{""x"":958,""y"":452,""t"":758},{""x"":957,""y"":427,""t"":788},{""x"":956,""y"":424,""t"":818},{""x"":936,""y"":440,""t"":866},{""x"":931,""y"":479,""t"":897},{""x"":886,""y"":530,""t"":931},{""x"":846,""y"":571,""t"":960},{""x"":823,""y"":611,""t"":994},{""x"":805,""y"":637,""t"":1028},{""x"":833,""y"":672,""t"":1061},{""x"":859,""y"":700,""t"":1093},{""x"":947,""y"":699,""t"":1124},{""x"":955,""y"":667,""t"":1166},{""x"":968,""y"":642,""t"":1201},{""x"":942,""y"":632,""t"":1229},{""x"":937,""y"":607,""t"":1264},{""x"":948,""y"":586,""t"":1295},{""x"":960,""y"":554,""t"":1340},{""x"":937,""y"":551,""t"":1373},{""x"":914,""y"":544,""t"":1403},{""x"":893,""y"":548,""t"":1436},{""x"":890,""y"":560,""t"":1471},{""x"":901,""y"":557,""t"":1507},{""x"":855,""y"":576,""t"":1539},{""x"":830,""y"":580,""t"":1573},{""x"":832,""y"":588,""t"":1601},{""x"":854,""y"":601,""t"":1634},{""x"":847,""y"":631,""t"":1668},{""x"":828,""y"":659,""t"":1702},{""x"":795,""y"":653,""t"":1750},{""x"":822,""y"":638,""t"":1772},{""x"":770,""y"":642,""t"":1813},{""x"":772,""y"":624,""t"":1847},{""x"":802,""y"":633,""t"":1877},{""x"":827,""y"":640,""t"":1911},{""x"":866,""y"":637,""t"":1941},{""x"":896,""y"":633,""t"":1974}]","[{""x"":250,""y"":425,""width"":80,""height"":80,""top"":385,""right"":290,""bottom"":465,""left"":210},{""x"":400,""y"":165.1923788646684,""width"":80,""height"":80,""top"":125.1923788646684,""right"":440,""bottom"":205.1923788646684,""left"":360},{""x"":700,""y"":165.1923788646684,""width"":80,""height"":80,""top"":125.1923788646684,""right"":740,""bottom"":205.1923788646684,""left"":660},{""x"":850,""y"":425,""width"":80,""height"":80,""top"":385,""right"":890,""bottom"":465,""left"":810},{""x"":700,""y"":684.8076211353316,""width"":80,""height"":80,""top"":644.8076211353316,""right"":740,""bottom"":724.8076211353316,""left"":660},{""x"":400,""y"":684.8076211353316,""width"":80,""height"":80,""top"":644.8076211353316,""right"":440,""bottom"":724.8076211353316,""left"":360}]","{""#container"":{""x"":266.42919921875,""y"":48.58407211303711,""width"":1099.9910888671875,""height"":849.9955444335938,""top"":48.58407211303711,""right"":1366.4202880859375,""bottom"":898.5796165466309,""left"":266.42919921875}}","[{'yellow': 0}, {'cyan': 0}, {'blue': 0}, {'purple': 2}, {'red': 25}, {'green': 2}]",,red
465,,,,596.0,4.0,4.0,"[""purple"",""cyan"",""yellow"",""blue"",""red"",""green""]",purple_1,True,"[{""x"":955,""y"":608,""t"":2},{""x"":1038,""y"":598,""t"":41},{""x"":1113,""y"":598,""t"":75},{""x"":1102,""y"":579,""t"":107},{""x"":1129,""y"":560,""t"":140},{""x"":1073,""y"":558,""t"":174},{""x"":1023,""y"":566,""t"":207},{""x"":1050,""y"":572,""t"":240},{""x"":1009,""y"":570,""t"":274},{""x"":978,""y"":581,""t"":309},{""x"":940,""y"":581,""t"":346},{""x"":967,""y"":589,""t"":383},{""x"":964,""y"":620,""t"":412},{""x"":1014,""y"":608,""t"":446},{""x"":990,""y"":611,""t"":489},{""x"":1024,""y"":624,""t"":515},{""x"":1051,""y"":620,""t"":559},{""x"":1053,""y"":600,""t"":586},{""x"":1056,""y"":568,""t"":618},{""x"":1037,""y"":537,""t"":648},{""x"":1036,""y"":514,""t"":683},{""x"":1009,""y"":520,""t"":726},{""x"":1004,""y"":560,""t"":761},{""x"":990,""y"":599,""t"":785},{""x"":951,""y"":635,""t"":826},{""x"":945,""y"":665,""t"":861},{""x"":959,""y"":689,""t"":893},{""x"":940,""y"":722,""t"":930},{""x"":926,""y"":740,""t"":965},{""x"":947,""y"":763,""t"":1000},{""x"":972,""y"":760,""t"":1031},{""x"":990,""y"":745,""t"":1064},{""x"":986,""y"":770,""t"":1105},{""x"":983,""y"":790,""t"":1131},{""x"":989,""y"":756,""t"":1172},{""x"":967,""y"":752,""t"":1199},{""x"":946,""y"":749,""t"":1234},{""x"":939,""y"":763,""t"":1272},{""x"":942,""y"":727,""t"":1299},{""x"":957,""y"":729,""t"":1334},{""x"":1029,""y"":756,""t"":1370},{""x"":1064,""y"":746,""t"":1405},{""x"":1086,""y"":740,""t"":1437},{""x"":1111,""y"":717,""t"":1472},{""x"":1101,""y"":735,""t"":1505},{""x"":1142,""y"":718,""t"":1540},{""x"":1135,""y"":723,""t"":1576},{""x"":1076,""y"":684,""t"":1612},{""x"":1089,""y"":672,""t"":1646},{""x"":1076,""y"":688,""t"":1677},{""x"":1107,""y"":699,""t"":1714},{""x"":1100,""y"":734,""t"":1741},{""x"":1119,""y"":748,""t"":1782},{""x"":1145,""y"":757,""t"":1805},{""x"":1159,""y"":754,""t"":1839},{""x"":1181,""y"":744,""t"":1873},{""x"":1191,""y"":737,""t"":1908},{""x"":1194,""y"":778,""t"":1943},{""x"":1182,""y"":799,""t"":1978}]","[{""x"":250,""y"":425,""width"":80,""height"":80,""top"":385,""right"":290,""bottom"":465,""left"":210},{""x"":400,""y"":165.1923788646684,""width"":80,""height"":80,""top"":125.1923788646684,""right"":440,""bottom"":205.1923788646684,""left"":360},{""x"":700,""y"":165.1923788646684,""width"":80,""height"":80,""top"":125.1923788646684,""right"":740,""bottom"":205.1923788646684,""left"":660},{""x"":850,""y"":425,""width"":80,""height"":80,""top"":385,""right"":890,""bottom"":465,""left"":810},{""x"":700,""y"":684.8076211353316,""width"":80,""height"":80,""top"":644.8076211353316,""right"":740,""bottom"":724.8076211353316,""left"":660},{""x"":400,""y"":684.8076211353316,""width"":80,""height"":80,""top"":644.8076211353316,""right"":440,""bottom"":724.8076211353316,""left"":360}]","{""#container"":{""x"":266.42919921875,""y"":48.58407211303711,""width"":1099.9910888671875,""height"":849.9955444335938,""top"":48.58407211303711,""right"":1366.4202880859375,""bottom"":898.5796165466309,""left"":266.42919921875}}","[{'purple': 0}, {'cyan': 0}, {'yellow': 0}, {'blue': 14}, {'red': 34}, {'green': 0}]",,red
466,,,,676.0,1.0,1.0,"[""purple"",""yellow"",""green"",""cyan"",""blue"",""red""]",red,True,"[{""x"":1181,""y"":759,""t"":2},{""x"":1157,""y"":715,""t"":42},{""x"":1133,""y"":702,""t"":77},{""x"":1109,""y"":685,""t"":108},{""x"":1060,""y"":649,""t"":139},{""x"":1073,""y"":649,""t"":177},{""x"":1063,""y"":649,""t"":210},{""x"":1051,""y"":644,""t"":241},{""x"":1019,""y"":634,""t"":274},{""x"":1023,""y"":643,""t"":308},{""x"":1031,""y"":655,""t"":342},{""x"":1014,""y"":645,""t"":377},{""x"":1022,""y"":656,""t"":415},{""x"":965,""y"":668,""t"":455},{""x"":923,""y"":681,""t"":484},{""x"":921,""y"":724,""t"":527},{""x"":903,""y"":760,""t"":549},{""x"":923,""y"":770,""t"":582},{""x"":928,""y"":803,""t"":614},{""x"":946,""y"":814,""t"":657},{""x"":965,""y"":834,""t"":690},{""x"":1001,""y"":834,""t"":727},{""x"":1010,""y"":828,""t"":757},{""x"":1021,""y"":826,""t"":792},{""x"":1012,""y"":827,""t"":830},{""x"":1010,""y"":830,""t"":854},{""x"":1003,""y"":831,""t"":889},{""x"":982,""y"":825,""t"":924},{""x"":952,""y"":830,""t"":960},{""x"":979,""y"":841,""t"":991},{""x"":1002,""y"":843,""t"":1023},{""x"":1037,""y"":791,""t"":1069},{""x"":1115,""y"":727,""t"":1098},{""x"":1158,""y"":672,""t"":1126},{""x"":1180,""y"":646,""t"":1160},{""x"":1199,""y"":608,""t"":1193},{""x"":1212,""y"":578,""t"":1226},{""x"":1235,""y"":542,""t"":1275},{""x"":1258,""y"":516,""t"":1297},{""x"":1264,""y"":499,""t"":1328},{""x"":1217,""y"":530,""t"":1370},{""x"":1206,""y"":541,""t"":1405},{""x"":1137,""y"":549,""t"":1429},{""x"":1104,""y"":537,""t"":1468},{""x"":1113,""y"":541,""t"":1507},{""x"":1067,""y"":558,""t"":1539},{""x"":1030,""y"":545,""t"":1574},{""x"":1016,""y"":563,""t"":1607},{""x"":1007,""y"":580,""t"":1633},{""x"":1005,""y"":595,""t"":1678},{""x"":1009,""y"":605,""t"":1702},{""x"":970,""y"":620,""t"":1740},{""x"":981,""y"":625,""t"":1772},{""x"":1000,""y"":637,""t"":1805},{""x"":1025,""y"":651,""t"":1838},{""x"":1043,""y"":644,""t"":1876},{""x"":1079,""y"":644,""t"":1910},{""x"":1049,""y"":671,""t"":1944},{""x"":1057,""y"":686,""t"":1980}]","[{""x"":250,""y"":425,""width"":80,""height"":80,""top"":385,""right"":290,""bottom"":465,""left"":210},{""x"":400,""y"":165.1923788646684,""width"":80,""height"":80,""top"":125.1923788646684,""right"":440,""bottom"":205.1923788646684,""left"":360},{""x"":700,""y"":165.1923788646684,""width"":80,""height"":80,""top"":125.1923788646684,""right"":740,""bottom"":205.1923788646684,""left"":660},{""x"":850,""y"":425,""width"":80,""height"":80,""top"":385,""right"":890,""bottom"":465,""left"":810},{""x"":700,""y"":684.8076211353316,""width"":80,""height"":80,""top"":644.8076211353316,""right"":740,""bottom"":724.8076211353316,""left"":660},{""x"":400,""y"":684.8076211353316,""width"":80,""height"":80,""top"":644.8076211353316,""right"":440,""bottom"":724.8076211353316,""left"":360}]","{""#container"":{""x"":266.42919921875,""y"":48.58407211303711,""width"":1099.9910888671875,""height"":849.9955444335938,""top"":48.58407211303711,""right"":1366.4202880859375,""bottom"":898.5796165466309,""left"":266.42919921875}}","[{'purple': 0}, {'yellow': 0}, {'green': 0}, {'cyan': 12}, {'blue': 39}, {'red': 0}]",,blue
467,,,,1171.0,3.0,3.0,"[""cyan"",""blue"",""purple"",""yellow"",""green"",""red""]",green,True,"[{""x"":1081,""y"":669,""t"":1},{""x"":1100,""y"":654,""t"":43},{""x"":1080,""y"":628,""t"":76},{""x"":1060,""y"":616,""t"":111},{""x"":999,""y"":614,""t"":145},{""x"":969,""y"":626,""t"":180},{""x"":929,""y"":625,""t"":210},{""x"":904,""y"":632,""t"":242},{""x"":943,""y"":609,""t"":278},{""x"":967,""y"":619,""t"":308},{""x"":970,""y"":615,""t"":344},{""x"":994,""y"":618,""t"":379},{""x"":972,""y"":607,""t"":415},{""x"":977,""y"":578,""t"":453},{""x"":931,""y"":540,""t"":491},{""x"":907,""y"":525,""t"":518},{""x"":871,""y"":507,""t"":556},{""x"":857,""y"":486,""t"":587},{""x"":847,""y"":466,""t"":619},{""x"":840,""y"":454,""t"":647},{""x"":818,""y"":437,""t"":688},{""x"":776,""y"":426,""t"":722},{""x"":758,""y"":428,""t"":756},{""x"":732,""y"":416,""t"":784},{""x"":745,""y"":411,""t"":831},{""x"":786,""y"":429,""t"":860},{""x"":826,""y"":481,""t"":893},{""x"":848,""y"":561,""t"":927},{""x"":864,""y"":603,""t"":957},{""x"":904,""y"":645,""t"":988},{""x"":914,""y"":682,""t"":1022},{""x"":940,""y"":713,""t"":1055},{""x"":957,""y"":728,""t"":1093},{""x"":968,""y"":763,""t"":1125},{""x"":971,""y"":762,""t"":1162},{""x"":993,""y"":752,""t"":1195},{""x"":1025,""y"":694,""t"":1228},{""x"":1082,""y"":653,""t"":1264},{""x"":1083,""y"":624,""t"":1297},{""x"":1081,""y"":603,""t"":1329},{""x"":1115,""y"":598,""t"":1366},{""x"":1132,""y"":592,""t"":1399},{""x"":1113,""y"":586,""t"":1432},{""x"":1134,""y"":573,""t"":1465},{""x"":1107,""y"":567,""t"":1500},{""x"":1107,""y"":554,""t"":1535},{""x"":1105,""y"":565,""t"":1565},{""x"":1133,""y"":578,""t"":1608},{""x"":1129,""y"":586,""t"":1648},{""x"":1087,""y"":594,""t"":1675},{""x"":1091,""y"":603,""t"":1718},{""x"":1099,""y"":612,""t"":1742},{""x"":1119,""y"":621,""t"":1776},{""x"":1138,""y"":635,""t"":1812},{""x"":1132,""y"":626,""t"":1846},{""x"":1161,""y"":619,""t"":1872},{""x"":1163,""y"":614,""t"":1908},{""x"":1157,""y"":590,""t"":1946},{""x"":1132,""y"":561,""t"":1982}]","[{""x"":250,""y"":425,""width"":80,""height"":80,""top"":385,""right"":290,""bottom"":465,""left"":210},{""x"":400,""y"":165.1923788646684,""width"":80,""height"":80,""top"":125.1923788646684,""right"":440,""bottom"":205.1923788646684,""left"":360},{""x"":700,""y"":165.1923788646684,""width"":80,""height"":80,""top"":125.1923788646684,""right"":740,""bottom"":205.1923788646684,""left"":660},{""x"":850,""y"":425,""width"":80,""height"":80,""top"":385,""right"":890,""bottom"":465,""left"":810},{""x"":700,""y"":684.8076211353316,""width"":80,""height"":80,""top"":644.8076211353316,""right"":740,""bottom"":724.8076211353316,""left"":660},{""x"":400,""y"":684.8076211353316,""width"":80,""height"":80,""top"":644.8076211353316,""right"":440,""bottom"":724.8076211353316,""left"":360}]","{""#container"":{""x"":266.42919921875,""y"":48.58407211303711,""width"":1099.9910888671875,""height"":849.9955444335938,""top"":48.58407211303711,""right"":1366.4202880859375,""bottom"":898.5796165466309,""left"":266.42919921875}}","[{'cyan': 0}, {'blue': 0}, {'purple': 0}, {'yellow': 17}, {'green': 19}, {'red': 0}]",{'green': 19},green
468,,,,754.0,7.0,6.0,"[""red"",""purple"",""green"",""cyan"",""yellow"",""blue""]",cyan,False,"[{""x"":1119,""y"":591,""t"":52},{""x"":1109,""y"":579,""t"":101},{""x"":1095,""y"":579,""t"":126},{""x"":1085,""y"":604,""t"":151},{""x"":1069,""y"":603,""t"":185},{""x"":1067,""y"":599,""t"":215},{""x"":1067,""y"":595,""t"":244},{""x"":1056,""y"":590,""t"":276},{""x"":1008,""y"":618,""t"":308},{""x"":971,""y"":630,""t"":344},{""x"":966,""y"":640,""t"":377},{""x"":947,""y"":649,""t"":419},{""x"":981,""y"":653,""t"":454},{""x"":1012,""y"":656,""t"":484},{""x"":971,""y"":623,""t"":520},{""x"":991,""y"":604,""t"":553},{""x"":986,""y"":586,""t"":587},{""x"":994,""y"":574,""t"":622},{""x"":926,""y"":590,""t"":657},{""x"":910,""y"":608,""t"":691},{""x"":884,""y"":605,""t"":724},{""x"":931,""y"":620,""t"":753},{""x"":930,""y"":613,""t"":788},{""x"":863,""y"":612,""t"":824},{""x"":830,""y"":623,""t"":860},{""x"":784,""y"":648,""t"":892},{""x"":751,""y"":647,""t"":925},{""x"":730,""y"":655,""t"":956},{""x"":749,""y"":684,""t"":988},{""x"":767,""y"":708,""t"":1021},{""x"":824,""y"":729,""t"":1067},{""x"":876,""y"":731,""t"":1097},{""x"":889,""y"":763,""t"":1131},{""x"":936,""y"":758,""t"":1166},{""x"":976,""y"":758,""t"":1199},{""x"":1010,""y"":767,""t"":1234},{""x"":1065,""y"":753,""t"":1269},{""x"":1094,""y"":700,""t"":1302},{""x"":1108,""y"":667,""t"":1336},{""x"":1104,""y"":649,""t"":1366},{""x"":1091,""y"":623,""t"":1395},{""x"":1102,""y"":606,""t"":1444},{""x"":1135,""y"":579,""t"":1473},{""x"":1090,""y"":547,""t"":1507},{""x"":1099,""y"":526,""t"":1543},{""x"":1044,""y"":493,""t"":1577},{""x"":1047,""y"":477,""t"":1611},{""x"":1026,""y"":439,""t"":1643},{""x"":1010,""y"":415,""t"":1675},{""x"":1061,""y"":432,""t"":1713},{""x"":1022,""y"":431,""t"":1736},{""x"":1001,""y"":425,""t"":1775},{""x"":1002,""y"":432,""t"":1812},{""x"":953,""y"":437,""t"":1848},{""x"":910,""y"":448,""t"":1884},{""x"":860,""y"":443,""t"":1913},{""x"":817,""y"":443,""t"":1949}]","[{""x"":250,""y"":425,""width"":80,""height"":80,""top"":385,""right"":290,""bottom"":465,""left"":210},{""x"":400,""y"":165.1923788646684,""width"":80,""height"":80,""top"":125.1923788646684,""right"":440,""bottom"":205.1923788646684,""left"":360},{""x"":700,""y"":165.1923788646684,""width"":80,""height"":80,""top"":125.1923788646684,""right"":740,""bottom"":205.1923788646684,""left"":660},{""x"":850,""y"":425,""width"":80,""height"":80,""top"":385,""right"":890,""bottom"":465,""left"":810},{""x"":700,""y"":684.8076211353316,""width"":80,""height"":80,""top"":644.8076211353316,""right"":740,""bottom"":724.8076211353316,""left"":660},{""x"":400,""y"":684.8076211353316,""width"":80,""height"":80,""top"":644.8076211353316,""right"":440,""bottom"":724.8076211353316,""left"":360}]","{""#container"":{""x"":266.42919921875,""y"":48.58407211303711,""width"":1099.9910888671875,""height"":849.9955444335938,""top"":48.58407211303711,""right"":1366.4202880859375,""bottom"":898.5796165466309,""left"":266.42919921875}}","[{'red': 0}, {'purple': 0}, {'green': 0}, {'cyan': 20}, {'yellow': 21}, {'blue': 5}]",{'cyan': 20},yellow
469,,,,819.0,6.0,6.0,"[""cyan"",""green"",""yellow"",""red"",""purple"",""blue""]",red_1,True,"[{""x"":791,""y"":452,""t"":2},{""x"":781,""y"":497,""t"":51},{""x"":763,""y"":521,""t"":78},{""x"":750,""y"":546,""t"":115},{""x"":781,""y"":526,""t"":148},{""x"":821,""y"":516,""t"":181},{""x"":834,""y"":497,""t"":215},{""x"":839,""y"":491,""t"":243},{""x"":833,""y"":539,""t"":277},{""x"":857,""y"":550,""t"":308},{""x"":834,""y"":587,""t"":343},{""x"":818,""y"":617,""t"":389},{""x"":783,""y"":628,""t"":416},{""x"":744,""y"":630,""t"":445},{""x"":758,""y"":661,""t"":478},{""x"":752,""y"":656,""t"":515},{""x"":782,""y"":658,""t"":549},{""x"":834,""y"":647,""t"":581},{""x"":849,""y"":609,""t"":617},{""x"":898,""y"":582,""t"":651},{""x"":959,""y"":556,""t"":687},{""x"":1015,""y"":535,""t"":718},{""x"":1006,""y"":500,""t"":752},{""x"":1023,""y"":480,""t"":788},{""x"":1003,""y"":500,""t"":821},{""x"":1050,""y"":493,""t"":852},{""x"":1051,""y"":470,""t"":888},{""x"":1069,""y"":470,""t"":920},{""x"":1086,""y"":477,""t"":959},{""x"":1041,""y"":514,""t"":993},{""x"":1060,""y"":509,""t"":1029},{""x"":1022,""y"":532,""t"":1062},{""x"":977,""y"":550,""t"":1095},{""x"":953,""y"":569,""t"":1127},{""x"":954,""y"":582,""t"":1162},{""x"":956,""y"":591,""t"":1192},{""x"":962,""y"":588,""t"":1226},{""x"":930,""y"":607,""t"":1262},{""x"":906,""y"":626,""t"":1295},{""x"":861,""y"":637,""t"":1328},{""x"":856,""y"":625,""t"":1368},{""x"":847,""y"":620,""t"":1400},{""x"":859,""y"":598,""t"":1435},{""x"":854,""y"":588,""t"":1471},{""x"":810,""y"":592,""t"":1502},{""x"":763,""y"":603,""t"":1533},{""x"":731,""y"":608,""t"":1565},{""x"":727,""y"":610,""t"":1605},{""x"":727,""y"":608,""t"":1635},{""x"":707,""y"":614,""t"":1669},{""x"":699,""y"":618,""t"":1702},{""x"":728,""y"":609,""t"":1749},{""x"":753,""y"":612,""t"":1770},{""x"":814,""y"":611,""t"":1812},{""x"":834,""y"":624,""t"":1852},{""x"":850,""y"":635,""t"":1877},{""x"":858,""y"":645,""t"":1910},{""x"":858,""y"":646,""t"":1945}]","[{""x"":250,""y"":425,""width"":80,""height"":80,""top"":385,""right"":290,""bottom"":465,""left"":210},{""x"":400,""y"":165.1923788646684,""width"":80,""height"":80,""top"":125.1923788646684,""right"":440,""bottom"":205.1923788646684,""left"":360},{""x"":700,""y"":165.1923788646684,""width"":80,""height"":80,""top"":125.1923788646684,""right"":740,""bottom"":205.1923788646684,""left"":660},{""x"":850,""y"":425,""width"":80,""height"":80,""top"":385,""right"":890,""bottom"":465,""left"":810},{""x"":700,""y"":684.8076211353316,""width"":80,""height"":80,""top"":644.8076211353316,""right"":740,""bottom"":724.8076211353316,""left"":660},{""x"":400,""y"":684.8076211353316,""width"":80,""height"":80,""top"":644.8076211353316,""right"":440,""bottom"":724.8076211353316,""left"":360}]","{""#container"":{""x"":266.42919921875,""y"":48.58407211303711,""width"":1099.9910888671875,""height"":849.9955444335938,""top"":48.58407211303711,""right"":1366.4202880859375,""bottom"":898.5796165466309,""left"":266.42919921875}}","[{'cyan': 0}, {'green': 0}, {'yellow': 0}, {'red': 11}, {'purple': 7}, {'blue': 11}]",{'red_1': 11},red_1
470,,,,813.0,1.0,1.0,"[""green"",""blue"",""purple"",""red"",""yellow"",""cyan""]",cyan_1,True,"[{""x"":889,""y"":619,""t"":2},{""x"":900,""y"":598,""t"":45},{""x"":881,""y"":611,""t"":83},{""x"":884,""y"":603,""t"":105},{""x"":895,""y"":586,""t"":142},{""x"":875,""y"":603,""t"":173},{""x"":872,""y"":604,""t"":205},{""x"":924,""y"":621,""t"":241},{""x"":940,""y"":635,""t"":273},{""x"":957,""y"":639,""t"":307},{""x"":967,""y"":628,""t"":350},{""x"":967,""y"":620,""t"":382},{""x"":957,""y"":617,""t"":412},{""x"":993,""y"":593,""t"":444},{""x"":1025,""y"":584,""t"":491},{""x"":999,""y"":581,""t"":511},{""x"":1021,""y"":570,""t"":554},{""x"":1038,""y"":560,""t"":581},{""x"":1062,""y"":563,""t"":619},{""x"":1058,""y"":562,""t"":654},{""x"":1038,""y"":562,""t"":689},{""x"":1008,""y"":568,""t"":721},{""x"":961,""y"":573,""t"":750},{""x"":911,""y"":592,""t"":791},{""x"":900,""y"":573,""t"":828},{""x"":926,""y"":564,""t"":857},{""x"":899,""y"":543,""t"":905},{""x"":845,""y"":574,""t"":925},{""x"":821,""y"":575,""t"":958},{""x"":818,""y"":557,""t"":992},{""x"":854,""y"":560,""t"":1022},{""x"":866,""y"":561,""t"":1071},{""x"":857,""y"":541,""t"":1099},{""x"":895,""y"":542,""t"":1130},{""x"":935,""y"":558,""t"":1163},{""x"":967,""y"":571,""t"":1195},{""x"":930,""y"":577,""t"":1229},{""x"":891,""y"":574,""t"":1269},{""x"":883,""y"":576,""t"":1295},{""x"":856,""y"":575,""t"":1331},{""x"":779,""y"":590,""t"":1366},{""x"":733,""y"":606,""t"":1400},{""x"":759,""y"":610,""t"":1432},{""x"":752,""y"":625,""t"":1463},{""x"":757,""y"":646,""t"":1514},{""x"":748,""y"":670,""t"":1534},{""x"":768,""y"":677,""t"":1565},{""x"":795,""y"":688,""t"":1607},{""x"":795,""y"":710,""t"":1638},{""x"":822,""y"":709,""t"":1670},{""x"":806,""y"":719,""t"":1703},{""x"":786,""y"":721,""t"":1748},{""x"":793,""y"":723,""t"":1779},{""x"":794,""y"":731,""t"":1807},{""x"":780,""y"":735,""t"":1838},{""x"":768,""y"":737,""t"":1872},{""x"":741,""y"":722,""t"":1921},{""x"":730,""y"":707,""t"":1948}]","[{""x"":250,""y"":425,""width"":80,""height"":80,""top"":385,""right"":290,""bottom"":465,""left"":210},{""x"":400,""y"":165.1923788646684,""width"":80,""height"":80,""top"":125.1923788646684,""right"":440,""bottom"":205.1923788646684,""left"":360},{""x"":700,""y"":165.1923788646684,""width"":80,""height"":80,""top"":125.1923788646684,""right"":740,""bottom"":205.1923788646684,""left"":660},{""x"":850,""y"":425,""width"":80,""height"":80,""top"":385,""right"":890,""bottom"":465,""left"":810},{""x"":700,""y"":684.8076211353316,""width"":80,""height"":80,""top"":644.8076211353316,""right"":740,""bottom"":724.8076211353316,""left"":660},{""x"":400,""y"":684.8076211353316,""width"":80,""height"":80,""top"":644.8076211353316,""right"":440,""bottom"":724.8076211353316,""left"":360}]","{""#container"":{""x"":266.42919921875,""y"":48.58407211303711,""width"":1099.9910888671875,""height"":849.9955444335938,""top"":48.58407211303711,""right"":1366.4202880859375,""bottom"":898.5796165466309,""left"":266.42919921875}}","[{'green': 0}, {'blue': 0}, {'purple': 0}, {'red': 7}, {'yellow': 10}, {'cyan': 15}]",{'cyan_1': 15},cyan_1
471,,,,920.0,3.0,3.0,"[""green"",""cyan"",""yellow"",""red"",""purple"",""blue""]",purple,True,"[{""x"":786,""y"":655,""t"":2},{""x"":841,""y"":603,""t"":44},{""x"":856,""y"":623,""t"":72},{""x"":941,""y"":612,""t"":105},{""x"":966,""y"":616,""t"":138},{""x"":1012,""y"":616,""t"":174},{""x"":1012,""y"":603,""t"":214},{""x"":991,""y"":599,""t"":247},{""x"":1030,""y"":597,""t"":281},{""x"":992,""y"":608,""t"":308},{""x"":971,""y"":583,""t"":352},{""x"":1021,""y"":568,""t"":385},{""x"":1023,""y"":568,""t"":418},{""x"":1045,""y"":552,""t"":444},{""x"":988,""y"":575,""t"":494},{""x"":973,""y"":565,""t"":517},{""x"":968,""y"":568,""t"":552},{""x"":978,""y"":570,""t"":593},{""x"":975,""y"":573,""t"":616},{""x"":894,""y"":609,""t"":665},{""x"":854,""y"":634,""t"":688},{""x"":889,""y"":604,""t"":724},{""x"":856,""y"":578,""t"":758},{""x"":860,""y"":540,""t"":790},{""x"":813,""y"":536,""t"":819},{""x"":793,""y"":559,""t"":852},{""x"":785,""y"":557,""t"":886},{""x"":825,""y"":539,""t"":920},{""x"":813,""y"":523,""t"":959},{""x"":802,""y"":523,""t"":995},{""x"":778,""y"":532,""t"":1031},{""x"":741,""y"":574,""t"":1066},{""x"":721,""y"":597,""t"":1095},{""x"":684,""y"":614,""t"":1129},{""x"":665,""y"":618,""t"":1160},{""x"":673,""y"":623,""t"":1193},{""x"":690,""y"":643,""t"":1226},{""x"":686,""y"":659,""t"":1264},{""x"":711,""y"":674,""t"":1294},{""x"":728,""y"":683,""t"":1344},{""x"":743,""y"":690,""t"":1365},{""x"":753,""y"":712,""t"":1397},{""x"":754,""y"":721,""t"":1433},{""x"":720,""y"":738,""t"":1473},{""x"":733,""y"":725,""t"":1510},{""x"":744,""y"":712,""t"":1533},{""x"":782,""y"":735,""t"":1569},{""x"":816,""y"":746,""t"":1600},{""x"":844,""y"":728,""t"":1643},{""x"":868,""y"":714,""t"":1669},{""x"":901,""y"":693,""t"":1703},{""x"":921,""y"":668,""t"":1735},{""x"":988,""y"":630,""t"":1786},{""x"":995,""y"":634,""t"":1813},{""x"":1056,""y"":606,""t"":1851},{""x"":1076,""y"":599,""t"":1886},{""x"":1114,""y"":584,""t"":1919},{""x"":1142,""y"":573,""t"":1952}]","[{""x"":250,""y"":425,""width"":80,""height"":80,""top"":385,""right"":290,""bottom"":465,""left"":210},{""x"":400,""y"":165.1923788646684,""width"":80,""height"":80,""top"":125.1923788646684,""right"":440,""bottom"":205.1923788646684,""left"":360},{""x"":700,""y"":165.1923788646684,""width"":80,""height"":80,""top"":125.1923788646684,""right"":740,""bottom"":205.1923788646684,""left"":660},{""x"":850,""y"":425,""width"":80,""height"":80,""top"":385,""right"":890,""bottom"":465,""left"":810},{""x"":700,""y"":684.8076211353316,""width"":80,""height"":80,""top"":644.8076211353316,""right"":740,""bottom"":724.8076211353316,""left"":660},{""x"":400,""y"":684.8076211353316,""width"":80,""height"":80,""top"":644.8076211353316,""right"":440,""bottom"":724.8076211353316,""left"":360}]","{""#container"":{""x"":266.42919921875,""y"":48.58407211303711,""width"":1099.9910888671875,""height"":849.9955444335938,""top"":48.58407211303711,""right"":1366.4202880859375,""bottom"":898.5796165466309,""left"":266.42919921875}}","[{'green': 0}, {'cyan': 0}, {'yellow': 0}, {'red': 7}, {'purple': 13}, {'blue': 16}]",{'purple': 13},blue
472,,,,915.0,7.0,3.0,"[""red"",""purple"",""blue"",""green"",""yellow"",""cyan""]",yellow_1,False,"[{""x"":1112,""y"":600,""t"":45},{""x"":1052,""y"":620,""t"":72},{""x"":1027,""y"":607,""t"":107},{""x"":1029,""y"":588,""t"":142},{""x"":1006,""y"":565,""t"":176},{""x"":969,""y"":551,""t"":212},{""x"":973,""y"":553,""t"":249},{""x"":1013,""y"":538,""t"":284},{""x"":1031,""y"":518,""t"":317},{""x"":1010,""y"":521,""t"":355},{""x"":1029,""y"":510,""t"":383},{""x"":1002,""y"":474,""t"":425},{""x"":959,""y"":451,""t"":446},{""x"":886,""y"":436,""t"":483},{""x"":849,""y"":419,""t"":512},{""x"":804,""y"":413,""t"":549},{""x"":761,""y"":400,""t"":580},{""x"":706,""y"":398,""t"":627},{""x"":688,""y"":401,""t"":657},{""x"":681,""y"":402,""t"":689},{""x"":701,""y"":401,""t"":717},{""x"":719,""y"":403,""t"":752},{""x"":751,""y"":407,""t"":785},{""x"":790,""y"":409,""t"":818},{""x"":821,""y"":405,""t"":853},{""x"":849,""y"":408,""t"":886},{""x"":850,""y"":428,""t"":925},{""x"":766,""y"":447,""t"":955},{""x"":742,""y"":461,""t"":989},{""x"":690,""y"":467,""t"":1034},{""x"":646,""y"":456,""t"":1055},{""x"":637,""y"":463,""t"":1098},{""x"":581,""y"":456,""t"":1125},{""x"":586,""y"":447,""t"":1158},{""x"":573,""y"":465,""t"":1193},{""x"":550,""y"":476,""t"":1226},{""x"":551,""y"":486,""t"":1270},{""x"":532,""y"":485,""t"":1300},{""x"":581,""y"":497,""t"":1331},{""x"":572,""y"":491,""t"":1362},{""x"":619,""y"":498,""t"":1397},{""x"":637,""y"":490,""t"":1431},{""x"":702,""y"":474,""t"":1464},{""x"":757,""y"":456,""t"":1508},{""x"":825,""y"":449,""t"":1542},{""x"":899,""y"":445,""t"":1574},{""x"":961,""y"":435,""t"":1609},{""x"":1000,""y"":429,""t"":1646},{""x"":983,""y"":428,""t"":1677},{""x"":990,""y"":429,""t"":1712},{""x"":987,""y"":416,""t"":1749},{""x"":994,""y"":408,""t"":1771},{""x"":1012,""y"":408,""t"":1805},{""x"":1007,""y"":418,""t"":1841},{""x"":989,""y"":417,""t"":1875},{""x"":981,""y"":420,""t"":1909},{""x"":962,""y"":418,""t"":1941},{""x"":968,""y"":424,""t"":1973}]","[{""x"":250,""y"":425,""width"":80,""height"":80,""top"":385,""right"":290,""bottom"":465,""left"":210},{""x"":400,""y"":165.1923788646684,""width"":80,""height"":80,""top"":125.1923788646684,""right"":440,""bottom"":205.1923788646684,""left"":360},{""x"":700,""y"":165.1923788646684,""width"":80,""height"":80,""top"":125.1923788646684,""right"":740,""bottom"":205.1923788646684,""left"":660},{""x"":850,""y"":425,""width"":80,""height"":80,""top"":385,""right"":890,""bottom"":465,""left"":810},{""x"":700,""y"":684.8076211353316,""width"":80,""height"":80,""top"":644.8076211353316,""right"":740,""bottom"":724.8076211353316,""left"":660},{""x"":400,""y"":684.8076211353316,""width"":80,""height"":80,""top"":644.8076211353316,""right"":440,""bottom"":724.8076211353316,""left"":360}]","{""#container"":{""x"":266.42919921875,""y"":48.58407211303711,""width"":1099.9910888671875,""height"":849.9955444335938,""top"":48.58407211303711,""right"":1366.4202880859375,""bottom"":898.5796165466309,""left"":266.42919921875}}","[{'red': 12}, {'purple': 0}, {'blue': 0}, {'green': 17}, {'yellow': 2}, {'cyan': 0}]",{'yellow_1': 2},green
473,,,,570.0,4.0,4.0,"[""yellow"",""red"",""purple"",""blue"",""cyan"",""green""]",yellow,True,"[{""x"":942,""y"":427,""t"":1},{""x"":936,""y"":467,""t"":49},{""x"":931,""y"":500,""t"":71},{""x"":923,""y"":547,""t"":104},{""x"":937,""y"":581,""t"":140},{""x"":949,""y"":591,""t"":174},{""x"":936,""y"":623,""t"":213},{""x"":929,""y"":633,""t"":242},{""x"":946,""y"":646,""t"":289},{""x"":960,""y"":655,""t"":312},{""x"":910,""y"":663,""t"":352},{""x"":855,""y"":661,""t"":377},{""x"":809,""y"":666,""t"":412},{""x"":829,""y"":693,""t"":452},{""x"":769,""y"":707,""t"":482},{""x"":725,""y"":715,""t"":517},{""x"":690,""y"":720,""t"":549},{""x"":699,""y"":712,""t"":582},{""x"":727,""y"":662,""t"":614},{""x"":712,""y"":605,""t"":652},{""x"":704,""y"":561,""t"":688},{""x"":729,""y"":528,""t"":720},{""x"":751,""y"":502,""t"":750},{""x"":819,""y"":488,""t"":785},{""x"":902,""y"":514,""t"":820},{""x"":989,""y"":508,""t"":852},{""x"":1059,""y"":503,""t"":897},{""x"":1074,""y"":528,""t"":921},{""x"":1137,""y"":526,""t"":959},{""x"":1191,""y"":539,""t"":996},{""x"":1222,""y"":569,""t"":1032},{""x"":1246,""y"":566,""t"":1064},{""x"":1279,""y"":560,""t"":1103},{""x"":1296,""y"":571,""t"":1136},{""x"":1254,""y"":632,""t"":1175},{""x"":1187,""y"":674,""t"":1198},{""x"":1183,""y"":715,""t"":1235},{""x"":1136,""y"":721,""t"":1273},{""x"":1107,""y"":770,""t"":1299},{""x"":1068,""y"":773,""t"":1329},{""x"":1047,""y"":797,""t"":1363},{""x"":1007,""y"":798,""t"":1396},{""x"":1002,""y"":800,""t"":1444},{""x"":941,""y"":778,""t"":1476},{""x"":905,""y"":795,""t"":1505},{""x"":866,""y"":767,""t"":1536},{""x"":849,""y"":764,""t"":1568},{""x"":811,""y"":727,""t"":1601},{""x"":850,""y"":668,""t"":1636},{""x"":822,""y"":598,""t"":1671},{""x"":830,""y"":556,""t"":1702},{""x"":789,""y"":529,""t"":1745},{""x"":840,""y"":499,""t"":1779},{""x"":853,""y"":476,""t"":1809},{""x"":901,""y"":478,""t"":1842},{""x"":924,""y"":476,""t"":1876},{""x"":917,""y"":485,""t"":1906},{""x"":895,""y"":539,""t"":1953},{""x"":837,""y"":576,""t"":1975}]","[{""x"":250,""y"":425,""width"":80,""height"":80,""top"":385,""right"":290,""bottom"":465,""left"":210},{""x"":400,""y"":165.1923788646684,""width"":80,""height"":80,""top"":125.1923788646684,""right"":440,""bottom"":205.1923788646684,""left"":360},{""x"":700,""y"":165.1923788646684,""width"":80,""height"":80,""top"":125.1923788646684,""right"":740,""bottom"":205.1923788646684,""left"":660},{""x"":850,""y"":425,""width"":80,""height"":80,""top"":385,""right"":890,""bottom"":465,""left"":810},{""x"":700,""y"":684.8076211353316,""width"":80,""height"":80,""top"":644.8076211353316,""right"":740,""bottom"":724.8076211353316,""left"":660},{""x"":400,""y"":684.8076211353316,""width"":80,""height"":80,""top"":644.8076211353316,""right"":440,""bottom"":724.8076211353316,""left"":360}]","{""#container"":{""x"":266.42919921875,""y"":48.58407211303711,""width"":1099.9910888671875,""height"":849.9955444335938,""top"":48.58407211303711,""right"":1366.4202880859375,""bottom"":898.5796165466309,""left"":266.42919921875}}","[{'yellow': 0}, {'red': 0}, {'purple': 0}, {'blue': 6}, {'cyan': 18}, {'green': 7}]",,cyan
474,,,,453.0,9.0,9.0,"[""cyan"",""green"",""blue"",""red"",""yellow"",""purple""]",blue_1,True,"[{""x"":881,""y"":578,""t"":3},{""x"":898,""y"":614,""t"":60},{""x"":877,""y"":623,""t"":88},{""x"":913,""y"":651,""t"":117},{""x"":925,""y"":667,""t"":149},{""x"":935,""y"":679,""t"":172},{""x"":961,""y"":699,""t"":208},{""x"":991,""y"":689,""t"":240},{""x"":996,""y"":684,""t"":280},{""x"":1004,""y"":698,""t"":318},{""x"":993,""y"":703,""t"":347},{""x"":991,""y"":719,""t"":376},{""x"":994,""y"":740,""t"":418},{""x"":1001,""y"":749,""t"":450},{""x"":987,""y"":739,""t"":480},{""x"":1016,""y"":696,""t"":513},{""x"":1045,""y"":642,""t"":559},{""x"":1069,""y"":595,""t"":583},{""x"":1035,""y"":571,""t"":619},{""x"":976,""y"":560,""t"":652},{""x"":965,""y"":536,""t"":691},{""x"":956,""y"":517,""t"":717},{""x"":1018,""y"":498,""t"":749},{""x"":1041,""y"":503,""t"":796},{""x"":1045,""y"":495,""t"":824},{""x"":1067,""y"":497,""t"":856},{""x"":1088,""y"":491,""t"":889},{""x"":1080,""y"":487,""t"":921},{""x"":1080,""y"":465,""t"":953},{""x"":1028,""y"":435,""t"":1001},{""x"":983,""y"":411,""t"":1030},{""x"":991,""y"":415,""t"":1070},{""x"":1034,""y"":435,""t"":1096},{""x"":1016,""y"":430,""t"":1141},{""x"":1043,""y"":451,""t"":1166},{""x"":1000,""y"":476,""t"":1206},{""x"":954,""y"":491,""t"":1229},{""x"":904,""y"":501,""t"":1260},{""x"":859,""y"":501,""t"":1298},{""x"":866,""y"":498,""t"":1329},{""x"":884,""y"":488,""t"":1365},{""x"":863,""y"":511,""t"":1405},{""x"":795,""y"":528,""t"":1437},{""x"":790,""y"":526,""t"":1471},{""x"":829,""y"":527,""t"":1507},{""x"":909,""y"":532,""t"":1536},{""x"":954,""y"":550,""t"":1566},{""x"":966,""y"":536,""t"":1611},{""x"":983,""y"":507,""t"":1635},{""x"":972,""y"":502,""t"":1672},{""x"":962,""y"":478,""t"":1713},{""x"":954,""y"":459,""t"":1739},{""x"":943,""y"":434,""t"":1773},{""x"":937,""y"":420,""t"":1803},{""x"":933,""y"":413,""t"":1846},{""x"":950,""y"":407,""t"":1877},{""x"":964,""y"":405,""t"":1908},{""x"":969,""y"":401,""t"":1943}]","[{""x"":250,""y"":425,""width"":80,""height"":80,""top"":385,""right"":290,""bottom"":465,""left"":210},{""x"":400,""y"":165.1923788646684,""width"":80,""height"":80,""top"":125.1923788646684,""right"":440,""bottom"":205.1923788646684,""left"":360},{""x"":700,""y"":165.1923788646684,""width"":80,""height"":80,""top"":125.1923788646684,""right"":740,""bottom"":205.1923788646684,""left"":660},{""x"":850,""y"":425,""width"":80,""height"":80,""top"":385,""right"":890,""bottom"":465,""left"":810},{""x"":700,""y"":684.8076211353316,""width"":80,""height"":80,""top"":644.8076211353316,""right"":740,""bottom"":724.8076211353316,""left"":660},{""x"":400,""y"":684.8076211353316,""width"":80,""height"":80,""top"":644.8076211353316,""right"":440,""bottom"":724.8076211353316,""left"":360}]","{""#container"":{""x"":266.42919921875,""y"":48.58407211303711,""width"":1099.9910888671875,""height"":849.9955444335938,""top"":48.58407211303711,""right"":1366.4202880859375,""bottom"":898.5796165466309,""left"":266.42919921875}}","[{'cyan': 0}, {'green': 0}, {'blue': 0}, {'red': 18}, {'yellow': 16}, {'purple': 0}]",,red
475,,,,704.0,4.0,4.0,"[""blue"",""red"",""green"",""cyan"",""purple"",""yellow""]",blue,True,"[{""x"":1017,""y"":443,""t"":34},{""x"":1057,""y"":492,""t"":66},{""x"":1091,""y"":534,""t"":92},{""x"":1118,""y"":569,""t"":116},{""x"":1115,""y"":601,""t"":150},{""x"":1144,""y"":609,""t"":181},{""x"":1189,""y"":623,""t"":215},{""x"":1188,""y"":621,""t"":249},{""x"":1179,""y"":626,""t"":280},{""x"":1110,""y"":611,""t"":310},{""x"":1128,""y"":607,""t"":342},{""x"":1156,""y"":605,""t"":380},{""x"":1216,""y"":603,""t"":416},{""x"":1217,""y"":594,""t"":452},{""x"":1207,""y"":593,""t"":483},{""x"":1161,""y"":604,""t"":517},{""x"":1113,""y"":626,""t"":550},{""x"":1065,""y"":653,""t"":581},{""x"":968,""y"":650,""t"":621},{""x"":887,""y"":647,""t"":647},{""x"":825,""y"":602,""t"":684},{""x"":779,""y"":565,""t"":717},{""x"":736,""y"":532,""t"":749},{""x"":692,""y"":510,""t"":795},{""x"":666,""y"":486,""t"":829},{""x"":707,""y"":494,""t"":861},{""x"":669,""y"":527,""t"":893},{""x"":689,""y"":555,""t"":924},{""x"":656,""y"":566,""t"":957},{""x"":686,""y"":589,""t"":988},{""x"":672,""y"":597,""t"":1028},{""x"":710,""y"":612,""t"":1060},{""x"":722,""y"":633,""t"":1091},{""x"":824,""y"":676,""t"":1138},{""x"":866,""y"":696,""t"":1158},{""x"":935,""y"":718,""t"":1199},{""x"":980,""y"":734,""t"":1231},{""x"":1014,""y"":745,""t"":1260},{""x"":1022,""y"":745,""t"":1294},{""x"":1044,""y"":745,""t"":1341},{""x"":1059,""y"":706,""t"":1372},{""x"":1080,""y"":641,""t"":1401},{""x"":1071,""y"":590,""t"":1432},{""x"":1055,""y"":554,""t"":1463},{""x"":1056,""y"":513,""t"":1499},{""x"":994,""y"":499,""t"":1533},{""x"":968,""y"":473,""t"":1567},{""x"":971,""y"":467,""t"":1599},{""x"":943,""y"":453,""t"":1642},{""x"":937,""y"":440,""t"":1675},{""x"":915,""y"":431,""t"":1702},{""x"":917,""y"":421,""t"":1752},{""x"":913,""y"":422,""t"":1772},{""x"":912,""y"":411,""t"":1804},{""x"":891,""y"":408,""t"":1846},{""x"":863,""y"":405,""t"":1877},{""x"":845,""y"":392,""t"":1907},{""x"":841,""y"":395,""t"":1955},{""x"":834,""y"":394,""t"":1976}]","[{""x"":250,""y"":425,""width"":80,""height"":80,""top"":385,""right"":290,""bottom"":465,""left"":210},{""x"":400,""y"":165.1923788646684,""width"":80,""height"":80,""top"":125.1923788646684,""right"":440,""bottom"":205.1923788646684,""left"":360},{""x"":700,""y"":165.1923788646684,""width"":80,""height"":80,""top"":125.1923788646684,""right"":740,""bottom"":205.1923788646684,""left"":660},{""x"":850,""y"":425,""width"":80,""height"":80,""top"":385,""right"":890,""bottom"":465,""left"":810},{""x"":700,""y"":684.8076211353316,""width"":80,""height"":80,""top"":644.8076211353316,""right"":740,""bottom"":724.8076211353316,""left"":660},{""x"":400,""y"":684.8076211353316,""width"":80,""height"":80,""top"":644.8076211353316,""right"":440,""bottom"":724.8076211353316,""left"":360}]","{""#container"":{""x"":266.42919921875,""y"":48.58407211303711,""width"":1099.9910888671875,""height"":849.9955444335938,""top"":48.58407211303711,""right"":1366.4202880859375,""bottom"":898.5796165466309,""left"":266.42919921875}}","[{'blue': 0}, {'red': 0}, {'green': 0}, {'cyan': 17}, {'purple': 11}, {'yellow': 4}]",,cyan
476,,,,667.0,7.0,7.0,"[""red"",""cyan"",""green"",""blue"",""purple"",""yellow""]",cyan_1,True,"[{""x"":906,""y"":453,""t"":1},{""x"":967,""y"":502,""t"":42},{""x"":970,""y"":538,""t"":70},{""x"":1001,""y"":581,""t"":104},{""x"":1051,""y"":586,""t"":137},{""x"":1021,""y"":640,""t"":173},{""x"":1092,""y"":638,""t"":206},{""x"":1115,""y"":658,""t"":240},{""x"":1092,""y"":646,""t"":274},{""x"":1053,""y"":682,""t"":309},{""x"":1066,""y"":690,""t"":355},{""x"":1052,""y"":722,""t"":385},{""x"":1085,""y"":698,""t"":417},{""x"":1107,""y"":689,""t"":447},{""x"":1121,""y"":644,""t"":478},{""x"":1172,""y"":635,""t"":512},{""x"":1188,""y"":629,""t"":560},{""x"":1226,""y"":637,""t"":587},{""x"":1226,""y"":616,""t"":619},{""x"":1244,""y"":603,""t"":648},{""x"":1237,""y"":607,""t"":686},{""x"":1209,""y"":611,""t"":720},{""x"":1205,""y"":623,""t"":753},{""x"":1251,""y"":609,""t"":785},{""x"":1225,""y"":582,""t"":826},{""x"":1218,""y"":586,""t"":863},{""x"":1172,""y"":568,""t"":887},{""x"":1102,""y"":570,""t"":923},{""x"":1033,""y"":580,""t"":961},{""x"":1022,""y"":586,""t"":1001},{""x"":949,""y"":595,""t"":1029},{""x"":951,""y"":583,""t"":1066},{""x"":896,""y"":577,""t"":1104},{""x"":848,""y"":590,""t"":1127},{""x"":862,""y"":609,""t"":1159},{""x"":837,""y"":648,""t"":1200},{""x"":807,""y"":659,""t"":1235},{""x"":764,""y"":668,""t"":1268},{""x"":708,""y"":694,""t"":1299},{""x"":735,""y"":692,""t"":1333},{""x"":768,""y"":654,""t"":1364},{""x"":855,""y"":661,""t"":1399},{""x"":914,""y"":623,""t"":1433},{""x"":905,""y"":608,""t"":1468},{""x"":946,""y"":574,""t"":1502},{""x"":981,""y"":554,""t"":1532},{""x"":1012,""y"":555,""t"":1566},{""x"":1033,""y"":546,""t"":1599},{""x"":1083,""y"":536,""t"":1637},{""x"":1106,""y"":554,""t"":1678},{""x"":1101,""y"":549,""t"":1703},{""x"":1119,""y"":546,""t"":1744},{""x"":1118,""y"":540,""t"":1777},{""x"":1147,""y"":539,""t"":1819},{""x"":1145,""y"":540,""t"":1856},{""x"":1146,""y"":546,""t"":1879},{""x"":1161,""y"":542,""t"":1917},{""x"":1208,""y"":548,""t"":1939},{""x"":1213,""y"":544,""t"":1982}]","[{""x"":250,""y"":425,""width"":80,""height"":80,""top"":385,""right"":290,""bottom"":465,""left"":210},{""x"":400,""y"":165.1923788646684,""width"":80,""height"":80,""top"":125.1923788646684,""right"":440,""bottom"":205.1923788646684,""left"":360},{""x"":700,""y"":165.1923788646684,""width"":80,""height"":80,""top"":125.1923788646684,""right"":740,""bottom"":205.1923788646684,""left"":660},{""x"":850,""y"":425,""width"":80,""height"":80,""top"":385,""right"":890,""bottom"":465,""left"":810},{""x"":700,""y"":684.8076211353316,""width"":80,""height"":80,""top"":644.8076211353316,""right"":740,""bottom"":724.8076211353316,""left"":660},{""x"":400,""y"":684.8076211353316,""width"":80,""height"":80,""top"":644.8076211353316,""right"":440,""bottom"":724.8076211353316,""left"":360}]","{""#container"":{""x"":266.42919921875,""y"":48.58407211303711,""width"":1099.9910888671875,""height"":849.9955444335938,""top"":48.58407211303711,""right"":1366.4202880859375,""bottom"":898.5796165466309,""left"":266.42919921875}}","[{'red': 0}, {'cyan': 0}, {'green': 0}, {'blue': 18}, {'purple': 10}, {'yellow': 4}]",,blue
477,,,,738.0,9.0,6.0,"[""red"",""blue"",""cyan"",""yellow"",""purple"",""green""]",yellow_1,False,"[{""x"":1167,""y"":525,""t"":2},{""x"":1149,""y"":530,""t"":39},{""x"":1105,""y"":498,""t"":69},{""x"":1097,""y"":481,""t"":105},{""x"":1063,""y"":468,""t"":137},{""x"":1061,""y"":484,""t"":171},{""x"":1068,""y"":508,""t"":209},{""x"":1044,""y"":558,""t"":246},{""x"":1029,""y"":562,""t"":287},{""x"":1021,""y"":565,""t"":315},{""x"":951,""y"":599,""t"":349},{""x"":957,""y"":570,""t"":378},{""x"":965,""y"":543,""t"":412},{""x"":963,""y"":508,""t"":460},{""x"":969,""y"":482,""t"":488},{""x"":994,""y"":464,""t"":526},{""x"":1049,""y"":468,""t"":550},{""x"":1079,""y"":502,""t"":582},{""x"":1048,""y"":475,""t"":614},{""x"":1104,""y"":475,""t"":653},{""x"":1041,""y"":483,""t"":682},{""x"":1025,""y"":500,""t"":716},{""x"":920,""y"":530,""t"":763},{""x"":808,""y"":542,""t"":785},{""x"":726,""y"":553,""t"":824},{""x"":613,""y"":534,""t"":859},{""x"":584,""y"":523,""t"":895},{""x"":538,""y"":528,""t"":926},{""x"":501,""y"":518,""t"":956},{""x"":493,""y"":535,""t"":988},{""x"":586,""y"":612,""t"":1033},{""x"":761,""y"":666,""t"":1063},{""x"":888,""y"":719,""t"":1094},{""x"":974,""y"":768,""t"":1132},{""x"":1039,""y"":801,""t"":1159},{""x"":1105,""y"":807,""t"":1195},{""x"":1161,""y"":778,""t"":1232},{""x"":1146,""y"":765,""t"":1269},{""x"":1163,""y"":736,""t"":1300},{""x"":1169,""y"":730,""t"":1328},{""x"":1129,""y"":726,""t"":1377},{""x"":1164,""y"":685,""t"":1397},{""x"":1138,""y"":671,""t"":1440},{""x"":1150,""y"":636,""t"":1471},{""x"":1154,""y"":644,""t"":1503},{""x"":1103,""y"":632,""t"":1537},{""x"":1136,""y"":620,""t"":1576},{""x"":1139,""y"":630,""t"":1606},{""x"":1140,""y"":640,""t"":1645},{""x"":1081,""y"":648,""t"":1686},{""x"":1086,""y"":662,""t"":1707},{""x"":1142,""y"":639,""t"":1739},{""x"":1093,""y"":643,""t"":1770},{""x"":1122,""y"":633,""t"":1817},{""x"":1092,""y"":640,""t"":1847},{""x"":1065,""y"":638,""t"":1879},{""x"":1019,""y"":658,""t"":1911},{""x"":968,""y"":671,""t"":1940}]","[{""x"":250,""y"":425,""width"":80,""height"":80,""top"":385,""right"":290,""bottom"":465,""left"":210},{""x"":400,""y"":165.1923788646684,""width"":80,""height"":80,""top"":125.1923788646684,""right"":440,""bottom"":205.1923788646684,""left"":360},{""x"":700,""y"":165.1923788646684,""width"":80,""height"":80,""top"":125.1923788646684,""right"":740,""bottom"":205.1923788646684,""left"":660},{""x"":850,""y"":425,""width"":80,""height"":80,""top"":385,""right"":890,""bottom"":465,""left"":810},{""x"":700,""y"":684.8076211353316,""width"":80,""height"":80,""top"":644.8076211353316,""right"":740,""bottom"":724.8076211353316,""left"":660},{""x"":400,""y"":684.8076211353316,""width"":80,""height"":80,""top"":644.8076211353316,""right"":440,""bottom"":724.8076211353316,""left"":360}]","{""#container"":{""x"":266.42919921875,""y"":48.58407211303711,""width"":1099.9910888671875,""height"":849.9955444335938,""top"":48.58407211303711,""right"":1366.4202880859375,""bottom"":898.5796165466309,""left"":266.42919921875}}","[{'red': 5}, {'blue': 0}, {'cyan': 0}, {'yellow': 19}, {'purple': 9}, {'green': 2}]",{'yellow_1': 19},yellow_1
478,,,,902.0,1.0,1.0,"[""red"",""cyan"",""yellow"",""blue"",""purple"",""green""]",green_1,True,"[{""x"":912,""y"":674,""t"":2},{""x"":877,""y"":650,""t"":47},{""x"":869,""y"":630,""t"":79},{""x"":852,""y"":611,""t"":106},{""x"":897,""y"":610,""t"":138},{""x"":924,""y"":598,""t"":174},{""x"":958,""y"":605,""t"":208},{""x"":918,""y"":585,""t"":240},{""x"":955,""y"":577,""t"":274},{""x"":939,""y"":568,""t"":309},{""x"":941,""y"":549,""t"":354},{""x"":930,""y"":538,""t"":377},{""x"":933,""y"":514,""t"":415},{""x"":908,""y"":470,""t"":447},{""x"":896,""y"":444,""t"":487},{""x"":887,""y"":424,""t"":515},{""x"":897,""y"":408,""t"":557},{""x"":912,""y"":405,""t"":589},{""x"":919,""y"":416,""t"":625},{""x"":953,""y"":406,""t"":656},{""x"":961,""y"":410,""t"":685},{""x"":957,""y"":411,""t"":718},{""x"":1007,""y"":432,""t"":751},{""x"":1021,""y"":455,""t"":795},{""x"":1059,""y"":467,""t"":826},{""x"":1123,""y"":491,""t"":855},{""x"":1154,""y"":504,""t"":886},{""x"":1147,""y"":530,""t"":935},{""x"":1109,""y"":539,""t"":956},{""x"":1133,""y"":554,""t"":988},{""x"":1144,""y"":577,""t"":1022},{""x"":1064,""y"":564,""t"":1057},{""x"":990,""y"":561,""t"":1090},{""x"":937,""y"":549,""t"":1127},{""x"":862,""y"":529,""t"":1162},{""x"":789,""y"":523,""t"":1192},{""x"":800,""y"":536,""t"":1226},{""x"":858,""y"":535,""t"":1268},{""x"":870,""y"":518,""t"":1296},{""x"":892,""y"":474,""t"":1328},{""x"":921,""y"":435,""t"":1377},{""x"":966,""y"":403,""t"":1399},{""x"":983,""y"":373,""t"":1430},{""x"":964,""y"":372,""t"":1471},{""x"":983,""y"":357,""t"":1500},{""x"":973,""y"":373,""t"":1533},{""x"":969,""y"":379,""t"":1568},{""x"":999,""y"":394,""t"":1612},{""x"":1040,""y"":435,""t"":1645},{""x"":1086,""y"":470,""t"":1675},{""x"":1063,""y"":471,""t"":1711},{""x"":1118,""y"":485,""t"":1752},{""x"":1171,""y"":493,""t"":1775},{""x"":1205,""y"":505,""t"":1818},{""x"":1231,""y"":515,""t"":1840},{""x"":1243,""y"":512,""t"":1876},{""x"":1204,""y"":494,""t"":1906},{""x"":1156,""y"":479,""t"":1942},{""x"":1101,""y"":444,""t"":1975}]","[{""x"":250,""y"":425,""width"":80,""height"":80,""top"":385,""right"":290,""bottom"":465,""left"":210},{""x"":400,""y"":165.1923788646684,""width"":80,""height"":80,""top"":125.1923788646684,""right"":440,""bottom"":205.1923788646684,""left"":360},{""x"":700,""y"":165.1923788646684,""width"":80,""height"":80,""top"":125.1923788646684,""right"":740,""bottom"":205.1923788646684,""left"":660},{""x"":850,""y"":425,""width"":80,""height"":80,""top"":385,""right"":890,""bottom"":465,""left"":810},{""x"":700,""y"":684.8076211353316,""width"":80,""height"":80,""top"":644.8076211353316,""right"":740,""bottom"":724.8076211353316,""left"":660},{""x"":400,""y"":684.8076211353316,""width"":80,""height"":80,""top"":644.8076211353316,""right"":440,""bottom"":724.8076211353316,""left"":360}]","{""#container"":{""x"":266.42919921875,""y"":48.58407211303711,""width"":1099.9910888671875,""height"":849.9955444335938,""top"":48.58407211303711,""right"":1366.4202880859375,""bottom"":898.5796165466309,""left"":266.42919921875}}","[{'red': 0}, {'cyan': 0}, {'yellow': 1}, {'blue': 22}, {'purple': 6}, {'green': 0}]",,blue
479,,,,744.0,9.0,9.0,"[""purple"",""blue"",""red"",""green"",""cyan"",""yellow""]",red_1,True,"[{""x"":1049,""y"":454,""t"":52},{""x"":1044,""y"":471,""t"":80},{""x"":1030,""y"":494,""t"":114},{""x"":997,""y"":501,""t"":145},{""x"":970,""y"":507,""t"":172},{""x"":1002,""y"":542,""t"":211},{""x"":998,""y"":554,""t"":241},{""x"":1011,""y"":567,""t"":273},{""x"":965,""y"":573,""t"":309},{""x"":938,""y"":592,""t"":341},{""x"":971,""y"":583,""t"":386},{""x"":1001,""y"":596,""t"":418},{""x"":1003,""y"":593,""t"":451},{""x"":1049,""y"":581,""t"":482},{""x"":1098,""y"":593,""t"":514},{""x"":1101,""y"":584,""t"":545},{""x"":1132,""y"":574,""t"":590},{""x"":1141,""y"":558,""t"":624},{""x"":1120,""y"":545,""t"":658},{""x"":1105,""y"":528,""t"":690},{""x"":1081,""y"":515,""t"":724},{""x"":1062,""y"":482,""t"":753},{""x"":1011,""y"":459,""t"":784},{""x"":994,""y"":427,""t"":828},{""x"":987,""y"":415,""t"":860},{""x"":938,""y"":400,""t"":888},{""x"":879,""y"":383,""t"":921},{""x"":785,""y"":370,""t"":969},{""x"":708,""y"":361,""t"":991},{""x"":675,""y"":343,""t"":1023},{""x"":684,""y"":341,""t"":1057},{""x"":618,""y"":341,""t"":1095},{""x"":621,""y"":348,""t"":1126},{""x"":594,""y"":371,""t"":1157},{""x"":627,""y"":429,""t"":1204},{""x"":674,""y"":497,""t"":1232},{""x"":735,""y"":547,""t"":1263},{""x"":744,""y"":606,""t"":1295},{""x"":754,""y"":678,""t"":1330},{""x"":775,""y"":725,""t"":1362},{""x"":839,""y"":756,""t"":1410},{""x"":893,""y"":778,""t"":1437},{""x"":926,""y"":792,""t"":1471},{""x"":1049,""y"":748,""t"":1503},{""x"":1135,""y"":704,""t"":1535},{""x"":1160,""y"":657,""t"":1566},{""x"":1210,""y"":630,""t"":1615},{""x"":1263,""y"":608,""t"":1635},{""x"":1238,""y"":628,""t"":1669},{""x"":1255,""y"":614,""t"":1709},{""x"":1281,""y"":590,""t"":1747},{""x"":1277,""y"":565,""t"":1781},{""x"":1289,""y"":538,""t"":1815},{""x"":1296,""y"":516,""t"":1849},{""x"":1270,""y"":507,""t"":1880},{""x"":1230,""y"":488,""t"":1909},{""x"":1200,""y"":460,""t"":1940},{""x"":1169,""y"":442,""t"":1977}]","[{""x"":250,""y"":425,""width"":80,""height"":80,""top"":385,""right"":290,""bottom"":465,""left"":210},{""x"":400,""y"":165.1923788646684,""width"":80,""height"":80,""top"":125.1923788646684,""right"":440,""bottom"":205.1923788646684,""left"":360},{""x"":700,""y"":165.1923788646684,""width"":80,""height"":80,""top"":125.1923788646684,""right"":740,""bottom"":205.1923788646684,""left"":660},{""x"":850,""y"":425,""width"":80,""height"":80,""top"":385,""right"":890,""bottom"":465,""left"":810},{""x"":700,""y"":684.8076211353316,""width"":80,""height"":80,""top"":644.8076211353316,""right"":740,""bottom"":724.8076211353316,""left"":660},{""x"":400,""y"":684.8076211353316,""width"":80,""height"":80,""top"":644.8076211353316,""right"":440,""bottom"":724.8076211353316,""left"":360}]","{""#container"":{""x"":266.42919921875,""y"":48.58407211303711,""width"":1099.9910888671875,""height"":849.9955444335938,""top"":48.58407211303711,""right"":1366.4202880859375,""bottom"":898.5796165466309,""left"":266.42919921875}}","[{'purple': 2}, {'blue': 4}, {'red': 0}, {'green': 22}, {'cyan': 7}, {'yellow': 3}]",,green
480,,,,437.0,4.0,4.0,"[""red"",""yellow"",""cyan"",""blue"",""purple"",""green""]",red,True,"[{""x"":1160,""y"":465,""t"":2},{""x"":1142,""y"":482,""t"":43},{""x"":1130,""y"":483,""t"":75},{""x"":1158,""y"":492,""t"":108},{""x"":1125,""y"":493,""t"":143},{""x"":1061,""y"":512,""t"":175},{""x"":1027,""y"":511,""t"":206},{""x"":1002,""y"":499,""t"":242},{""x"":995,""y"":506,""t"":274},{""x"":987,""y"":501,""t"":308},{""x"":965,""y"":496,""t"":356},{""x"":881,""y"":495,""t"":383},{""x"":797,""y"":495,""t"":419},{""x"":727,""y"":505,""t"":457},{""x"":675,""y"":516,""t"":495},{""x"":635,""y"":525,""t"":515},{""x"":627,""y"":526,""t"":558},{""x"":633,""y"":524,""t"":587},{""x"":712,""y"":535,""t"":626},{""x"":789,""y"":535,""t"":649},{""x"":843,""y"":531,""t"":686},{""x"":888,""y"":509,""t"":723},{""x"":900,""y"":500,""t"":764},{""x"":929,""y"":500,""t"":787},{""x"":940,""y"":473,""t"":825},{""x"":931,""y"":472,""t"":857},{""x"":944,""y"":475,""t"":892},{""x"":956,""y"":496,""t"":925},{""x"":924,""y"":534,""t"":960},{""x"":969,""y"":549,""t"":996},{""x"":1004,""y"":547,""t"":1029},{""x"":1043,""y"":545,""t"":1064},{""x"":1073,""y"":546,""t"":1098},{""x"":1107,""y"":552,""t"":1135},{""x"":1133,""y"":557,""t"":1157},{""x"":1163,""y"":559,""t"":1199},{""x"":1202,""y"":554,""t"":1234},{""x"":1219,""y"":555,""t"":1265},{""x"":1184,""y"":541,""t"":1299},{""x"":1189,""y"":553,""t"":1329},{""x"":1191,""y"":565,""t"":1362},{""x"":1166,""y"":576,""t"":1400},{""x"":1155,""y"":564,""t"":1432},{""x"":1123,""y"":552,""t"":1465},{""x"":1123,""y"":535,""t"":1498},{""x"":1049,""y"":597,""t"":1540},{""x"":997,""y"":625,""t"":1568},{""x"":970,""y"":643,""t"":1601},{""x"":936,""y"":643,""t"":1641},{""x"":909,""y"":643,""t"":1669},{""x"":875,""y"":665,""t"":1709},{""x"":874,""y"":692,""t"":1736},{""x"":850,""y"":705,""t"":1771},{""x"":925,""y"":704,""t"":1806},{""x"":943,""y"":707,""t"":1841},{""x"":987,""y"":670,""t"":1876},{""x"":1007,""y"":637,""t"":1909},{""x"":1047,""y"":624,""t"":1942},{""x"":1071,""y"":614,""t"":1979}]","[{""x"":250,""y"":425,""width"":80,""height"":80,""top"":385,""right"":290,""bottom"":465,""left"":210},{""x"":400,""y"":165.1923788646684,""width"":80,""height"":80,""top"":125.1923788646684,""right"":440,""bottom"":205.1923788646684,""left"":360},{""x"":700,""y"":165.1923788646684,""width"":80,""height"":80,""top"":125.1923788646684,""right"":740,""bottom"":205.1923788646684,""left"":660},{""x"":850,""y"":425,""width"":80,""height"":80,""top"":385,""right"":890,""bottom"":465,""left"":810},{""x"":700,""y"":684.8076211353316,""width"":80,""height"":80,""top"":644.8076211353316,""right"":740,""bottom"":724.8076211353316,""left"":660},{""x"":400,""y"":684.8076211353316,""width"":80,""height"":80,""top"":644.8076211353316,""right"":440,""bottom"":724.8076211353316,""left"":360}]","{""#container"":{""x"":266.42919921875,""y"":48.58407211303711,""width"":1099.9910888671875,""height"":849.9955444335938,""top"":48.58407211303711,""right"":1366.4202880859375,""bottom"":898.5796165466309,""left"":266.42919921875}}","[{'red': 3}, {'yellow': 0}, {'cyan': 0}, {'blue': 27}, {'purple': 12}, {'green': 0}]",{'red': 3},blue
481,,,,920.0,6.0,6.0,"[""purple"",""blue"",""cyan"",""yellow"",""red"",""green""]",yellow,True,"[{""x"":1083,""y"":582,""t"":2},{""x"":1060,""y"":552,""t"":43},{""x"":1057,""y"":532,""t"":75},{""x"":1055,""y"":525,""t"":112},{""x"":1005,""y"":528,""t"":145},{""x"":983,""y"":527,""t"":178},{""x"":970,""y"":524,""t"":208},{""x"":967,""y"":516,""t"":240},{""x"":975,""y"":518,""t"":275},{""x"":978,""y"":496,""t"":310},{""x"":986,""y"":488,""t"":343},{""x"":993,""y"":481,""t"":375},{""x"":982,""y"":471,""t"":416},{""x"":996,""y"":459,""t"":448},{""x"":992,""y"":450,""t"":478},{""x"":1032,""y"":459,""t"":527},{""x"":1063,""y"":474,""t"":548},{""x"":1086,""y"":518,""t"":579},{""x"":1084,""y"":544,""t"":621},{""x"":1120,""y"":547,""t"":654},{""x"":1127,""y"":552,""t"":699},{""x"":1116,""y"":591,""t"":725},{""x"":1042,""y"":579,""t"":765},{""x"":965,""y"":598,""t"":790},{""x"":903,""y"":615,""t"":819},{""x"":831,""y"":603,""t"":858},{""x"":804,""y"":598,""t"":891},{""x"":802,""y"":579,""t"":919},{""x"":773,""y"":575,""t"":969},{""x"":767,""y"":581,""t"":989},{""x"":773,""y"":577,""t"":1023},{""x"":765,""y"":589,""t"":1063},{""x"":801,""y"":582,""t"":1095},{""x"":853,""y"":576,""t"":1127},{""x"":856,""y"":562,""t"":1159},{""x"":830,""y"":531,""t"":1193},{""x"":819,""y"":503,""t"":1238},{""x"":801,""y"":483,""t"":1269},{""x"":867,""y"":456,""t"":1301},{""x"":916,""y"":459,""t"":1333},{""x"":981,""y"":472,""t"":1362},{""x"":1043,""y"":491,""t"":1397},{""x"":1090,""y"":506,""t"":1430},{""x"":1126,""y"":518,""t"":1471},{""x"":1111,""y"":539,""t"":1504},{""x"":1094,""y"":538,""t"":1543},{""x"":1077,""y"":536,""t"":1565},{""x"":1098,""y"":551,""t"":1602},{""x"":1106,""y"":570,""t"":1634},{""x"":1081,""y"":590,""t"":1680},{""x"":1046,""y"":605,""t"":1712},{""x"":1063,""y"":620,""t"":1738},{""x"":1049,""y"":645,""t"":1771},{""x"":1065,""y"":658,""t"":1809},{""x"":1070,""y"":672,""t"":1850},{""x"":1087,""y"":678,""t"":1885},{""x"":1090,""y"":683,""t"":1913},{""x"":1093,""y"":685,""t"":1946},{""x"":1098,""y"":677,""t"":1978}]","[{""x"":250,""y"":425,""width"":80,""height"":80,""top"":385,""right"":290,""bottom"":465,""left"":210},{""x"":400,""y"":165.1923788646684,""width"":80,""height"":80,""top"":125.1923788646684,""right"":440,""bottom"":205.1923788646684,""left"":360},{""x"":700,""y"":165.1923788646684,""width"":80,""height"":80,""top"":125.1923788646684,""right"":740,""bottom"":205.1923788646684,""left"":660},{""x"":850,""y"":425,""width"":80,""height"":80,""top"":385,""right"":890,""bottom"":465,""left"":810},{""x"":700,""y"":684.8076211353316,""width"":80,""height"":80,""top"":644.8076211353316,""right"":740,""bottom"":724.8076211353316,""left"":660},{""x"":400,""y"":684.8076211353316,""width"":80,""height"":80,""top"":644.8076211353316,""right"":440,""bottom"":724.8076211353316,""left"":360}]","{""#container"":{""x"":266.42919921875,""y"":48.58407211303711,""width"":1099.9910888671875,""height"":849.9955444335938,""top"":48.58407211303711,""right"":1366.4202880859375,""bottom"":898.5796165466309,""left"":266.42919921875}}","[{'purple': 0}, {'blue': 0}, {'cyan': 0}, {'yellow': 32}, {'red': 10}, {'green': 0}]",{'yellow': 32},yellow
482,,,,720.0,4.0,4.0,"[""yellow"",""blue"",""cyan"",""red"",""purple"",""green""]",yellow_1,True,"[{""x"":1063,""y"":626,""t"":2},{""x"":1079,""y"":603,""t"":66},{""x"":1053,""y"":576,""t"":98},{""x"":1058,""y"":553,""t"":124},{""x"":1044,""y"":521,""t"":150},{""x"":1013,""y"":526,""t"":182},{""x"":962,""y"":547,""t"":214},{""x"":977,""y"":541,""t"":246},{""x"":997,""y"":526,""t"":278},{""x"":1017,""y"":507,""t"":311},{""x"":985,""y"":520,""t"":349},{""x"":934,""y"":526,""t"":383},{""x"":895,""y"":526,""t"":421},{""x"":856,""y"":522,""t"":448},{""x"":857,""y"":524,""t"":486},{""x"":844,""y"":537,""t"":520},{""x"":849,""y"":550,""t"":556},{""x"":855,""y"":540,""t"":587},{""x"":859,""y"":538,""t"":626},{""x"":878,""y"":545,""t"":651},{""x"":853,""y"":521,""t"":693},{""x"":823,""y"":492,""t"":723},{""x"":830,""y"":481,""t"":758},{""x"":829,""y"":466,""t"":795},{""x"":813,""y"":457,""t"":817},{""x"":848,""y"":457,""t"":859},{""x"":917,""y"":468,""t"":890},{""x"":958,""y"":483,""t"":930},{""x"":1022,""y"":489,""t"":963},{""x"":1081,""y"":490,""t"":995},{""x"":1123,""y"":489,""t"":1028},{""x"":1167,""y"":508,""t"":1061},{""x"":1223,""y"":523,""t"":1094},{""x"":1239,""y"":537,""t"":1123},{""x"":1237,""y"":551,""t"":1161},{""x"":1164,""y"":535,""t"":1196},{""x"":1148,""y"":564,""t"":1231},{""x"":1140,""y"":555,""t"":1265},{""x"":1097,""y"":594,""t"":1298},{""x"":1105,""y"":587,""t"":1331},{""x"":1116,""y"":596,""t"":1364},{""x"":1067,""y"":582,""t"":1395},{""x"":998,""y"":539,""t"":1444},{""x"":910,""y"":465,""t"":1465},{""x"":877,""y"":414,""t"":1506},{""x"":907,""y"":379,""t"":1536},{""x"":861,""y"":338,""t"":1566},{""x"":839,""y"":311,""t"":1602},{""x"":799,""y"":282,""t"":1634},{""x"":800,""y"":268,""t"":1681},{""x"":795,""y"":265,""t"":1706},{""x"":796,""y"":306,""t"":1741},{""x"":885,""y"":363,""t"":1778},{""x"":973,""y"":419,""t"":1816},{""x"":1050,""y"":468,""t"":1840},{""x"":1046,""y"":493,""t"":1872},{""x"":1052,""y"":513,""t"":1917},{""x"":1105,""y"":553,""t"":1948},{""x"":1091,""y"":580,""t"":1977}]","[{""x"":250,""y"":425,""width"":80,""height"":80,""top"":385,""right"":290,""bottom"":465,""left"":210},{""x"":400,""y"":165.1923788646684,""width"":80,""height"":80,""top"":125.1923788646684,""right"":440,""bottom"":205.1923788646684,""left"":360},{""x"":700,""y"":165.1923788646684,""width"":80,""height"":80,""top"":125.1923788646684,""right"":740,""bottom"":205.1923788646684,""left"":660},{""x"":850,""y"":425,""width"":80,""height"":80,""top"":385,""right"":890,""bottom"":465,""left"":810},{""x"":700,""y"":684.8076211353316,""width"":80,""height"":80,""top"":644.8076211353316,""right"":740,""bottom"":724.8076211353316,""left"":660},{""x"":400,""y"":684.8076211353316,""width"":80,""height"":80,""top"":644.8076211353316,""right"":440,""bottom"":724.8076211353316,""left"":360}]","{""#container"":{""x"":266.42919921875,""y"":48.58407211303711,""width"":1099.9910888671875,""height"":849.9955444335938,""top"":48.58407211303711,""right"":1366.4202880859375,""bottom"":898.5796165466309,""left"":266.42919921875}}","[{'yellow': 0}, {'blue': 3}, {'cyan': 0}, {'red': 28}, {'purple': 1}, {'green': 0}]",,red
483,,,,495.0,7.0,7.0,"[""cyan"",""red"",""yellow"",""green"",""purple"",""blue""]",red,True,"[{""x"":1076,""y"":559,""t"":1},{""x"":1062,""y"":566,""t"":39},{""x"":1057,""y"":545,""t"":70},{""x"":1051,""y"":543,""t"":107},{""x"":1057,""y"":557,""t"":141},{""x"":1076,""y"":573,""t"":172},{""x"":1091,""y"":582,""t"":205},{""x"":1099,""y"":606,""t"":240},{""x"":1123,""y"":621,""t"":274},{""x"":1103,""y"":616,""t"":323},{""x"":1099,""y"":603,""t"":344},{""x"":1102,""y"":580,""t"":376},{""x"":1069,""y"":545,""t"":417},{""x"":1030,""y"":500,""t"":447},{""x"":1038,""y"":463,""t"":480},{""x"":1063,""y"":442,""t"":512},{""x"":1086,""y"":424,""t"":557},{""x"":1060,""y"":407,""t"":590},{""x"":1023,""y"":384,""t"":618},{""x"":1050,""y"":359,""t"":648},{""x"":1038,""y"":342,""t"":683},{""x"":982,""y"":333,""t"":727},{""x"":973,""y"":307,""t"":760},{""x"":943,""y"":296,""t"":793},{""x"":952,""y"":266,""t"":819},{""x"":941,""y"":282,""t"":852},{""x"":964,""y"":286,""t"":900},{""x"":953,""y"":307,""t"":923},{""x"":934,""y"":330,""t"":955},{""x"":970,""y"":349,""t"":994},{""x"":1030,""y"":396,""t"":1028},{""x"":1057,""y"":426,""t"":1057},{""x"":1072,""y"":470,""t"":1090},{""x"":1089,""y"":542,""t"":1137},{""x"":1089,""y"":581,""t"":1164},{""x"":1133,""y"":580,""t"":1194},{""x"":1110,""y"":572,""t"":1227},{""x"":1071,""y"":565,""t"":1262},{""x"":1038,""y"":562,""t"":1294},{""x"":1052,""y"":537,""t"":1328},{""x"":1052,""y"":521,""t"":1362},{""x"":1079,""y"":527,""t"":1405},{""x"":1124,""y"":527,""t"":1433},{""x"":1102,""y"":559,""t"":1464},{""x"":1109,""y"":596,""t"":1501},{""x"":1086,""y"":625,""t"":1532},{""x"":1070,""y"":613,""t"":1579},{""x"":1035,""y"":627,""t"":1600},{""x"":1041,""y"":647,""t"":1641},{""x"":1099,""y"":643,""t"":1672},{""x"":1146,""y"":617,""t"":1702},{""x"":1158,""y"":589,""t"":1751},{""x"":1162,""y"":553,""t"":1779},{""x"":1152,""y"":525,""t"":1810},{""x"":1147,""y"":505,""t"":1840},{""x"":1123,""y"":490,""t"":1873},{""x"":1105,""y"":565,""t"":1907},{""x"":1124,""y"":647,""t"":1954},{""x"":1164,""y"":715,""t"":1975}]","[{""x"":250,""y"":425,""width"":80,""height"":80,""top"":385,""right"":290,""bottom"":465,""left"":210},{""x"":400,""y"":165.1923788646684,""width"":80,""height"":80,""top"":125.1923788646684,""right"":440,""bottom"":205.1923788646684,""left"":360},{""x"":700,""y"":165.1923788646684,""width"":80,""height"":80,""top"":125.1923788646684,""right"":740,""bottom"":205.1923788646684,""left"":660},{""x"":850,""y"":425,""width"":80,""height"":80,""top"":385,""right"":890,""bottom"":465,""left"":810},{""x"":700,""y"":684.8076211353316,""width"":80,""height"":80,""top"":644.8076211353316,""right"":740,""bottom"":724.8076211353316,""left"":660},{""x"":400,""y"":684.8076211353316,""width"":80,""height"":80,""top"":644.8076211353316,""right"":440,""bottom"":724.8076211353316,""left"":360}]","{""#container"":{""x"":266.42919921875,""y"":48.58407211303711,""width"":1099.9910888671875,""height"":849.9955444335938,""top"":48.58407211303711,""right"":1366.4202880859375,""bottom"":898.5796165466309,""left"":266.42919921875}}","[{'cyan': 0}, {'red': 0}, {'yellow': 10}, {'green': 43}, {'purple': 2}, {'blue': 0}]",,green
484,,,,591.0,1.0,1.0,"[""purple"",""yellow"",""red"",""cyan"",""green"",""blue""]",blue_1,True,"[{""x"":1129,""y"":663,""t"":2},{""x"":1099,""y"":617,""t"":43},{""x"":1091,""y"":558,""t"":74},{""x"":1083,""y"":514,""t"":105},{""x"":1038,""y"":482,""t"":138},{""x"":1047,""y"":471,""t"":173},{""x"":1014,""y"":456,""t"":206},{""x"":1018,""y"":450,""t"":239},{""x"":1021,""y"":437,""t"":275},{""x"":1046,""y"":443,""t"":308},{""x"":1034,""y"":428,""t"":352},{""x"":1057,""y"":420,""t"":378},{""x"":1064,""y"":396,""t"":410},{""x"":1099,""y"":381,""t"":446},{""x"":1093,""y"":367,""t"":479},{""x"":1104,""y"":367,""t"":524},{""x"":1054,""y"":377,""t"":555},{""x"":1067,""y"":376,""t"":586},{""x"":1061,""y"":372,""t"":614},{""x"":1056,""y"":378,""t"":663},{""x"":1061,""y"":374,""t"":691},{""x"":1092,""y"":372,""t"":724},{""x"":1102,""y"":381,""t"":751},{""x"":1106,""y"":382,""t"":788},{""x"":1123,""y"":378,""t"":817},{""x"":1095,""y"":394,""t"":852},{""x"":1103,""y"":387,""t"":898},{""x"":1077,""y"":396,""t"":925},{""x"":1044,""y"":417,""t"":955},{""x"":1046,""y"":476,""t"":991},{""x"":1054,""y"":515,""t"":1022},{""x"":1049,""y"":539,""t"":1057},{""x"":1065,""y"":563,""t"":1091},{""x"":1087,""y"":576,""t"":1123},{""x"":1110,""y"":587,""t"":1163},{""x"":1130,""y"":592,""t"":1195},{""x"":1127,""y"":586,""t"":1226},{""x"":1114,""y"":576,""t"":1272},{""x"":1095,""y"":569,""t"":1296},{""x"":1124,""y"":549,""t"":1328},{""x"":1101,""y"":545,""t"":1367},{""x"":1094,""y"":565,""t"":1395},{""x"":1057,""y"":556,""t"":1430},{""x"":1050,""y"":562,""t"":1477},{""x"":1087,""y"":594,""t"":1508},{""x"":1052,""y"":578,""t"":1539},{""x"":1017,""y"":593,""t"":1572},{""x"":970,""y"":573,""t"":1600},{""x"":929,""y"":585,""t"":1636},{""x"":945,""y"":572,""t"":1669},{""x"":951,""y"":551,""t"":1714},{""x"":960,""y"":543,""t"":1740},{""x"":964,""y"":525,""t"":1770},{""x"":920,""y"":546,""t"":1808},{""x"":916,""y"":542,""t"":1840},{""x"":952,""y"":547,""t"":1872},{""x"":944,""y"":569,""t"":1917},{""x"":985,""y"":588,""t"":1943},{""x"":997,""y"":617,""t"":1974}]","[{""x"":250,""y"":425,""width"":80,""height"":80,""top"":385,""right"":290,""bottom"":465,""left"":210},{""x"":400,""y"":165.1923788646684,""width"":80,""height"":80,""top"":125.1923788646684,""right"":440,""bottom"":205.1923788646684,""left"":360},{""x"":700,""y"":165.1923788646684,""width"":80,""height"":80,""top"":125.1923788646684,""right"":740,""bottom"":205.1923788646684,""left"":660},{""x"":850,""y"":425,""width"":80,""height"":80,""top"":385,""right"":890,""bottom"":465,""left"":810},{""x"":700,""y"":684.8076211353316,""width"":80,""height"":80,""top"":644.8076211353316,""right"":740,""bottom"":724.8076211353316,""left"":660},{""x"":400,""y"":684.8076211353316,""width"":80,""height"":80,""top"":644.8076211353316,""right"":440,""bottom"":724.8076211353316,""left"":360}]","{""#container"":{""x"":266.42919921875,""y"":48.58407211303711,""width"":1099.9910888671875,""height"":849.9955444335938,""top"":48.58407211303711,""right"":1366.4202880859375,""bottom"":898.5796165466309,""left"":266.42919921875}}","[{'purple': 0}, {'yellow': 0}, {'red': 0}, {'cyan': 45}, {'green': 3}, {'blue': 0}]",,cyan
485,,,,728.0,4.0,6.0,"[""green"",""yellow"",""purple"",""blue"",""cyan"",""red""]",blue,False,"[{""x"":1050,""y"":607,""t"":2},{""x"":1077,""y"":590,""t"":38},{""x"":1085,""y"":582,""t"":70},{""x"":1104,""y"":541,""t"":106},{""x"":1124,""y"":520,""t"":139},{""x"":1123,""y"":486,""t"":173},{""x"":1108,""y"":458,""t"":207},{""x"":1106,""y"":439,""t"":240},{""x"":1103,""y"":440,""t"":275},{""x"":1092,""y"":430,""t"":323},{""x"":1079,""y"":420,""t"":344},{""x"":1043,""y"":454,""t"":376},{""x"":1062,""y"":466,""t"":415},{""x"":1055,""y"":495,""t"":445},{""x"":1055,""y"":582,""t"":494},{""x"":1047,""y"":654,""t"":513},{""x"":1091,""y"":723,""t"":555},{""x"":1130,""y"":781,""t"":588},{""x"":1159,""y"":834,""t"":614},{""x"":1132,""y"":856,""t"":650},{""x"":1099,""y"":844,""t"":681},{""x"":1110,""y"":805,""t"":716},{""x"":1036,""y"":796,""t"":759},{""x"":996,""y"":755,""t"":792},{""x"":965,""y"":725,""t"":821},{""x"":932,""y"":676,""t"":853},{""x"":894,""y"":625,""t"":886},{""x"":860,""y"":572,""t"":931},{""x"":849,""y"":524,""t"":963},{""x"":829,""y"":488,""t"":991},{""x"":788,""y"":458,""t"":1022},{""x"":812,""y"":420,""t"":1058},{""x"":840,""y"":418,""t"":1089},{""x"":750,""y"":416,""t"":1136},{""x"":719,""y"":411,""t"":1169},{""x"":706,""y"":391,""t"":1199},{""x"":676,""y"":402,""t"":1230},{""x"":619,""y"":399,""t"":1260},{""x"":661,""y"":417,""t"":1294},{""x"":702,""y"":426,""t"":1342},{""x"":827,""y"":455,""t"":1362},{""x"":894,""y"":479,""t"":1406},{""x"":895,""y"":524,""t"":1434},{""x"":953,""y"":533,""t"":1466},{""x"":995,""y"":534,""t"":1499},{""x"":1074,""y"":530,""t"":1532},{""x"":1131,""y"":538,""t"":1576},{""x"":1212,""y"":551,""t"":1608},{""x"":1222,""y"":547,""t"":1643},{""x"":1222,""y"":551,""t"":1675},{""x"":1204,""y"":580,""t"":1702},{""x"":1235,""y"":572,""t"":1750},{""x"":1258,""y"":564,""t"":1769},{""x"":1231,""y"":557,""t"":1812},{""x"":1197,""y"":569,""t"":1842},{""x"":1184,""y"":564,""t"":1873},{""x"":1174,""y"":567,""t"":1905},{""x"":1165,""y"":558,""t"":1952},{""x"":1145,""y"":574,""t"":1973}]","[{""x"":250,""y"":425,""width"":80,""height"":80,""top"":385,""right"":290,""bottom"":465,""left"":210},{""x"":400,""y"":165.1923788646684,""width"":80,""height"":80,""top"":125.1923788646684,""right"":440,""bottom"":205.1923788646684,""left"":360},{""x"":700,""y"":165.1923788646684,""width"":80,""height"":80,""top"":125.1923788646684,""right"":740,""bottom"":205.1923788646684,""left"":660},{""x"":850,""y"":425,""width"":80,""height"":80,""top"":385,""right"":890,""bottom"":465,""left"":810},{""x"":700,""y"":684.8076211353316,""width"":80,""height"":80,""top"":644.8076211353316,""right"":740,""bottom"":724.8076211353316,""left"":660},{""x"":400,""y"":684.8076211353316,""width"":80,""height"":80,""top"":644.8076211353316,""right"":440,""bottom"":724.8076211353316,""left"":360}]","{""#container"":{""x"":266.42919921875,""y"":48.58407211303711,""width"":1099.9910888671875,""height"":849.9955444335938,""top"":48.58407211303711,""right"":1366.4202880859375,""bottom"":898.5796165466309,""left"":266.42919921875}}","[{'green': 1}, {'yellow': 0}, {'purple': 0}, {'blue': 28}, {'cyan': 7}, {'red': 0}]",{'blue': 28},blue
486,罗晨曦,23.0,女,,,,,,,,,,,,
487,,,,543.0,1.0,1.0,"[""green"",""yellow"",""purple"",""blue"",""red"",""cyan""]",cyan,True,"[{""x"":649,""y"":594,""t"":1},{""x"":637,""y"":585,""t"":38},{""x"":594,""y"":547,""t"":73},{""x"":560,""y"":516,""t"":103},{""x"":552,""y"":482,""t"":138},{""x"":549,""y"":455,""t"":171},{""x"":602,""y"":427,""t"":205},{""x"":661,""y"":406,""t"":241},{""x"":713,""y"":391,""t"":273},{""x"":836,""y"":375,""t"":308},{""x"":887,""y"":346,""t"":354},{""x"":934,""y"":339,""t"":382},{""x"":970,""y"":335,""t"":411},{""x"":1008,""y"":332,""t"":445},{""x"":1016,""y"":329,""t"":479},{""x"":1056,""y"":292,""t"":512},{""x"":1061,""y"":327,""t"":559},{""x"":1061,""y"":359,""t"":586},{""x"":1076,""y"":391,""t"":618},{""x"":1085,""y"":419,""t"":649},{""x"":1069,""y"":378,""t"":682},{""x"":1070,""y"":355,""t"":716},{""x"":1006,""y"":316,""t"":765},{""x"":964,""y"":299,""t"":787},{""x"":929,""y"":286,""t"":817},{""x"":984,""y"":328,""t"":859},{""x"":1032,""y"":365,""t"":893},{""x"":1046,""y"":383,""t"":927},{""x"":1106,""y"":383,""t"":957},{""x"":1158,""y"":442,""t"":991},{""x"":1144,""y"":456,""t"":1023},{""x"":1129,""y"":466,""t"":1056},{""x"":1112,""y"":490,""t"":1093},{""x"":1125,""y"":507,""t"":1123},{""x"":1142,""y"":548,""t"":1173},{""x"":1155,""y"":582,""t"":1193},{""x"":1145,""y"":599,""t"":1226},{""x"":1122,""y"":616,""t"":1266},{""x"":1102,""y"":628,""t"":1296},{""x"":1104,""y"":641,""t"":1329},{""x"":1106,""y"":651,""t"":1376},{""x"":1105,""y"":678,""t"":1404},{""x"":1104,""y"":699,""t"":1433},{""x"":1036,""y"":705,""t"":1464},{""x"":978,""y"":707,""t"":1502},{""x"":963,""y"":726,""t"":1533},{""x"":921,""y"":765,""t"":1565},{""x"":886,""y"":797,""t"":1612},{""x"":883,""y"":799,""t"":1640},{""x"":883,""y"":798,""t"":1671},{""x"":879,""y"":793,""t"":1703},{""x"":877,""y"":788,""t"":1738},{""x"":869,""y"":760,""t"":1770},{""x"":839,""y"":739,""t"":1818},{""x"":814,""y"":720,""t"":1839},{""x"":744,""y"":695,""t"":1873},{""x"":687,""y"":674,""t"":1913},{""x"":673,""y"":643,""t"":1945},{""x"":665,""y"":617,""t"":1973}]","[{""x"":250,""y"":425,""width"":80,""height"":80,""top"":385,""right"":290,""bottom"":465,""left"":210},{""x"":400,""y"":165.1923788646684,""width"":80,""height"":80,""top"":125.1923788646684,""right"":440,""bottom"":205.1923788646684,""left"":360},{""x"":700,""y"":165.1923788646684,""width"":80,""height"":80,""top"":125.1923788646684,""right"":740,""bottom"":205.1923788646684,""left"":660},{""x"":850,""y"":425,""width"":80,""height"":80,""top"":385,""right"":890,""bottom"":465,""left"":810},{""x"":700,""y"":684.8076211353316,""width"":80,""height"":80,""top"":644.8076211353316,""right"":740,""bottom"":724.8076211353316,""left"":660},{""x"":400,""y"":684.8076211353316,""width"":80,""height"":80,""top"":644.8076211353316,""right"":440,""bottom"":724.8076211353316,""left"":360}]","{""#container"":{""x"":266.42919921875,""y"":48.58407211303711,""width"":1099.9910888671875,""height"":849.9955444335938,""top"":48.58407211303711,""right"":1366.4202880859375,""bottom"":898.5796165466309,""left"":266.42919921875}}","[{'green': 5}, {'yellow': 0}, {'purple': 10}, {'blue': 17}, {'red': 13}, {'cyan': 6}]",{'cyan': 6},blue
488,,,,511.0,1.0,4.0,"[""yellow"",""cyan"",""green"",""blue"",""purple"",""red""]",yellow_1,False,"[{""x"":639,""y"":543,""t"":1},{""x"":666,""y"":480,""t"":44},{""x"":670,""y"":435,""t"":83},{""x"":674,""y"":401,""t"":104},{""x"":702,""y"":374,""t"":137},{""x"":726,""y"":355,""t"":171},{""x"":749,""y"":327,""t"":208},{""x"":744,""y"":315,""t"":240},{""x"":727,""y"":296,""t"":274},{""x"":713,""y"":283,""t"":308},{""x"":714,""y"":297,""t"":343},{""x"":769,""y"":300,""t"":380},{""x"":817,""y"":304,""t"":415},{""x"":832,""y"":315,""t"":446},{""x"":844,""y"":327,""t"":477},{""x"":856,""y"":353,""t"":515},{""x"":865,""y"":375,""t"":546},{""x"":982,""y"":384,""t"":596},{""x"":1030,""y"":364,""t"":618},{""x"":1067,""y"":346,""t"":654},{""x"":1046,""y"":382,""t"":689},{""x"":1043,""y"":397,""t"":722},{""x"":1077,""y"":436,""t"":757},{""x"":1090,""y"":455,""t"":787},{""x"":1106,""y"":475,""t"":820},{""x"":1117,""y"":492,""t"":851},{""x"":1122,""y"":532,""t"":894},{""x"":1128,""y"":578,""t"":926},{""x"":1130,""y"":615,""t"":957},{""x"":1119,""y"":635,""t"":988},{""x"":1060,""y"":669,""t"":1035},{""x"":1009,""y"":695,""t"":1055},{""x"":1022,""y"":717,""t"":1100},{""x"":1010,""y"":712,""t"":1133},{""x"":1010,""y"":747,""t"":1165},{""x"":993,""y"":778,""t"":1194},{""x"":980,""y"":791,""t"":1225},{""x"":970,""y"":800,""t"":1269},{""x"":974,""y"":831,""t"":1301},{""x"":978,""y"":856,""t"":1326},{""x"":908,""y"":828,""t"":1364},{""x"":874,""y"":817,""t"":1395},{""x"":817,""y"":814,""t"":1443},{""x"":756,""y"":765,""t"":1473},{""x"":717,""y"":741,""t"":1505},{""x"":682,""y"":719,""t"":1533},{""x"":656,""y"":700,""t"":1567},{""x"":634,""y"":692,""t"":1602},{""x"":662,""y"":672,""t"":1643},{""x"":688,""y"":656,""t"":1675},{""x"":705,""y"":648,""t"":1705},{""x"":720,""y"":641,""t"":1735},{""x"":722,""y"":613,""t"":1774},{""x"":711,""y"":569,""t"":1803},{""x"":683,""y"":562,""t"":1854},{""x"":638,""y"":548,""t"":1872},{""x"":637,""y"":546,""t"":1906},{""x"":632,""y"":538,""t"":1947},{""x"":629,""y"":533,""t"":1972}]","[{""x"":250,""y"":425,""width"":80,""height"":80,""top"":385,""right"":290,""bottom"":465,""left"":210},{""x"":400,""y"":165.1923788646684,""width"":80,""height"":80,""top"":125.1923788646684,""right"":440,""bottom"":205.1923788646684,""left"":360},{""x"":700,""y"":165.1923788646684,""width"":80,""height"":80,""top"":125.1923788646684,""right"":740,""bottom"":205.1923788646684,""left"":660},{""x"":850,""y"":425,""width"":80,""height"":80,""top"":385,""right"":890,""bottom"":465,""left"":810},{""x"":700,""y"":684.8076211353316,""width"":80,""height"":80,""top"":644.8076211353316,""right"":740,""bottom"":724.8076211353316,""left"":660},{""x"":400,""y"":684.8076211353316,""width"":80,""height"":80,""top"":644.8076211353316,""right"":440,""bottom"":724.8076211353316,""left"":360}]","{""#container"":{""x"":266.42919921875,""y"":48.58407211303711,""width"":1099.9910888671875,""height"":849.9955444335938,""top"":48.58407211303711,""right"":1366.4202880859375,""bottom"":898.5796165466309,""left"":266.42919921875}}","[{'yellow': 6}, {'cyan': 6}, {'green': 0}, {'blue': 11}, {'purple': 12}, {'red': 10}]",{'yellow_1': 6},purple
489,,,,463.0,9.0,9.0,"[""purple"",""green"",""cyan"",""blue"",""red"",""yellow""]",cyan_1,True,"[{""x"":649,""y"":551,""t"":3},{""x"":652,""y"":546,""t"":40},{""x"":654,""y"":542,""t"":72},{""x"":663,""y"":564,""t"":104},{""x"":694,""y"":551,""t"":138},{""x"":744,""y"":543,""t"":171},{""x"":751,""y"":514,""t"":206},{""x"":751,""y"":498,""t"":239},{""x"":797,""y"":490,""t"":273},{""x"":835,""y"":484,""t"":307},{""x"":827,""y"":440,""t"":356},{""x"":858,""y"":382,""t"":385},{""x"":883,""y"":334,""t"":415},{""x"":917,""y"":344,""t"":447},{""x"":943,""y"":355,""t"":478},{""x"":987,""y"":363,""t"":513},{""x"":1037,""y"":361,""t"":557},{""x"":1102,""y"":354,""t"":589},{""x"":1152,""y"":337,""t"":618},{""x"":1153,""y"":326,""t"":650},{""x"":1118,""y"":346,""t"":683},{""x"":1151,""y"":399,""t"":731},{""x"":1177,""y"":458,""t"":753},{""x"":1196,""y"":509,""t"":783},{""x"":1237,""y"":560,""t"":826},{""x"":1207,""y"":605,""t"":852},{""x"":1156,""y"":621,""t"":891},{""x"":1146,""y"":665,""t"":919},{""x"":1126,""y"":659,""t"":969},{""x"":1107,""y"":651,""t"":988},{""x"":1092,""y"":641,""t"":1032},{""x"":1118,""y"":625,""t"":1062},{""x"":1141,""y"":609,""t"":1089},{""x"":1074,""y"":630,""t"":1127},{""x"":1042,""y"":651,""t"":1158},{""x"":959,""y"":667,""t"":1206},{""x"":885,""y"":667,""t"":1228},{""x"":816,""y"":661,""t"":1259},{""x"":818,""y"":664,""t"":1300},{""x"":824,""y"":665,""t"":1331},{""x"":845,""y"":650,""t"":1361},{""x"":856,""y"":669,""t"":1409},{""x"":869,""y"":685,""t"":1435},{""x"":870,""y"":709,""t"":1464},{""x"":872,""y"":727,""t"":1502},{""x"":885,""y"":736,""t"":1533},{""x"":824,""y"":728,""t"":1579},{""x"":772,""y"":720,""t"":1602},{""x"":740,""y"":717,""t"":1643},{""x"":715,""y"":713,""t"":1670},{""x"":705,""y"":705,""t"":1702},{""x"":699,""y"":698,""t"":1736},{""x"":647,""y"":671,""t"":1784},{""x"":632,""y"":641,""t"":1804},{""x"":652,""y"":589,""t"":1847},{""x"":672,""y"":545,""t"":1873},{""x"":648,""y"":529,""t"":1906},{""x"":642,""y"":521,""t"":1942}]","[{""x"":250,""y"":425,""width"":80,""height"":80,""top"":385,""right"":290,""bottom"":465,""left"":210},{""x"":400,""y"":165.1923788646684,""width"":80,""height"":80,""top"":125.1923788646684,""right"":440,""bottom"":205.1923788646684,""left"":360},{""x"":700,""y"":165.1923788646684,""width"":80,""height"":80,""top"":125.1923788646684,""right"":740,""bottom"":205.1923788646684,""left"":660},{""x"":850,""y"":425,""width"":80,""height"":80,""top"":385,""right"":890,""bottom"":465,""left"":810},{""x"":700,""y"":684.8076211353316,""width"":80,""height"":80,""top"":644.8076211353316,""right"":740,""bottom"":724.8076211353316,""left"":660},{""x"":400,""y"":684.8076211353316,""width"":80,""height"":80,""top"":644.8076211353316,""right"":440,""bottom"":724.8076211353316,""left"":360}]","{""#container"":{""x"":266.42919921875,""y"":48.58407211303711,""width"":1099.9910888671875,""height"":849.9955444335938,""top"":48.58407211303711,""right"":1366.4202880859375,""bottom"":898.5796165466309,""left"":266.42919921875}}","[{'purple': 2}, {'green': 0}, {'cyan': 3}, {'blue': 9}, {'red': 11}, {'yellow': 8}]",{'cyan_1': 3},red
490,,,,535.0,1.0,1.0,"[""cyan"",""red"",""purple"",""blue"",""green"",""yellow""]",yellow_1,True,"[{""x"":666,""y"":501,""t"":2},{""x"":694,""y"":489,""t"":41},{""x"":654,""y"":466,""t"":80},{""x"":620,""y"":448,""t"":114},{""x"":612,""y"":388,""t"":149},{""x"":608,""y"":367,""t"":171},{""x"":664,""y"":331,""t"":206},{""x"":712,""y"":302,""t"":239},{""x"":731,""y"":315,""t"":276},{""x"":746,""y"":328,""t"":308},{""x"":759,""y"":286,""t"":343},{""x"":786,""y"":279,""t"":382},{""x"":807,""y"":275,""t"":413},{""x"":868,""y"":288,""t"":447},{""x"":917,""y"":300,""t"":478},{""x"":960,""y"":292,""t"":513},{""x"":993,""y"":286,""t"":547},{""x"":998,""y"":271,""t"":581},{""x"":999,""y"":259,""t"":615},{""x"":942,""y"":273,""t"":649},{""x"":976,""y"":296,""t"":687},{""x"":1004,""y"":316,""t"":721},{""x"":1046,""y"":341,""t"":753},{""x"":1079,""y"":362,""t"":785},{""x"":1118,""y"":388,""t"":819},{""x"":1093,""y"":431,""t"":862},{""x"":1070,""y"":467,""t"":888},{""x"":1048,""y"":495,""t"":919},{""x"":1019,""y"":461,""t"":956},{""x"":974,""y"":465,""t"":989},{""x"":935,""y"":467,""t"":1021},{""x"":1010,""y"":484,""t"":1065},{""x"":1075,""y"":498,""t"":1090},{""x"":1079,""y"":523,""t"":1123},{""x"":1082,""y"":543,""t"":1158},{""x"":1147,""y"":555,""t"":1207},{""x"":1173,""y"":516,""t"":1230},{""x"":1194,""y"":482,""t"":1260},{""x"":1223,""y"":487,""t"":1302},{""x"":1251,""y"":468,""t"":1329},{""x"":1224,""y"":485,""t"":1363},{""x"":1239,""y"":485,""t"":1410},{""x"":1199,""y"":487,""t"":1430},{""x"":1186,""y"":444,""t"":1473},{""x"":1174,""y"":407,""t"":1505},{""x"":1156,""y"":432,""t"":1533},{""x"":1140,""y"":455,""t"":1565},{""x"":1200,""y"":515,""t"":1613},{""x"":1228,""y"":555,""t"":1633},{""x"":1276,""y"":577,""t"":1675},{""x"":1317,""y"":601,""t"":1706},{""x"":1350,""y"":620,""t"":1735},{""x"":1323,""y"":672,""t"":1784},{""x"":1316,""y"":702,""t"":1812},{""x"":1317,""y"":738,""t"":1843},{""x"":1317,""y"":767,""t"":1875},{""x"":1266,""y"":802,""t"":1907},{""x"":1222,""y"":829,""t"":1942},{""x"":1174,""y"":844,""t"":1973}]","[{""x"":250,""y"":425,""width"":80,""height"":80,""top"":385,""right"":290,""bottom"":465,""left"":210},{""x"":400,""y"":165.1923788646684,""width"":80,""height"":80,""top"":125.1923788646684,""right"":440,""bottom"":205.1923788646684,""left"":360},{""x"":700,""y"":165.1923788646684,""width"":80,""height"":80,""top"":125.1923788646684,""right"":740,""bottom"":205.1923788646684,""left"":660},{""x"":850,""y"":425,""width"":80,""height"":80,""top"":385,""right"":890,""bottom"":465,""left"":810},{""x"":700,""y"":684.8076211353316,""width"":80,""height"":80,""top"":644.8076211353316,""right"":740,""bottom"":724.8076211353316,""left"":660},{""x"":400,""y"":684.8076211353316,""width"":80,""height"":80,""top"":644.8076211353316,""right"":440,""bottom"":724.8076211353316,""left"":360}]","{""#container"":{""x"":266.42919921875,""y"":48.58407211303711,""width"":1099.9910888671875,""height"":849.9955444335938,""top"":48.58407211303711,""right"":1366.4202880859375,""bottom"":898.5796165466309,""left"":266.42919921875}}","[{'cyan': 4}, {'red': 6}, {'purple': 9}, {'blue': 25}, {'green': 0}, {'yellow': 0}]",,blue
491,,,,538.0,1.0,1.0,"[""blue"",""red"",""green"",""purple"",""yellow"",""cyan""]",cyan_1,True,"[{""x"":1034,""y"":792,""t"":2},{""x"":926,""y"":726,""t"":39},{""x"":883,""y"":697,""t"":77},{""x"":851,""y"":671,""t"":108},{""x"":811,""y"":637,""t"":139},{""x"":769,""y"":624,""t"":172},{""x"":753,""y"":616,""t"":206},{""x"":777,""y"":596,""t"":242},{""x"":765,""y"":573,""t"":277},{""x"":848,""y"":530,""t"":307},{""x"":921,""y"":495,""t"":343},{""x"":880,""y"":468,""t"":377},{""x"":982,""y"":394,""t"":422},{""x"":1069,""y"":334,""t"":449},{""x"":1070,""y"":306,""t"":482},{""x"":1068,""y"":286,""t"":511},{""x"":1091,""y"":281,""t"":562},{""x"":1095,""y"":268,""t"":580},{""x"":1091,""y"":260,""t"":618},{""x"":1101,""y"":295,""t"":652},{""x"":1113,""y"":324,""t"":682},{""x"":1171,""y"":353,""t"":718},{""x"":1219,""y"":379,""t"":750},{""x"":1244,""y"":387,""t"":797},{""x"":1263,""y"":394,""t"":826},{""x"":1307,""y"":432,""t"":854},{""x"":1341,""y"":464,""t"":885},{""x"":1335,""y"":478,""t"":921},{""x"":1323,""y"":512,""t"":955},{""x"":1309,""y"":540,""t"":1000},{""x"":1354,""y"":573,""t"":1032},{""x"":1390,""y"":598,""t"":1057},{""x"":1387,""y"":639,""t"":1090},{""x"":1391,""y"":635,""t"":1124},{""x"":1389,""y"":647,""t"":1160},{""x"":1303,""y"":674,""t"":1195},{""x"":1228,""y"":696,""t"":1228},{""x"":1207,""y"":721,""t"":1260},{""x"":1191,""y"":741,""t"":1296},{""x"":1177,""y"":700,""t"":1328},{""x"":1166,""y"":664,""t"":1374},{""x"":1098,""y"":675,""t"":1404},{""x"":1067,""y"":717,""t"":1431},{""x"":1044,""y"":751,""t"":1466},{""x"":1021,""y"":733,""t"":1499},{""x"":1003,""y"":718,""t"":1543},{""x"":938,""y"":701,""t"":1575},{""x"":885,""y"":686,""t"":1603},{""x"":810,""y"":709,""t"":1634},{""x"":809,""y"":720,""t"":1669},{""x"":777,""y"":697,""t"":1715},{""x"":768,""y"":688,""t"":1736},{""x"":764,""y"":680,""t"":1780},{""x"":743,""y"":696,""t"":1812},{""x"":728,""y"":709,""t"":1843},{""x"":689,""y"":727,""t"":1875},{""x"":652,""y"":756,""t"":1905},{""x"":636,""y"":727,""t"":1952},{""x"":630,""y"":708,""t"":1974}]","[{""x"":250,""y"":425,""width"":80,""height"":80,""top"":385,""right"":290,""bottom"":465,""left"":210},{""x"":400,""y"":165.1923788646684,""width"":80,""height"":80,""top"":125.1923788646684,""right"":440,""bottom"":205.1923788646684,""left"":360},{""x"":700,""y"":165.1923788646684,""width"":80,""height"":80,""top"":125.1923788646684,""right"":740,""bottom"":205.1923788646684,""left"":660},{""x"":850,""y"":425,""width"":80,""height"":80,""top"":385,""right"":890,""bottom"":465,""left"":810},{""x"":700,""y"":684.8076211353316,""width"":80,""height"":80,""top"":644.8076211353316,""right"":740,""bottom"":724.8076211353316,""left"":660},{""x"":400,""y"":684.8076211353316,""width"":80,""height"":80,""top"":644.8076211353316,""right"":440,""bottom"":724.8076211353316,""left"":360}]","{""#container"":{""x"":266.42919921875,""y"":48.58407211303711,""width"":1099.9910888671875,""height"":849.9955444335938,""top"":48.58407211303711,""right"":1366.4202880859375,""bottom"":898.5796165466309,""left"":266.42919921875}}","[{'blue': 0}, {'red': 0}, {'green': 5}, {'purple': 4}, {'yellow': 11}, {'cyan': 13}]",{'cyan_1': 13},cyan_1
492,,,,1047.0,9.0,9.0,"[""cyan"",""green"",""red"",""blue"",""purple"",""yellow""]",red_1,True,"[{""x"":652,""y"":664,""t"":3},{""x"":734,""y"":625,""t"":40},{""x"":758,""y"":619,""t"":70},{""x"":778,""y"":615,""t"":103},{""x"":807,""y"":582,""t"":138},{""x"":831,""y"":555,""t"":170},{""x"":829,""y"":553,""t"":206},{""x"":823,""y"":540,""t"":239},{""x"":896,""y"":513,""t"":274},{""x"":957,""y"":491,""t"":307},{""x"":917,""y"":430,""t"":357},{""x"":927,""y"":399,""t"":379},{""x"":901,""y"":363,""t"":409},{""x"":916,""y"":330,""t"":449},{""x"":927,""y"":306,""t"":478},{""x"":953,""y"":291,""t"":514},{""x"":938,""y"":247,""t"":560},{""x"":936,""y"":229,""t"":579},{""x"":950,""y"":262,""t"":622},{""x"":962,""y"":292,""t"":653},{""x"":968,""y"":288,""t"":683},{""x"":973,""y"":286,""t"":717},{""x"":969,""y"":288,""t"":751},{""x"":941,""y"":276,""t"":798},{""x"":917,""y"":267,""t"":818},{""x"":940,""y"":287,""t"":856},{""x"":961,""y"":304,""t"":886},{""x"":998,""y"":341,""t"":923},{""x"":992,""y"":381,""t"":953},{""x"":1031,""y"":397,""t"":1001},{""x"":1064,""y"":410,""t"":1026},{""x"":1135,""y"":436,""t"":1058},{""x"":1194,""y"":457,""t"":1093},{""x"":1242,""y"":483,""t"":1124},{""x"":1284,""y"":498,""t"":1172},{""x"":1317,""y"":508,""t"":1198},{""x"":1321,""y"":505,""t"":1231},{""x"":1321,""y"":501,""t"":1261},{""x"":1343,""y"":533,""t"":1294},{""x"":1341,""y"":580,""t"":1343},{""x"":1337,""y"":618,""t"":1369},{""x"":1314,""y"":636,""t"":1401},{""x"":1292,""y"":643,""t"":1429},{""x"":1257,""y"":651,""t"":1466},{""x"":1227,""y"":655,""t"":1497},{""x"":1224,""y"":631,""t"":1545},{""x"":1222,""y"":608,""t"":1565},{""x"":1240,""y"":679,""t"":1610},{""x"":1320,""y"":686,""t"":1638},{""x"":1387,""y"":697,""t"":1668},{""x"":1380,""y"":721,""t"":1702},{""x"":1417,""y"":716,""t"":1748},{""x"":1393,""y"":700,""t"":1781},{""x"":1371,""y"":684,""t"":1809},{""x"":1331,""y"":676,""t"":1837},{""x"":1297,""y"":669,""t"":1875},{""x"":1224,""y"":666,""t"":1907},{""x"":1152,""y"":666,""t"":1956},{""x"":1093,""y"":667,""t"":1977}]","[{""x"":250,""y"":425,""width"":80,""height"":80,""top"":385,""right"":290,""bottom"":465,""left"":210},{""x"":400,""y"":165.1923788646684,""width"":80,""height"":80,""top"":125.1923788646684,""right"":440,""bottom"":205.1923788646684,""left"":360},{""x"":700,""y"":165.1923788646684,""width"":80,""height"":80,""top"":125.1923788646684,""right"":740,""bottom"":205.1923788646684,""left"":660},{""x"":850,""y"":425,""width"":80,""height"":80,""top"":385,""right"":890,""bottom"":465,""left"":810},{""x"":700,""y"":684.8076211353316,""width"":80,""height"":80,""top"":644.8076211353316,""right"":740,""bottom"":724.8076211353316,""left"":660},{""x"":400,""y"":684.8076211353316,""width"":80,""height"":80,""top"":644.8076211353316,""right"":440,""bottom"":724.8076211353316,""left"":360}]","{""#container"":{""x"":266.42919921875,""y"":48.58407211303711,""width"":1099.9910888671875,""height"":849.9955444335938,""top"":48.58407211303711,""right"":1366.4202880859375,""bottom"":898.5796165466309,""left"":266.42919921875}}","[{'cyan': 0}, {'green': 0}, {'red': 15}, {'blue': 5}, {'purple': 1}, {'yellow': 3}]",{'red_1': 15},red_1
493,,,,628.0,4.0,4.0,"[""purple"",""red"",""green"",""blue"",""yellow"",""cyan""]",purple_1,True,"[{""x"":988,""y"":584,""t"":1},{""x"":932,""y"":535,""t"":37},{""x"":910,""y"":483,""t"":70},{""x"":867,""y"":450,""t"":104},{""x"":903,""y"":402,""t"":137},{""x"":922,""y"":369,""t"":172},{""x"":951,""y"":311,""t"":207},{""x"":978,""y"":265,""t"":238},{""x"":958,""y"":225,""t"":275},{""x"":912,""y"":208,""t"":307},{""x"":993,""y"":207,""t"":355},{""x"":985,""y"":220,""t"":383},{""x"":979,""y"":234,""t"":410},{""x"":1026,""y"":250,""t"":451},{""x"":1009,""y"":253,""t"":482},{""x"":1001,""y"":238,""t"":513},{""x"":995,""y"":226,""t"":559},{""x"":1009,""y"":245,""t"":587},{""x"":1035,""y"":252,""t"":616},{""x"":1048,""y"":284,""t"":649},{""x"":1057,""y"":281,""t"":685},{""x"":1057,""y"":295,""t"":715},{""x"":1091,""y"":320,""t"":765},{""x"":1119,""y"":341,""t"":785},{""x"":1105,""y"":376,""t"":818},{""x"":1101,""y"":372,""t"":858},{""x"":1046,""y"":423,""t"":888},{""x"":998,""y"":464,""t"":919},{""x"":1007,""y"":524,""t"":969},{""x"":1055,""y"":546,""t"":990},{""x"":1097,""y"":562,""t"":1021},{""x"":1112,""y"":608,""t"":1062},{""x"":1138,""y"":652,""t"":1093},{""x"":1100,""y"":643,""t"":1123},{""x"":1158,""y"":638,""t"":1174},{""x"":1207,""y"":631,""t"":1201},{""x"":1183,""y"":652,""t"":1231},{""x"":1176,""y"":665,""t"":1259},{""x"":1180,""y"":641,""t"":1300},{""x"":1183,""y"":620,""t"":1327},{""x"":1153,""y"":633,""t"":1364},{""x"":1119,""y"":622,""t"":1411},{""x"":1089,""y"":603,""t"":1439},{""x"":1064,""y"":609,""t"":1471},{""x"":1039,""y"":633,""t"":1500},{""x"":1011,""y"":650,""t"":1534},{""x"":1030,""y"":649,""t"":1565},{""x"":963,""y"":634,""t"":1613},{""x"":899,""y"":631,""t"":1633},{""x"":858,""y"":615,""t"":1676},{""x"":850,""y"":637,""t"":1709},{""x"":848,""y"":670,""t"":1735},{""x"":852,""y"":699,""t"":1784},{""x"":872,""y"":699,""t"":1804},{""x"":850,""y"":685,""t"":1847},{""x"":832,""y"":671,""t"":1873},{""x"":859,""y"":665,""t"":1906},{""x"":890,""y"":656,""t"":1941},{""x"":810,""y"":625,""t"":1973}]","[{""x"":250,""y"":425,""width"":80,""height"":80,""top"":385,""right"":290,""bottom"":465,""left"":210},{""x"":400,""y"":165.1923788646684,""width"":80,""height"":80,""top"":125.1923788646684,""right"":440,""bottom"":205.1923788646684,""left"":360},{""x"":700,""y"":165.1923788646684,""width"":80,""height"":80,""top"":125.1923788646684,""right"":740,""bottom"":205.1923788646684,""left"":660},{""x"":850,""y"":425,""width"":80,""height"":80,""top"":385,""right"":890,""bottom"":465,""left"":810},{""x"":700,""y"":684.8076211353316,""width"":80,""height"":80,""top"":644.8076211353316,""right"":740,""bottom"":724.8076211353316,""left"":660},{""x"":400,""y"":684.8076211353316,""width"":80,""height"":80,""top"":644.8076211353316,""right"":440,""bottom"":724.8076211353316,""left"":360}]","{""#container"":{""x"":266.42919921875,""y"":48.58407211303711,""width"":1099.9910888671875,""height"":849.9955444335938,""top"":48.58407211303711,""right"":1366.4202880859375,""bottom"":898.5796165466309,""left"":266.42919921875}}","[{'purple': 0}, {'red': 0}, {'green': 16}, {'blue': 12}, {'yellow': 12}, {'cyan': 0}]",,green
494,,,,1061.0,7.0,4.0,"[""blue"",""yellow"",""green"",""red"",""cyan"",""purple""]",blue_1,False,"[{""x"":810,""y"":586,""t"":1},{""x"":808,""y"":575,""t"":39},{""x"":807,""y"":566,""t"":71},{""x"":866,""y"":512,""t"":104},{""x"":897,""y"":469,""t"":137},{""x"":972,""y"":465,""t"":172},{""x"":1031,""y"":401,""t"":205},{""x"":1038,""y"":378,""t"":241},{""x"":1024,""y"":335,""t"":274},{""x"":998,""y"":264,""t"":307},{""x"":1036,""y"":247,""t"":354},{""x"":1068,""y"":236,""t"":384},{""x"":1135,""y"":269,""t"":417},{""x"":1190,""y"":300,""t"":443},{""x"":1209,""y"":294,""t"":478},{""x"":1232,""y"":305,""t"":526},{""x"":1226,""y"":317,""t"":547},{""x"":1234,""y"":303,""t"":581},{""x"":1237,""y"":292,""t"":620},{""x"":1199,""y"":343,""t"":653},{""x"":1179,""y"":344,""t"":683},{""x"":1219,""y"":379,""t"":731},{""x"":1253,""y"":409,""t"":753},{""x"":1282,""y"":433,""t"":783},{""x"":1241,""y"":432,""t"":826},{""x"":1204,""y"":430,""t"":858},{""x"":1190,""y"":410,""t"":890},{""x"":1179,""y"":391,""t"":921},{""x"":1166,""y"":412,""t"":954},{""x"":1118,""y"":398,""t"":997},{""x"":1066,""y"":388,""t"":1027},{""x"":1068,""y"":381,""t"":1059},{""x"":1069,""y"":357,""t"":1089},{""x"":1125,""y"":377,""t"":1139},{""x"":1174,""y"":395,""t"":1158},{""x"":1129,""y"":411,""t"":1193},{""x"":1107,""y"":453,""t"":1229},{""x"":1088,""y"":489,""t"":1260},{""x"":1062,""y"":492,""t"":1309},{""x"":1040,""y"":494,""t"":1336},{""x"":1072,""y"":548,""t"":1362},{""x"":1101,""y"":593,""t"":1401},{""x"":1183,""y"":626,""t"":1432},{""x"":1253,""y"":652,""t"":1463},{""x"":1265,""y"":669,""t"":1510},{""x"":1328,""y"":727,""t"":1541},{""x"":1381,""y"":773,""t"":1568},{""x"":1310,""y"":753,""t"":1601},{""x"":1247,""y"":733,""t"":1637},{""x"":1252,""y"":754,""t"":1669},{""x"":1242,""y"":762,""t"":1713},{""x"":1156,""y"":759,""t"":1744},{""x"":1172,""y"":774,""t"":1774},{""x"":1187,""y"":786,""t"":1805},{""x"":1161,""y"":761,""t"":1838},{""x"":1125,""y"":745,""t"":1885},{""x"":1106,""y"":741,""t"":1906},{""x"":1090,""y"":737,""t"":1947},{""x"":1133,""y"":717,""t"":1977}]","[{""x"":250,""y"":425,""width"":80,""height"":80,""top"":385,""right"":290,""bottom"":465,""left"":210},{""x"":400,""y"":165.1923788646684,""width"":80,""height"":80,""top"":125.1923788646684,""right"":440,""bottom"":205.1923788646684,""left"":360},{""x"":700,""y"":165.1923788646684,""width"":80,""height"":80,""top"":125.1923788646684,""right"":740,""bottom"":205.1923788646684,""left"":660},{""x"":850,""y"":425,""width"":80,""height"":80,""top"":385,""right"":890,""bottom"":465,""left"":810},{""x"":700,""y"":684.8076211353316,""width"":80,""height"":80,""top"":644.8076211353316,""right"":740,""bottom"":724.8076211353316,""left"":660},{""x"":400,""y"":684.8076211353316,""width"":80,""height"":80,""top"":644.8076211353316,""right"":440,""bottom"":724.8076211353316,""left"":360}]","{""#container"":{""x"":266.42919921875,""y"":48.58407211303711,""width"":1099.9910888671875,""height"":849.9955444335938,""top"":48.58407211303711,""right"":1366.4202880859375,""bottom"":898.5796165466309,""left"":266.42919921875}}","[{'blue': 0}, {'yellow': 0}, {'green': 4}, {'red': 23}, {'cyan': 2}, {'purple': 0}]",,red
495,,,,976.0,7.0,7.0,"[""red"",""green"",""cyan"",""blue"",""purple"",""yellow""]",green,True,"[{""x"":1031,""y"":631,""t"":3},{""x"":924,""y"":560,""t"":43},{""x"":869,""y"":498,""t"":70},{""x"":814,""y"":426,""t"":104},{""x"":740,""y"":402,""t"":138},{""x"":669,""y"":380,""t"":173},{""x"":617,""y"":332,""t"":206},{""x"":612,""y"":297,""t"":238},{""x"":596,""y"":248,""t"":274},{""x"":602,""y"":221,""t"":307},{""x"":646,""y"":214,""t"":354},{""x"":692,""y"":223,""t"":377},{""x"":775,""y"":201,""t"":411},{""x"":919,""y"":223,""t"":447},{""x"":1047,""y"":237,""t"":477},{""x"":1095,""y"":197,""t"":526},{""x"":1132,""y"":165,""t"":545},{""x"":1107,""y"":162,""t"":586},{""x"":1100,""y"":174,""t"":620},{""x"":1084,""y"":225,""t"":651},{""x"":1073,""y"":272,""t"":691},{""x"":1060,""y"":312,""t"":726},{""x"":1110,""y"":341,""t"":758},{""x"":1141,""y"":375,""t"":790},{""x"":1188,""y"":427,""t"":818},{""x"":1202,""y"":457,""t"":852},{""x"":1180,""y"":458,""t"":901},{""x"":1115,""y"":452,""t"":923},{""x"":1204,""y"":440,""t"":954},{""x"":1170,""y"":477,""t"":994},{""x"":1140,""y"":508,""t"":1021},{""x"":1133,""y"":510,""t"":1059},{""x"":1108,""y"":508,""t"":1105},{""x"":1065,""y"":500,""t"":1124},{""x"":1029,""y"":491,""t"":1157},{""x"":973,""y"":524,""t"":1199},{""x"":996,""y"":538,""t"":1232},{""x"":1018,""y"":548,""t"":1263},{""x"":940,""y"":564,""t"":1295},{""x"":933,""y"":541,""t"":1339},{""x"":917,""y"":589,""t"":1367},{""x"":905,""y"":577,""t"":1397},{""x"":886,""y"":602,""t"":1431},{""x"":859,""y"":615,""t"":1466},{""x"":837,""y"":626,""t"":1497},{""x"":835,""y"":654,""t"":1544},{""x"":836,""y"":677,""t"":1575},{""x"":842,""y"":677,""t"":1608},{""x"":911,""y"":696,""t"":1639},{""x"":923,""y"":719,""t"":1670},{""x"":962,""y"":691,""t"":1717},{""x"":994,""y"":667,""t"":1738},{""x"":998,""y"":682,""t"":1770},{""x"":991,""y"":698,""t"":1810},{""x"":984,""y"":691,""t"":1843},{""x"":978,""y"":685,""t"":1871},{""x"":898,""y"":705,""t"":1920},{""x"":812,""y"":716,""t"":1942}]","[{""x"":250,""y"":425,""width"":80,""height"":80,""top"":385,""right"":290,""bottom"":465,""left"":210},{""x"":400,""y"":165.1923788646684,""width"":80,""height"":80,""top"":125.1923788646684,""right"":440,""bottom"":205.1923788646684,""left"":360},{""x"":700,""y"":165.1923788646684,""width"":80,""height"":80,""top"":125.1923788646684,""right"":740,""bottom"":205.1923788646684,""left"":660},{""x"":850,""y"":425,""width"":80,""height"":80,""top"":385,""right"":890,""bottom"":465,""left"":810},{""x"":700,""y"":684.8076211353316,""width"":80,""height"":80,""top"":644.8076211353316,""right"":740,""bottom"":724.8076211353316,""left"":660},{""x"":400,""y"":684.8076211353316,""width"":80,""height"":80,""top"":644.8076211353316,""right"":440,""bottom"":724.8076211353316,""left"":360}]","{""#container"":{""x"":266.42919921875,""y"":48.58407211303711,""width"":1099.9910888671875,""height"":849.9955444335938,""top"":48.58407211303711,""right"":1366.4202880859375,""bottom"":898.5796165466309,""left"":266.42919921875}}","[{'red': 0}, {'green': 7}, {'cyan': 8}, {'blue': 15}, {'purple': 12}, {'yellow': 1}]",{'green': 7},blue
496,,,,570.0,4.0,4.0,"[""green"",""cyan"",""purple"",""blue"",""red"",""yellow""]",green_1,True,"[{""x"":700,""y"":684,""t"":1},{""x"":665,""y"":639,""t"":38},{""x"":635,""y"":591,""t"":69},{""x"":657,""y"":558,""t"":105},{""x"":678,""y"":531,""t"":137},{""x"":724,""y"":460,""t"":172},{""x"":765,""y"":402,""t"":204},{""x"":824,""y"":374,""t"":240},{""x"":841,""y"":326,""t"":273},{""x"":838,""y"":294,""t"":309},{""x"":886,""y"":273,""t"":349},{""x"":926,""y"":259,""t"":380},{""x"":966,""y"":231,""t"":418},{""x"":999,""y"":211,""t"":443},{""x"":975,""y"":216,""t"":494},{""x"":933,""y"":224,""t"":514},{""x"":893,""y"":186,""t"":547},{""x"":858,""y"":155,""t"":582},{""x"":899,""y"":158,""t"":617},{""x"":914,""y"":166,""t"":650},{""x"":926,""y"":176,""t"":685},{""x"":1019,""y"":224,""t"":716},{""x"":1096,""y"":266,""t"":759},{""x"":1180,""y"":287,""t"":789},{""x"":1248,""y"":305,""t"":818},{""x"":1323,""y"":377,""t"":854},{""x"":1382,""y"":438,""t"":886},{""x"":1309,""y"":496,""t"":931},{""x"":1307,""y"":466,""t"":957},{""x"":1288,""y"":430,""t"":987},{""x"":1264,""y"":444,""t"":1025},{""x"":1242,""y"":454,""t"":1055},{""x"":1178,""y"":473,""t"":1103},{""x"":1123,""y"":487,""t"":1127},{""x"":1163,""y"":534,""t"":1162},{""x"":1106,""y"":530,""t"":1196},{""x"":1057,""y"":524,""t"":1226},{""x"":1044,""y"":530,""t"":1261},{""x"":1074,""y"":553,""t"":1308},{""x"":1102,""y"":571,""t"":1337},{""x"":1126,""y"":586,""t"":1362},{""x"":1097,""y"":631,""t"":1400},{""x"":1040,""y"":638,""t"":1435},{""x"":992,""y"":642,""t"":1472},{""x"":939,""y"":664,""t"":1507},{""x"":896,""y"":681,""t"":1535},{""x"":848,""y"":703,""t"":1568},{""x"":811,""y"":720,""t"":1599},{""x"":780,""y"":751,""t"":1640},{""x"":758,""y"":775,""t"":1667},{""x"":736,""y"":783,""t"":1702},{""x"":732,""y"":807,""t"":1751},{""x"":736,""y"":793,""t"":1771},{""x"":752,""y"":771,""t"":1804},{""x"":767,""y"":751,""t"":1844},{""x"":713,""y"":724,""t"":1876},{""x"":668,""y"":700,""t"":1905},{""x"":648,""y"":665,""t"":1956},{""x"":633,""y"":636,""t"":1975}]","[{""x"":250,""y"":425,""width"":80,""height"":80,""top"":385,""right"":290,""bottom"":465,""left"":210},{""x"":400,""y"":165.1923788646684,""width"":80,""height"":80,""top"":125.1923788646684,""right"":440,""bottom"":205.1923788646684,""left"":360},{""x"":700,""y"":165.1923788646684,""width"":80,""height"":80,""top"":125.1923788646684,""right"":740,""bottom"":205.1923788646684,""left"":660},{""x"":850,""y"":425,""width"":80,""height"":80,""top"":385,""right"":890,""bottom"":465,""left"":810},{""x"":700,""y"":684.8076211353316,""width"":80,""height"":80,""top"":644.8076211353316,""right"":740,""bottom"":724.8076211353316,""left"":660},{""x"":400,""y"":684.8076211353316,""width"":80,""height"":80,""top"":644.8076211353316,""right"":440,""bottom"":724.8076211353316,""left"":360}]","{""#container"":{""x"":266.42919921875,""y"":48.58407211303711,""width"":1099.9910888671875,""height"":849.9955444335938,""top"":48.58407211303711,""right"":1366.4202880859375,""bottom"":898.5796165466309,""left"":266.42919921875}}","[{'green': 0}, {'cyan': 0}, {'purple': 13}, {'blue': 10}, {'red': 5}, {'yellow': 15}]",,yellow
497,,,,704.0,1.0,1.0,"[""cyan"",""yellow"",""green"",""purple"",""red"",""blue""]",blue_1,True,"[{""x"":654,""y"":594,""t"":1},{""x"":655,""y"":574,""t"":40},{""x"":661,""y"":545,""t"":76},{""x"":668,""y"":522,""t"":102},{""x"":664,""y"":496,""t"":137},{""x"":662,""y"":476,""t"":171},{""x"":726,""y"":445,""t"":206},{""x"":775,""y"":444,""t"":239},{""x"":906,""y"":412,""t"":275},{""x"":945,""y"":377,""t"":310},{""x"":951,""y"":315,""t"":340},{""x"":1026,""y"":324,""t"":385},{""x"":1087,""y"":335,""t"":411},{""x"":1074,""y"":302,""t"":445},{""x"":1059,""y"":276,""t"":478},{""x"":995,""y"":236,""t"":527},{""x"":939,""y"":203,""t"":545},{""x"":941,""y"":201,""t"":590},{""x"":1016,""y"":220,""t"":623},{""x"":1080,""y"":238,""t"":653},{""x"":1102,""y"":254,""t"":685},{""x"":1169,""y"":303,""t"":716},{""x"":1174,""y"":316,""t"":763},{""x"":1176,""y"":327,""t"":784},{""x"":1151,""y"":331,""t"":828},{""x"":1182,""y"":366,""t"":856},{""x"":1207,""y"":396,""t"":886},{""x"":1197,""y"":411,""t"":922},{""x"":1187,""y"":422,""t"":953},{""x"":1122,""y"":437,""t"":991},{""x"":1148,""y"":434,""t"":1027},{""x"":1143,""y"":423,""t"":1058},{""x"":1137,""y"":430,""t"":1091},{""x"":1132,""y"":436,""t"":1125},{""x"":1118,""y"":430,""t"":1159},{""x"":1117,""y"":392,""t"":1205},{""x"":1114,""y"":365,""t"":1231},{""x"":1112,""y"":342,""t"":1261},{""x"":1102,""y"":376,""t"":1294},{""x"":1164,""y"":430,""t"":1332},{""x"":1217,""y"":477,""t"":1361},{""x"":1239,""y"":484,""t"":1410},{""x"":1249,""y"":520,""t"":1430},{""x"":1299,""y"":550,""t"":1472},{""x"":1340,""y"":573,""t"":1502},{""x"":1279,""y"":559,""t"":1533},{""x"":1254,""y"":553,""t"":1580},{""x"":1233,""y"":547,""t"":1599},{""x"":1215,""y"":556,""t"":1644},{""x"":1200,""y"":563,""t"":1672},{""x"":1182,""y"":598,""t"":1707},{""x"":1175,""y"":625,""t"":1736},{""x"":1138,""y"":673,""t"":1771},{""x"":1073,""y"":697,""t"":1818},{""x"":1019,""y"":715,""t"":1843},{""x"":974,""y"":728,""t"":1870},{""x"":927,""y"":732,""t"":1913},{""x"":919,""y"":760,""t"":1945},{""x"":915,""y"":783,""t"":1976}]","[{""x"":250,""y"":425,""width"":80,""height"":80,""top"":385,""right"":290,""bottom"":465,""left"":210},{""x"":400,""y"":165.1923788646684,""width"":80,""height"":80,""top"":125.1923788646684,""right"":440,""bottom"":205.1923788646684,""left"":360},{""x"":700,""y"":165.1923788646684,""width"":80,""height"":80,""top"":125.1923788646684,""right"":740,""bottom"":205.1923788646684,""left"":660},{""x"":850,""y"":425,""width"":80,""height"":80,""top"":385,""right"":890,""bottom"":465,""left"":810},{""x"":700,""y"":684.8076211353316,""width"":80,""height"":80,""top"":644.8076211353316,""right"":740,""bottom"":724.8076211353316,""left"":660},{""x"":400,""y"":684.8076211353316,""width"":80,""height"":80,""top"":644.8076211353316,""right"":440,""bottom"":724.8076211353316,""left"":360}]","{""#container"":{""x"":266.42919921875,""y"":48.58407211303711,""width"":1099.9910888671875,""height"":849.9955444335938,""top"":48.58407211303711,""right"":1366.4202880859375,""bottom"":898.5796165466309,""left"":266.42919921875}}","[{'cyan': 2}, {'yellow': 0}, {'green': 10}, {'purple': 24}, {'red': 6}, {'blue': 1}]",{'blue_1': 1},purple
498,,,,953.0,3.0,1.0,"[""blue"",""yellow"",""red"",""cyan"",""green"",""purple""]",purple,False,"[{""x"":906,""y"":731,""t"":1},{""x"":917,""y"":688,""t"":37},{""x"":903,""y"":614,""t"":71},{""x"":893,""y"":552,""t"":104},{""x"":958,""y"":460,""t"":138},{""x"":1014,""y"":384,""t"":171},{""x"":1018,""y"":360,""t"":205},{""x"":1051,""y"":366,""t"":241},{""x"":1080,""y"":375,""t"":273},{""x"":1080,""y"":347,""t"":308},{""x"":1080,""y"":326,""t"":350},{""x"":1063,""y"":315,""t"":380},{""x"":1070,""y"":340,""t"":409},{""x"":1054,""y"":308,""t"":446},{""x"":989,""y"":327,""t"":492},{""x"":934,""y"":345,""t"":514},{""x"":940,""y"":372,""t"":546},{""x"":947,""y"":396,""t"":587},{""x"":1040,""y"":436,""t"":617},{""x"":1120,""y"":469,""t"":647},{""x"":1176,""y"":479,""t"":695},{""x"":1222,""y"":486,""t"":715},{""x"":1290,""y"":496,""t"":759},{""x"":1318,""y"":523,""t"":790},{""x"":1339,""y"":546,""t"":818},{""x"":1352,""y"":565,""t"":853},{""x"":1360,""y"":580,""t"":899},{""x"":1343,""y"":555,""t"":928},{""x"":1328,""y"":523,""t"":952},{""x"":1338,""y"":527,""t"":995},{""x"":1328,""y"":515,""t"":1028},{""x"":1335,""y"":516,""t"":1061},{""x"":1355,""y"":544,""t"":1094},{""x"":1371,""y"":568,""t"":1123},{""x"":1372,""y"":578,""t"":1169},{""x"":1372,""y"":586,""t"":1195},{""x"":1313,""y"":568,""t"":1225},{""x"":1319,""y"":612,""t"":1260},{""x"":1320,""y"":580,""t"":1307},{""x"":1321,""y"":552,""t"":1330},{""x"":1322,""y"":527,""t"":1368},{""x"":1250,""y"":531,""t"":1399},{""x"":1198,""y"":550,""t"":1429},{""x"":1187,""y"":601,""t"":1478},{""x"":1179,""y"":645,""t"":1504},{""x"":1183,""y"":675,""t"":1533},{""x"":1173,""y"":700,""t"":1573},{""x"":1166,""y"":720,""t"":1602},{""x"":1169,""y"":730,""t"":1635},{""x"":1172,""y"":736,""t"":1667},{""x"":1078,""y"":754,""t"":1716},{""x"":998,""y"":768,""t"":1735},{""x"":927,""y"":766,""t"":1777},{""x"":869,""y"":762,""t"":1805},{""x"":838,""y"":748,""t"":1838},{""x"":773,""y"":725,""t"":1887},{""x"":723,""y"":704,""t"":1907},{""x"":659,""y"":655,""t"":1939},{""x"":610,""y"":613,""t"":1978}]","[{""x"":250,""y"":425,""width"":80,""height"":80,""top"":385,""right"":290,""bottom"":465,""left"":210},{""x"":400,""y"":165.1923788646684,""width"":80,""height"":80,""top"":125.1923788646684,""right"":440,""bottom"":205.1923788646684,""left"":360},{""x"":700,""y"":165.1923788646684,""width"":80,""height"":80,""top"":125.1923788646684,""right"":740,""bottom"":205.1923788646684,""left"":660},{""x"":850,""y"":425,""width"":80,""height"":80,""top"":385,""right"":890,""bottom"":465,""left"":810},{""x"":700,""y"":684.8076211353316,""width"":80,""height"":80,""top"":644.8076211353316,""right"":740,""bottom"":724.8076211353316,""left"":660},{""x"":400,""y"":684.8076211353316,""width"":80,""height"":80,""top"":644.8076211353316,""right"":440,""bottom"":724.8076211353316,""left"":360}]","{""#container"":{""x"":266.42919921875,""y"":48.58407211303711,""width"":1099.9910888671875,""height"":849.9955444335938,""top"":48.58407211303711,""right"":1366.4202880859375,""bottom"":898.5796165466309,""left"":266.42919921875}}","[{'blue': 0}, {'yellow': 0}, {'red': 4}, {'cyan': 12}, {'green': 8}, {'purple': 4}]",{'purple': 4},cyan
499,,,,1183.0,6.0,6.0,"[""red"",""green"",""purple"",""blue"",""yellow"",""cyan""]",blue_1,True,"[{""x"":551,""y"":583,""t"":1},{""x"":593,""y"":567,""t"":44},{""x"":681,""y"":455,""t"":74},{""x"":741,""y"":371,""t"":106},{""x"":707,""y"":348,""t"":137},{""x"":681,""y"":326,""t"":170},{""x"":751,""y"":304,""t"":207},{""x"":811,""y"":290,""t"":239},{""x"":824,""y"":312,""t"":275},{""x"":834,""y"":334,""t"":308},{""x"":925,""y"":329,""t"":342},{""x"":965,""y"":313,""t"":386},{""x"":997,""y"":301,""t"":417},{""x"":968,""y"":303,""t"":452},{""x"":941,""y"":305,""t"":485},{""x"":965,""y"":271,""t"":516},{""x"":958,""y"":256,""t"":553},{""x"":975,""y"":290,""t"":584},{""x"":929,""y"":305,""t"":613},{""x"":889,""y"":318,""t"":652},{""x"":964,""y"":376,""t"":683},{""x"":1013,""y"":417,""t"":715},{""x"":1057,""y"":484,""t"":765},{""x"":1076,""y"":552,""t"":784},{""x"":1143,""y"":609,""t"":825},{""x"":1146,""y"":659,""t"":856},{""x"":1146,""y"":699,""t"":886},{""x"":1184,""y"":685,""t"":934},{""x"":1215,""y"":669,""t"":962},{""x"":1279,""y"":656,""t"":993},{""x"":1331,""y"":643,""t"":1021},{""x"":1314,""y"":647,""t"":1058},{""x"":1323,""y"":633,""t"":1091},{""x"":1342,""y"":598,""t"":1138},{""x"":1277,""y"":558,""t"":1167},{""x"":1221,""y"":524,""t"":1197},{""x"":1208,""y"":514,""t"":1226},{""x"":1197,""y"":507,""t"":1262},{""x"":1240,""y"":564,""t"":1295},{""x"":1277,""y"":613,""t"":1339},{""x"":1242,""y"":628,""t"":1371},{""x"":1202,""y"":652,""t"":1401},{""x"":1168,""y"":671,""t"":1431},{""x"":1165,""y"":662,""t"":1465},{""x"":1164,""y"":653,""t"":1511},{""x"":1120,""y"":662,""t"":1541},{""x"":1083,""y"":669,""t"":1572},{""x"":1019,""y"":665,""t"":1601},{""x"":995,""y"":671,""t"":1635},{""x"":977,""y"":675,""t"":1669},{""x"":989,""y"":698,""t"":1703},{""x"":935,""y"":716,""t"":1748},{""x"":934,""y"":747,""t"":1776},{""x"":935,""y"":772,""t"":1806},{""x"":948,""y"":784,""t"":1838},{""x"":917,""y"":781,""t"":1874},{""x"":892,""y"":777,""t"":1905},{""x"":874,""y"":776,""t"":1952},{""x"":860,""y"":774,""t"":1977}]","[{""x"":250,""y"":425,""width"":80,""height"":80,""top"":385,""right"":290,""bottom"":465,""left"":210},{""x"":400,""y"":165.1923788646684,""width"":80,""height"":80,""top"":125.1923788646684,""right"":440,""bottom"":205.1923788646684,""left"":360},{""x"":700,""y"":165.1923788646684,""width"":80,""height"":80,""top"":125.1923788646684,""right"":740,""bottom"":205.1923788646684,""left"":660},{""x"":850,""y"":425,""width"":80,""height"":80,""top"":385,""right"":890,""bottom"":465,""left"":810},{""x"":700,""y"":684.8076211353316,""width"":80,""height"":80,""top"":644.8076211353316,""right"":740,""bottom"":724.8076211353316,""left"":660},{""x"":400,""y"":684.8076211353316,""width"":80,""height"":80,""top"":644.8076211353316,""right"":440,""bottom"":724.8076211353316,""left"":360}]","{""#container"":{""x"":266.42919921875,""y"":48.58407211303711,""width"":1099.9910888671875,""height"":849.9955444335938,""top"":48.58407211303711,""right"":1366.4202880859375,""bottom"":898.5796165466309,""left"":266.42919921875}}","[{'red': 2}, {'green': 3}, {'purple': 10}, {'blue': 7}, {'yellow': 13}, {'cyan': 0}]",{'blue_1': 7},yellow
500,,,,1095.0,7.0,6.0,"[""yellow"",""purple"",""green"",""red"",""cyan"",""blue""]",red,False,"[{""x"":883,""y"":720,""t"":2},{""x"":905,""y"":673,""t"":40},{""x"":924,""y"":634,""t"":70},{""x"":889,""y"":622,""t"":105},{""x"":859,""y"":613,""t"":137},{""x"":885,""y"":594,""t"":173},{""x"":859,""y"":600,""t"":206},{""x"":839,""y"":607,""t"":239},{""x"":861,""y"":573,""t"":275},{""x"":882,""y"":546,""t"":307},{""x"":932,""y"":514,""t"":355},{""x"":930,""y"":500,""t"":381},{""x"":934,""y"":434,""t"":413},{""x"":955,""y"":423,""t"":444},{""x"":984,""y"":399,""t"":480},{""x"":975,""y"":388,""t"":515},{""x"":967,""y"":382,""t"":545},{""x"":1038,""y"":386,""t"":589},{""x"":1097,""y"":391,""t"":619},{""x"":1106,""y"":380,""t"":651},{""x"":1117,""y"":392,""t"":681},{""x"":1118,""y"":390,""t"":734},{""x"":1092,""y"":394,""t"":750},{""x"":1067,""y"":399,""t"":793},{""x"":1070,""y"":357,""t"":826},{""x"":1085,""y"":375,""t"":851},{""x"":1116,""y"":372,""t"":888},{""x"":1110,""y"":387,""t"":934},{""x"":1104,""y"":401,""t"":962},{""x"":1147,""y"":421,""t"":995},{""x"":1182,""y"":439,""t"":1025},{""x"":1194,""y"":465,""t"":1056},{""x"":1203,""y"":487,""t"":1092},{""x"":1180,""y"":486,""t"":1124},{""x"":1224,""y"":492,""t"":1169},{""x"":1260,""y"":496,""t"":1202},{""x"":1287,""y"":526,""t"":1236},{""x"":1308,""y"":550,""t"":1265},{""x"":1307,""y"":570,""t"":1297},{""x"":1304,""y"":586,""t"":1327},{""x"":1241,""y"":604,""t"":1373},{""x"":1185,""y"":617,""t"":1402},{""x"":1142,""y"":619,""t"":1434},{""x"":1130,""y"":649,""t"":1465},{""x"":1122,""y"":672,""t"":1498},{""x"":1056,""y"":683,""t"":1546},{""x"":1001,""y"":689,""t"":1565},{""x"":981,""y"":672,""t"":1610},{""x"":967,""y"":655,""t"":1643},{""x"":920,""y"":659,""t"":1675},{""x"":916,""y"":676,""t"":1704},{""x"":915,""y"":691,""t"":1735},{""x"":873,""y"":680,""t"":1783},{""x"":839,""y"":670,""t"":1803},{""x"":810,""y"":658,""t"":1843},{""x"":789,""y"":647,""t"":1872},{""x"":732,""y"":667,""t"":1906},{""x"":652,""y"":657,""t"":1954},{""x"":589,""y"":648,""t"":1973}]","[{""x"":250,""y"":425,""width"":80,""height"":80,""top"":385,""right"":290,""bottom"":465,""left"":210},{""x"":400,""y"":165.1923788646684,""width"":80,""height"":80,""top"":125.1923788646684,""right"":440,""bottom"":205.1923788646684,""left"":360},{""x"":700,""y"":165.1923788646684,""width"":80,""height"":80,""top"":125.1923788646684,""right"":740,""bottom"":205.1923788646684,""left"":660},{""x"":850,""y"":425,""width"":80,""height"":80,""top"":385,""right"":890,""bottom"":465,""left"":810},{""x"":700,""y"":684.8076211353316,""width"":80,""height"":80,""top"":644.8076211353316,""right"":740,""bottom"":724.8076211353316,""left"":660},{""x"":400,""y"":684.8076211353316,""width"":80,""height"":80,""top"":644.8076211353316,""right"":440,""bottom"":724.8076211353316,""left"":360}]","{""#container"":{""x"":266.42919921875,""y"":48.58407211303711,""width"":1099.9910888671875,""height"":849.9955444335938,""top"":48.58407211303711,""right"":1366.4202880859375,""bottom"":898.5796165466309,""left"":266.42919921875}}","[{'yellow': 0}, {'purple': 0}, {'green': 0}, {'red': 20}, {'cyan': 13}, {'blue': 4}]",{'red': 20},red
501,,,,924.0,9.0,9.0,"[""green"",""blue"",""purple"",""red"",""cyan"",""yellow""]",purple_1,True,"[{""x"":784,""y"":580,""t"":3},{""x"":1003,""y"":499,""t"":46},{""x"":1190,""y"":432,""t"":71},{""x"":1345,""y"":376,""t"":104},{""x"":1452,""y"":345,""t"":138},{""x"":1536,""y"":323,""t"":173},{""x"":1550,""y"":325,""t"":206},{""x"":1527,""y"":325,""t"":240},{""x"":1453,""y"":356,""t"":275},{""x"":1372,""y"":368,""t"":309},{""x"":1288,""y"":396,""t"":354},{""x"":1215,""y"":421,""t"":376},{""x"":1161,""y"":425,""t"":420},{""x"":1116,""y"":428,""t"":448},{""x"":1080,""y"":430,""t"":479},{""x"":1059,""y"":433,""t"":512},{""x"":1050,""y"":431,""t"":560},{""x"":1067,""y"":438,""t"":586},{""x"":1064,""y"":405,""t"":618},{""x"":1074,""y"":392,""t"":647},{""x"":1093,""y"":416,""t"":685},{""x"":1111,""y"":437,""t"":715},{""x"":1143,""y"":428,""t"":762},{""x"":1108,""y"":385,""t"":791},{""x"":1046,""y"":371,""t"":821},{""x"":1098,""y"":422,""t"":852},{""x"":1153,""y"":460,""t"":887},{""x"":1228,""y"":553,""t"":924},{""x"":1280,""y"":604,""t"":953},{""x"":1318,""y"":648,""t"":1001},{""x"":1375,""y"":653,""t"":1029},{""x"":1425,""y"":655,""t"":1059},{""x"":1443,""y"":655,""t"":1090},{""x"":1454,""y"":652,""t"":1124},{""x"":1443,""y"":627,""t"":1173},{""x"":1430,""y"":604,""t"":1193},{""x"":1432,""y"":610,""t"":1226},{""x"":1453,""y"":603,""t"":1266},{""x"":1469,""y"":597,""t"":1296},{""x"":1481,""y"":591,""t"":1327},{""x"":1441,""y"":595,""t"":1377},{""x"":1405,""y"":598,""t"":1396},{""x"":1373,""y"":601,""t"":1438},{""x"":1274,""y"":611,""t"":1471},{""x"":1190,""y"":620,""t"":1503},{""x"":1049,""y"":607,""t"":1533},{""x"":933,""y"":596,""t"":1566},{""x"":881,""y"":618,""t"":1600},{""x"":879,""y"":649,""t"":1645},{""x"":859,""y"":678,""t"":1676},{""x"":836,""y"":699,""t"":1710},{""x"":810,""y"":712,""t"":1740},{""x"":737,""y"":714,""t"":1771},{""x"":634,""y"":719,""t"":1817},{""x"":564,""y"":720,""t"":1843},{""x"":573,""y"":715,""t"":1875},{""x"":587,""y"":711,""t"":1905},{""x"":524,""y"":696,""t"":1944},{""x"":458,""y"":680,""t"":1975}]","[{""x"":250,""y"":425,""width"":80,""height"":80,""top"":385,""right"":290,""bottom"":465,""left"":210},{""x"":400,""y"":165.1923788646684,""width"":80,""height"":80,""top"":125.1923788646684,""right"":440,""bottom"":205.1923788646684,""left"":360},{""x"":700,""y"":165.1923788646684,""width"":80,""height"":80,""top"":125.1923788646684,""right"":740,""bottom"":205.1923788646684,""left"":660},{""x"":850,""y"":425,""width"":80,""height"":80,""top"":385,""right"":890,""bottom"":465,""left"":810},{""x"":700,""y"":684.8076211353316,""width"":80,""height"":80,""top"":644.8076211353316,""right"":740,""bottom"":724.8076211353316,""left"":660},{""x"":400,""y"":684.8076211353316,""width"":80,""height"":80,""top"":644.8076211353316,""right"":440,""bottom"":724.8076211353316,""left"":360}]","{""#container"":{""x"":266.42919921875,""y"":48.58407211303711,""width"":1099.9910888671875,""height"":849.9955444335938,""top"":48.58407211303711,""right"":1366.4202880859375,""bottom"":898.5796165466309,""left"":266.42919921875}}","[{'green': 0}, {'blue': 0}, {'purple': 0}, {'red': 20}, {'cyan': 5}, {'yellow': 7}]",,red
502,,,,612.0,4.0,4.0,"[""cyan"",""red"",""yellow"",""green"",""blue"",""purple""]",cyan,True,"[{""x"":523,""y"":642,""t"":1},{""x"":580,""y"":584,""t"":42},{""x"":650,""y"":560,""t"":69},{""x"":686,""y"":549,""t"":104},{""x"":717,""y"":542,""t"":137},{""x"":814,""y"":506,""t"":171},{""x"":887,""y"":474,""t"":205},{""x"":953,""y"":438,""t"":241},{""x"":962,""y"":409,""t"":275},{""x"":955,""y"":387,""t"":307},{""x"":1003,""y"":321,""t"":357},{""x"":1064,""y"":291,""t"":382},{""x"":1155,""y"":331,""t"":415},{""x"":1228,""y"":369,""t"":443},{""x"":1222,""y"":366,""t"":482},{""x"":1240,""y"":395,""t"":514},{""x"":1211,""y"":410,""t"":545},{""x"":1209,""y"":412,""t"":593},{""x"":1205,""y"":414,""t"":622},{""x"":1223,""y"":405,""t"":653},{""x"":1236,""y"":397,""t"":681},{""x"":1280,""y"":404,""t"":719},{""x"":1315,""y"":411,""t"":750},{""x"":1337,""y"":453,""t"":798},{""x"":1324,""y"":472,""t"":821},{""x"":1311,""y"":488,""t"":850},{""x"":1334,""y"":531,""t"":893},{""x"":1352,""y"":566,""t"":921},{""x"":1345,""y"":543,""t"":956},{""x"":1313,""y"":541,""t"":1003},{""x"":1285,""y"":538,""t"":1022},{""x"":1283,""y"":552,""t"":1065},{""x"":1282,""y"":564,""t"":1094},{""x"":1302,""y"":571,""t"":1125},{""x"":1320,""y"":576,""t"":1160},{""x"":1277,""y"":631,""t"":1192},{""x"":1163,""y"":654,""t"":1238},{""x"":1092,""y"":672,""t"":1260},{""x"":1028,""y"":697,""t"":1303},{""x"":978,""y"":716,""t"":1332},{""x"":957,""y"":738,""t"":1366},{""x"":938,""y"":758,""t"":1395},{""x"":910,""y"":791,""t"":1444},{""x"":890,""y"":818,""t"":1466},{""x"":853,""y"":805,""t"":1499},{""x"":836,""y"":779,""t"":1538},{""x"":825,""y"":756,""t"":1565},{""x"":816,""y"":746,""t"":1600},{""x"":805,""y"":716,""t"":1648},{""x"":798,""y"":689,""t"":1670},{""x"":795,""y"":667,""t"":1710},{""x"":804,""y"":616,""t"":1740},{""x"":813,""y"":575,""t"":1772},{""x"":782,""y"":544,""t"":1804},{""x"":766,""y"":532,""t"":1853},{""x"":745,""y"":544,""t"":1872},{""x"":722,""y"":524,""t"":1915},{""x"":703,""y"":509,""t"":1941},{""x"":689,""y"":505,""t"":1974}]","[{""x"":250,""y"":425,""width"":80,""height"":80,""top"":385,""right"":290,""bottom"":465,""left"":210},{""x"":400,""y"":165.1923788646684,""width"":80,""height"":80,""top"":125.1923788646684,""right"":440,""bottom"":205.1923788646684,""left"":360},{""x"":700,""y"":165.1923788646684,""width"":80,""height"":80,""top"":125.1923788646684,""right"":740,""bottom"":205.1923788646684,""left"":660},{""x"":850,""y"":425,""width"":80,""height"":80,""top"":385,""right"":890,""bottom"":465,""left"":810},{""x"":700,""y"":684.8076211353316,""width"":80,""height"":80,""top"":644.8076211353316,""right"":740,""bottom"":724.8076211353316,""left"":660},{""x"":400,""y"":684.8076211353316,""width"":80,""height"":80,""top"":644.8076211353316,""right"":440,""bottom"":724.8076211353316,""left"":360}]","{""#container"":{""x"":266.42919921875,""y"":48.58407211303711,""width"":1099.9910888671875,""height"":849.9955444335938,""top"":48.58407211303711,""right"":1366.4202880859375,""bottom"":898.5796165466309,""left"":266.42919921875}}","[{'cyan': 1}, {'red': 0}, {'yellow': 2}, {'green': 7}, {'blue': 10}, {'purple': 3}]",{'cyan': 1},blue
503,,,,1561.0,3.0,3.0,"[""yellow"",""cyan"",""red"",""green"",""purple"",""blue""]",purple_1,True,"[{""x"":701,""y"":507,""t"":2},{""x"":685,""y"":512,""t"":38},{""x"":677,""y"":527,""t"":69},{""x"":769,""y"":474,""t"":105},{""x"":849,""y"":430,""t"":136},{""x"":928,""y"":451,""t"":173},{""x"":995,""y"":455,""t"":206},{""x"":1050,""y"":460,""t"":239},{""x"":1040,""y"":435,""t"":274},{""x"":1027,""y"":415,""t"":307},{""x"":1017,""y"":358,""t"":358},{""x"":996,""y"":324,""t"":379},{""x"":1013,""y"":311,""t"":410},{""x"":1056,""y"":291,""t"":451},{""x"":1093,""y"":274,""t"":484},{""x"":1104,""y"":265,""t"":514},{""x"":1135,""y"":275,""t"":545},{""x"":1176,""y"":301,""t"":594},{""x"":1217,""y"":354,""t"":619},{""x"":1235,""y"":400,""t"":648},{""x"":1240,""y"":420,""t"":689},{""x"":1267,""y"":449,""t"":717},{""x"":1265,""y"":453,""t"":750},{""x"":1260,""y"":455,""t"":795},{""x"":1236,""y"":496,""t"":826},{""x"":1214,""y"":530,""t"":853},{""x"":1225,""y"":545,""t"":887},{""x"":1291,""y"":611,""t"":920},{""x"":1285,""y"":634,""t"":969},{""x"":1279,""y"":651,""t"":990},{""x"":1272,""y"":662,""t"":1022},{""x"":1319,""y"":698,""t"":1066},{""x"":1358,""y"":726,""t"":1093},{""x"":1309,""y"":738,""t"":1127},{""x"":1265,""y"":745,""t"":1157},{""x"":1264,""y"":789,""t"":1204},{""x"":1218,""y"":799,""t"":1233},{""x"":1179,""y"":804,""t"":1263},{""x"":1157,""y"":783,""t"":1295},{""x"":1139,""y"":763,""t"":1330},{""x"":1160,""y"":774,""t"":1362},{""x"":1139,""y"":779,""t"":1409},{""x"":1124,""y"":770,""t"":1439},{""x"":1119,""y"":780,""t"":1469},{""x"":1115,""y"":788,""t"":1497},{""x"":1067,""y"":799,""t"":1534},{""x"":1021,""y"":808,""t"":1565},{""x"":972,""y"":780,""t"":1614},{""x"":907,""y"":766,""t"":1642},{""x"":863,""y"":753,""t"":1670},{""x"":838,""y"":754,""t"":1703},{""x"":820,""y"":755,""t"":1739},{""x"":771,""y"":729,""t"":1773},{""x"":733,""y"":707,""t"":1804},{""x"":766,""y"":694,""t"":1850},{""x"":761,""y"":680,""t"":1881},{""x"":717,""y"":640,""t"":1910},{""x"":688,""y"":621,""t"":1944},{""x"":665,""y"":607,""t"":1973}]","[{""x"":250,""y"":425,""width"":80,""height"":80,""top"":385,""right"":290,""bottom"":465,""left"":210},{""x"":400,""y"":165.1923788646684,""width"":80,""height"":80,""top"":125.1923788646684,""right"":440,""bottom"":205.1923788646684,""left"":360},{""x"":700,""y"":165.1923788646684,""width"":80,""height"":80,""top"":125.1923788646684,""right"":740,""bottom"":205.1923788646684,""left"":660},{""x"":850,""y"":425,""width"":80,""height"":80,""top"":385,""right"":890,""bottom"":465,""left"":810},{""x"":700,""y"":684.8076211353316,""width"":80,""height"":80,""top"":644.8076211353316,""right"":740,""bottom"":724.8076211353316,""left"":660},{""x"":400,""y"":684.8076211353316,""width"":80,""height"":80,""top"":644.8076211353316,""right"":440,""bottom"":724.8076211353316,""left"":360}]","{""#container"":{""x"":266.42919921875,""y"":48.58407211303711,""width"":1099.9910888671875,""height"":849.9955444335938,""top"":48.58407211303711,""right"":1366.4202880859375,""bottom"":898.5796165466309,""left"":266.42919921875}}","[{'yellow': 0}, {'cyan': 0}, {'red': 5}, {'green': 11}, {'purple': 7}, {'blue': 7}]",{'purple_1': 7},green
504,,,,1126.0,3.0,3.0,"[""yellow"",""blue"",""purple"",""green"",""red"",""cyan""]",red,True,"[{""x"":724,""y"":583,""t"":1},{""x"":743,""y"":575,""t"":53},{""x"":760,""y"":570,""t"":82},{""x"":775,""y"":568,""t"":110},{""x"":781,""y"":566,""t"":142},{""x"":856,""y"":505,""t"":172},{""x"":927,""y"":483,""t"":205},{""x"":966,""y"":408,""t"":240},{""x"":997,""y"":345,""t"":273},{""x"":1046,""y"":329,""t"":310},{""x"":1085,""y"":318,""t"":354},{""x"":1029,""y"":296,""t"":381},{""x"":978,""y"":280,""t"":409},{""x"":948,""y"":292,""t"":451},{""x"":984,""y"":317,""t"":480},{""x"":1015,""y"":340,""t"":511},{""x"":1086,""y"":317,""t"":560},{""x"":1149,""y"":321,""t"":580},{""x"":1214,""y"":371,""t"":623},{""x"":1280,""y"":417,""t"":656},{""x"":1333,""y"":456,""t"":686},{""x"":1380,""y"":461,""t"":721},{""x"":1416,""y"":463,""t"":750},{""x"":1504,""y"":528,""t"":794},{""x"":1575,""y"":582,""t"":826},{""x"":1547,""y"":604,""t"":859},{""x"":1549,""y"":614,""t"":887},{""x"":1459,""y"":641,""t"":921},{""x"":1458,""y"":690,""t"":967},{""x"":1446,""y"":699,""t"":997},{""x"":1401,""y"":710,""t"":1024},{""x"":1366,""y"":736,""t"":1055},{""x"":1254,""y"":770,""t"":1090},{""x"":1109,""y"":743,""t"":1125},{""x"":1065,""y"":761,""t"":1162},{""x"":967,""y"":776,""t"":1200},{""x"":899,""y"":776,""t"":1235},{""x"":854,""y"":745,""t"":1268},{""x"":820,""y"":716,""t"":1298},{""x"":837,""y"":734,""t"":1328},{""x"":856,""y"":749,""t"":1374},{""x"":807,""y"":719,""t"":1407},{""x"":727,""y"":722,""t"":1438},{""x"":663,""y"":725,""t"":1466},{""x"":754,""y"":744,""t"":1499},{""x"":788,""y"":758,""t"":1546},{""x"":830,""y"":754,""t"":1576},{""x"":867,""y"":750,""t"":1606},{""x"":876,""y"":719,""t"":1637},{""x"":875,""y"":686,""t"":1667},{""x"":837,""y"":663,""t"":1702},{""x"":771,""y"":666,""t"":1750},{""x"":716,""y"":671,""t"":1770},{""x"":648,""y"":631,""t"":1812},{""x"":617,""y"":581,""t"":1838},{""x"":605,""y"":568,""t"":1875},{""x"":606,""y"":551,""t"":1906},{""x"":627,""y"":526,""t"":1953}]","[{""x"":250,""y"":425,""width"":80,""height"":80,""top"":385,""right"":290,""bottom"":465,""left"":210},{""x"":400,""y"":165.1923788646684,""width"":80,""height"":80,""top"":125.1923788646684,""right"":440,""bottom"":205.1923788646684,""left"":360},{""x"":700,""y"":165.1923788646684,""width"":80,""height"":80,""top"":125.1923788646684,""right"":740,""bottom"":205.1923788646684,""left"":660},{""x"":850,""y"":425,""width"":80,""height"":80,""top"":385,""right"":890,""bottom"":465,""left"":810},{""x"":700,""y"":684.8076211353316,""width"":80,""height"":80,""top"":644.8076211353316,""right"":740,""bottom"":724.8076211353316,""left"":660},{""x"":400,""y"":684.8076211353316,""width"":80,""height"":80,""top"":644.8076211353316,""right"":440,""bottom"":724.8076211353316,""left"":360}]","{""#container"":{""x"":266.42919921875,""y"":48.58407211303711,""width"":1099.9910888671875,""height"":849.9955444335938,""top"":48.58407211303711,""right"":1366.4202880859375,""bottom"":898.5796165466309,""left"":266.42919921875}}","[{'yellow': 4}, {'blue': 0}, {'purple': 7}, {'green': 1}, {'red': 13}, {'cyan': 8}]",{'red': 13},red
505,,,,1041.0,3.0,3.0,"[""red"",""purple"",""green"",""blue"",""cyan"",""yellow""]",cyan_1,True,"[{""x"":670,""y"":505,""t"":1},{""x"":684,""y"":467,""t"":36},{""x"":757,""y"":459,""t"":71},{""x"":780,""y"":477,""t"":103},{""x"":807,""y"":468,""t"":137},{""x"":802,""y"":433,""t"":174},{""x"":849,""y"":431,""t"":205},{""x"":957,""y"":412,""t"":241},{""x"":1047,""y"":396,""t"":273},{""x"":1093,""y"":398,""t"":322},{""x"":1128,""y"":400,""t"":342},{""x"":1118,""y"":362,""t"":385},{""x"":1096,""y"":353,""t"":415},{""x"":1075,""y"":385,""t"":443},{""x"":1064,""y"":407,""t"":478},{""x"":1108,""y"":417,""t"":525},{""x"":1144,""y"":426,""t"":545},{""x"":1172,""y"":434,""t"":587},{""x"":1185,""y"":468,""t"":620},{""x"":1180,""y"":495,""t"":652},{""x"":1144,""y"":510,""t"":682},{""x"":1126,""y"":502,""t"":731},{""x"":1110,""y"":494,""t"":751},{""x"":1108,""y"":464,""t"":784},{""x"":1106,""y"":437,""t"":825},{""x"":1105,""y"":447,""t"":856},{""x"":1104,""y"":456,""t"":884},{""x"":1148,""y"":492,""t"":935},{""x"":1186,""y"":523,""t"":955},{""x"":1183,""y"":547,""t"":989},{""x"":1237,""y"":582,""t"":1029},{""x"":1281,""y"":610,""t"":1059},{""x"":1220,""y"":628,""t"":1092},{""x"":1166,""y"":642,""t"":1123},{""x"":1139,""y"":628,""t"":1173},{""x"":1113,""y"":627,""t"":1193},{""x"":1091,""y"":635,""t"":1225},{""x"":1089,""y"":685,""t"":1266},{""x"":1120,""y"":723,""t"":1295},{""x"":1073,""y"":716,""t"":1330},{""x"":1001,""y"":764,""t"":1376},{""x"":941,""y"":804,""t"":1395},{""x"":892,""y"":801,""t"":1438},{""x"":853,""y"":797,""t"":1467},{""x"":824,""y"":791,""t"":1499},{""x"":837,""y"":780,""t"":1533},{""x"":850,""y"":773,""t"":1580},{""x"":825,""y"":760,""t"":1599},{""x"":734,""y"":724,""t"":1643},{""x"":658,""y"":693,""t"":1674},{""x"":658,""y"":695,""t"":1706},{""x"":661,""y"":698,""t"":1735},{""x"":659,""y"":709,""t"":1786},{""x"":659,""y"":718,""t"":1805},{""x"":663,""y"":727,""t"":1848},{""x"":663,""y"":700,""t"":1882},{""x"":664,""y"":676,""t"":1910},{""x"":675,""y"":695,""t"":1942},{""x"":685,""y"":712,""t"":1973}]","[{""x"":250,""y"":425,""width"":80,""height"":80,""top"":385,""right"":290,""bottom"":465,""left"":210},{""x"":400,""y"":165.1923788646684,""width"":80,""height"":80,""top"":125.1923788646684,""right"":440,""bottom"":205.1923788646684,""left"":360},{""x"":700,""y"":165.1923788646684,""width"":80,""height"":80,""top"":125.1923788646684,""right"":740,""bottom"":205.1923788646684,""left"":660},{""x"":850,""y"":425,""width"":80,""height"":80,""top"":385,""right"":890,""bottom"":465,""left"":810},{""x"":700,""y"":684.8076211353316,""width"":80,""height"":80,""top"":644.8076211353316,""right"":740,""bottom"":724.8076211353316,""left"":660},{""x"":400,""y"":684.8076211353316,""width"":80,""height"":80,""top"":644.8076211353316,""right"":440,""bottom"":724.8076211353316,""left"":360}]","{""#container"":{""x"":266.42919921875,""y"":48.58407211303711,""width"":1099.9910888671875,""height"":849.9955444335938,""top"":48.58407211303711,""right"":1366.4202880859375,""bottom"":898.5796165466309,""left"":266.42919921875}}","[{'red': 0}, {'purple': 0}, {'green': 0}, {'blue': 22}, {'cyan': 9}, {'yellow': 11}]",{'cyan_1': 9},blue
506,,,,909.0,6.0,6.0,"[""cyan"",""purple"",""red"",""yellow"",""blue"",""green""]",yellow_1,True,"[{""x"":687,""y"":683,""t"":1},{""x"":699,""y"":647,""t"":41},{""x"":731,""y"":582,""t"":69},{""x"":719,""y"":551,""t"":104},{""x"":737,""y"":522,""t"":137},{""x"":753,""y"":500,""t"":171},{""x"":832,""y"":446,""t"":207},{""x"":899,""y"":402,""t"":239},{""x"":953,""y"":393,""t"":273},{""x"":1026,""y"":407,""t"":322},{""x"":1085,""y"":423,""t"":348},{""x"":1147,""y"":434,""t"":380},{""x"":1196,""y"":445,""t"":409},{""x"":1186,""y"":442,""t"":446},{""x"":1169,""y"":437,""t"":477},{""x"":1174,""y"":431,""t"":525},{""x"":1165,""y"":417,""t"":556},{""x"":1155,""y"":405,""t"":586},{""x"":1144,""y"":396,""t"":614},{""x"":1144,""y"":350,""t"":649},{""x"":1154,""y"":348,""t"":697},{""x"":1161,""y"":349,""t"":715},{""x"":1169,""y"":348,""t"":760},{""x"":1177,""y"":333,""t"":790},{""x"":1197,""y"":327,""t"":824},{""x"":1186,""y"":333,""t"":851},{""x"":1160,""y"":340,""t"":900},{""x"":1138,""y"":346,""t"":920},{""x"":1172,""y"":379,""t"":964},{""x"":1195,""y"":428,""t"":994},{""x"":1214,""y"":469,""t"":1025},{""x"":1275,""y"":495,""t"":1057},{""x"":1307,""y"":497,""t"":1103},{""x"":1333,""y"":496,""t"":1130},{""x"":1353,""y"":494,""t"":1156},{""x"":1363,""y"":534,""t"":1198},{""x"":1362,""y"":594,""t"":1230},{""x"":1402,""y"":629,""t"":1260},{""x"":1441,""y"":678,""t"":1308},{""x"":1472,""y"":717,""t"":1327},{""x"":1423,""y"":693,""t"":1368},{""x"":1379,""y"":670,""t"":1398},{""x"":1349,""y"":697,""t"":1431},{""x"":1371,""y"":688,""t"":1478},{""x"":1375,""y"":661,""t"":1497},{""x"":1368,""y"":686,""t"":1539},{""x"":1367,""y"":692,""t"":1565},{""x"":1294,""y"":695,""t"":1602},{""x"":1247,""y"":687,""t"":1634},{""x"":1134,""y"":648,""t"":1682},{""x"":1038,""y"":614,""t"":1701},{""x"":1099,""y"":654,""t"":1743},{""x"":1110,""y"":686,""t"":1774},{""x"":1122,""y"":714,""t"":1803},{""x"":1139,""y"":750,""t"":1854},{""x"":1115,""y"":755,""t"":1872},{""x"":1115,""y"":743,""t"":1915},{""x"":1040,""y"":740,""t"":1946},{""x"":977,""y"":737,""t"":1974}]","[{""x"":250,""y"":425,""width"":80,""height"":80,""top"":385,""right"":290,""bottom"":465,""left"":210},{""x"":400,""y"":165.1923788646684,""width"":80,""height"":80,""top"":125.1923788646684,""right"":440,""bottom"":205.1923788646684,""left"":360},{""x"":700,""y"":165.1923788646684,""width"":80,""height"":80,""top"":125.1923788646684,""right"":740,""bottom"":205.1923788646684,""left"":660},{""x"":850,""y"":425,""width"":80,""height"":80,""top"":385,""right"":890,""bottom"":465,""left"":810},{""x"":700,""y"":684.8076211353316,""width"":80,""height"":80,""top"":644.8076211353316,""right"":740,""bottom"":724.8076211353316,""left"":660},{""x"":400,""y"":684.8076211353316,""width"":80,""height"":80,""top"":644.8076211353316,""right"":440,""bottom"":724.8076211353316,""left"":360}]","{""#container"":{""x"":266.42919921875,""y"":48.58407211303711,""width"":1099.9910888671875,""height"":849.9955444335938,""top"":48.58407211303711,""right"":1366.4202880859375,""bottom"":898.5796165466309,""left"":266.42919921875}}","[{'cyan': 0}, {'purple': 0}, {'red': 0}, {'yellow': 19}, {'blue': 4}, {'green': 2}]",{'yellow_1': 19},yellow_1
507,,,,810.0,3.0,3.0,"[""cyan"",""purple"",""yellow"",""blue"",""red"",""green""]",red_1,True,"[{""x"":916,""y"":695,""t"":2},{""x"":849,""y"":646,""t"":37},{""x"":887,""y"":587,""t"":70},{""x"":894,""y"":493,""t"":103},{""x"":913,""y"":469,""t"":138},{""x"":928,""y"":403,""t"":172},{""x"":1028,""y"":388,""t"":206},{""x"":1115,""y"":408,""t"":240},{""x"":1188,""y"":429,""t"":274},{""x"":1143,""y"":392,""t"":309},{""x"":1102,""y"":363,""t"":342},{""x"":1114,""y"":354,""t"":377},{""x"":1134,""y"":330,""t"":418},{""x"":1082,""y"":337,""t"":455},{""x"":1037,""y"":345,""t"":480},{""x"":998,""y"":353,""t"":513},{""x"":1031,""y"":376,""t"":550},{""x"":1061,""y"":397,""t"":580},{""x"":1060,""y"":412,""t"":625},{""x"":1044,""y"":471,""t"":656},{""x"":1064,""y"":504,""t"":687},{""x"":1047,""y"":580,""t"":722},{""x"":1033,""y"":644,""t"":753},{""x"":1039,""y"":686,""t"":785},{""x"":1062,""y"":700,""t"":817},{""x"":1076,""y"":679,""t"":859},{""x"":1154,""y"":659,""t"":890},{""x"":1220,""y"":640,""t"":921},{""x"":1194,""y"":640,""t"":955},{""x"":1118,""y"":635,""t"":998},{""x"":1091,""y"":671,""t"":1027},{""x"":1070,""y"":708,""t"":1057},{""x"":1006,""y"":702,""t"":1091},{""x"":986,""y"":737,""t"":1124},{""x"":956,""y"":746,""t"":1172},{""x"":929,""y"":756,""t"":1194},{""x"":907,""y"":764,""t"":1234},{""x"":881,""y"":746,""t"":1266},{""x"":866,""y"":742,""t"":1293},{""x"":842,""y"":740,""t"":1343},{""x"":824,""y"":737,""t"":1369},{""x"":841,""y"":731,""t"":1400},{""x"":848,""y"":707,""t"":1431},{""x"":856,""y"":686,""t"":1468},{""x"":823,""y"":689,""t"":1498},{""x"":823,""y"":697,""t"":1545},{""x"":825,""y"":704,""t"":1568},{""x"":827,""y"":711,""t"":1598},{""x"":824,""y"":735,""t"":1641},{""x"":816,""y"":748,""t"":1674},{""x"":810,""y"":759,""t"":1701},{""x"":800,""y"":721,""t"":1750},{""x"":793,""y"":689,""t"":1771},{""x"":766,""y"":637,""t"":1805},{""x"":745,""y"":594,""t"":1842},{""x"":720,""y"":564,""t"":1872},{""x"":709,""y"":537,""t"":1921},{""x"":688,""y"":493,""t"":1940}]","[{""x"":250,""y"":425,""width"":80,""height"":80,""top"":385,""right"":290,""bottom"":465,""left"":210},{""x"":400,""y"":165.1923788646684,""width"":80,""height"":80,""top"":125.1923788646684,""right"":440,""bottom"":205.1923788646684,""left"":360},{""x"":700,""y"":165.1923788646684,""width"":80,""height"":80,""top"":125.1923788646684,""right"":740,""bottom"":205.1923788646684,""left"":660},{""x"":850,""y"":425,""width"":80,""height"":80,""top"":385,""right"":890,""bottom"":465,""left"":810},{""x"":700,""y"":684.8076211353316,""width"":80,""height"":80,""top"":644.8076211353316,""right"":740,""bottom"":724.8076211353316,""left"":660},{""x"":400,""y"":684.8076211353316,""width"":80,""height"":80,""top"":644.8076211353316,""right"":440,""bottom"":724.8076211353316,""left"":360}]","{""#container"":{""x"":266.42919921875,""y"":48.58407211303711,""width"":1099.9910888671875,""height"":849.9955444335938,""top"":48.58407211303711,""right"":1366.4202880859375,""bottom"":898.5796165466309,""left"":266.42919921875}}","[{'cyan': 0}, {'purple': 0}, {'yellow': 2}, {'blue': 14}, {'red': 24}, {'green': 4}]",{'red_1': 24},red_1
508,,,,1077.0,6.0,6.0,"[""red"",""blue"",""cyan"",""green"",""yellow"",""purple""]",green_1,True,"[{""x"":626,""y"":530,""t"":1},{""x"":711,""y"":484,""t"":43},{""x"":805,""y"":468,""t"":73},{""x"":871,""y"":436,""t"":106},{""x"":873,""y"":387,""t"":137},{""x"":875,""y"":381,""t"":171},{""x"":883,""y"":329,""t"":206},{""x"":889,""y"":287,""t"":240},{""x"":911,""y"":276,""t"":275},{""x"":928,""y"":270,""t"":307},{""x"":979,""y"":288,""t"":357},{""x"":1020,""y"":306,""t"":377},{""x"":1074,""y"":322,""t"":410},{""x"":1097,""y"":316,""t"":452},{""x"":1114,""y"":312,""t"":483},{""x"":1128,""y"":320,""t"":512},{""x"":1081,""y"":290,""t"":560},{""x"":1038,""y"":265,""t"":580},{""x"":1045,""y"":237,""t"":625},{""x"":1051,""y"":215,""t"":656},{""x"":1075,""y"":215,""t"":687},{""x"":1085,""y"":232,""t"":717},{""x"":1131,""y"":328,""t"":750},{""x"":1169,""y"":411,""t"":794},{""x"":1184,""y"":426,""t"":825},{""x"":1212,""y"":436,""t"":855},{""x"":1242,""y"":464,""t"":886},{""x"":1258,""y"":523,""t"":936},{""x"":1269,""y"":571,""t"":956},{""x"":1276,""y"":608,""t"":987},{""x"":1217,""y"":635,""t"":1031},{""x"":1257,""y"":661,""t"":1061},{""x"":1290,""y"":680,""t"":1092},{""x"":1320,""y"":683,""t"":1123},{""x"":1295,""y"":694,""t"":1173},{""x"":1272,""y"":701,""t"":1191},{""x"":1287,""y"":696,""t"":1235},{""x"":1299,""y"":690,""t"":1266},{""x"":1315,""y"":694,""t"":1299},{""x"":1328,""y"":697,""t"":1331},{""x"":1266,""y"":737,""t"":1363},{""x"":1208,""y"":745,""t"":1406},{""x"":1159,""y"":751,""t"":1432},{""x"":1119,""y"":754,""t"":1464},{""x"":1107,""y"":765,""t"":1501},{""x"":1110,""y"":766,""t"":1536},{""x"":1114,""y"":767,""t"":1565},{""x"":1060,""y"":777,""t"":1610},{""x"":1015,""y"":784,""t"":1641},{""x"":970,""y"":774,""t"":1675},{""x"":935,""y"":765,""t"":1708},{""x"":899,""y"":743,""t"":1740},{""x"":871,""y"":725,""t"":1769},{""x"":861,""y"":722,""t"":1813},{""x"":837,""y"":721,""t"":1842},{""x"":849,""y"":732,""t"":1872},{""x"":839,""y"":720,""t"":1909},{""x"":832,""y"":710,""t"":1940}]","[{""x"":250,""y"":425,""width"":80,""height"":80,""top"":385,""right"":290,""bottom"":465,""left"":210},{""x"":400,""y"":165.1923788646684,""width"":80,""height"":80,""top"":125.1923788646684,""right"":440,""bottom"":205.1923788646684,""left"":360},{""x"":700,""y"":165.1923788646684,""width"":80,""height"":80,""top"":125.1923788646684,""right"":740,""bottom"":205.1923788646684,""left"":660},{""x"":850,""y"":425,""width"":80,""height"":80,""top"":385,""right"":890,""bottom"":465,""left"":810},{""x"":700,""y"":684.8076211353316,""width"":80,""height"":80,""top"":644.8076211353316,""right"":740,""bottom"":724.8076211353316,""left"":660},{""x"":400,""y"":684.8076211353316,""width"":80,""height"":80,""top"":644.8076211353316,""right"":440,""bottom"":724.8076211353316,""left"":360}]","{""#container"":{""x"":266.42919921875,""y"":48.58407211303711,""width"":1099.9910888671875,""height"":849.9955444335938,""top"":48.58407211303711,""right"":1366.4202880859375,""bottom"":898.5796165466309,""left"":266.42919921875}}","[{'red': 1}, {'blue': 0}, {'cyan': 12}, {'green': 6}, {'yellow': 13}, {'purple': 0}]",{'green_1': 6},yellow
509,,,,996.0,3.0,3.0,"[""yellow"",""blue"",""green"",""purple"",""cyan"",""red""]",cyan,True,"[{""x"":807,""y"":648,""t"":2},{""x"":795,""y"":619,""t"":39},{""x"":810,""y"":562,""t"":70},{""x"":824,""y"":516,""t"":103},{""x"":851,""y"":478,""t"":137},{""x"":874,""y"":448,""t"":171},{""x"":915,""y"":411,""t"":207},{""x"":950,""y"":382,""t"":240},{""x"":950,""y"":387,""t"":274},{""x"":948,""y"":384,""t"":308},{""x"":946,""y"":385,""t"":351},{""x"":956,""y"":379,""t"":384},{""x"":956,""y"":375,""t"":413},{""x"":973,""y"":360,""t"":445},{""x"":972,""y"":361,""t"":492},{""x"":1033,""y"":365,""t"":513},{""x"":1021,""y"":385,""t"":546},{""x"":1010,""y"":403,""t"":586},{""x"":1007,""y"":388,""t"":616},{""x"":1007,""y"":387,""t"":648},{""x"":1049,""y"":384,""t"":695},{""x"":1084,""y"":383,""t"":717},{""x"":1097,""y"":354,""t"":751},{""x"":1070,""y"":343,""t"":789},{""x"":1076,""y"":351,""t"":820},{""x"":1081,""y"":369,""t"":851},{""x"":1067,""y"":387,""t"":899},{""x"":1054,""y"":402,""t"":922},{""x"":1043,""y"":414,""t"":962},{""x"":1026,""y"":435,""t"":993},{""x"":1033,""y"":439,""t"":1026},{""x"":1040,""y"":442,""t"":1057},{""x"":1012,""y"":416,""t"":1091},{""x"":988,""y"":394,""t"":1133},{""x"":1052,""y"":521,""t"":1162},{""x"":1109,""y"":647,""t"":1190},{""x"":1131,""y"":809,""t"":1229},{""x"":1148,""y"":943,""t"":1259},{""x"":1097,""y"":952,""t"":1309},{""x"":1076,""y"":921,""t"":1336},{""x"":1058,""y"":888,""t"":1366},{""x"":1126,""y"":860,""t"":1396},{""x"":1200,""y"":840,""t"":1433},{""x"":1183,""y"":831,""t"":1466},{""x"":1166,""y"":821,""t"":1511},{""x"":1236,""y"":792,""t"":1541},{""x"":1177,""y"":766,""t"":1572},{""x"":1165,""y"":767,""t"":1599},{""x"":1208,""y"":851,""t"":1638},{""x"":1223,""y"":946,""t"":1668},{""x"":1231,""y"":1024,""t"":1716},{""x"":1237,""y"":1087,""t"":1735},{""x"":1233,""y"":1081,""t"":1777},{""x"":1253,""y"":1013,""t"":1808},{""x"":1269,""y"":951,""t"":1837},{""x"":1232,""y"":856,""t"":1872},{""x"":1291,""y"":792,""t"":1918},{""x"":1340,""y"":738,""t"":1941},{""x"":1381,""y"":694,""t"":1973}]","[{""x"":250,""y"":425,""width"":80,""height"":80,""top"":385,""right"":290,""bottom"":465,""left"":210},{""x"":400,""y"":165.1923788646684,""width"":80,""height"":80,""top"":125.1923788646684,""right"":440,""bottom"":205.1923788646684,""left"":360},{""x"":700,""y"":165.1923788646684,""width"":80,""height"":80,""top"":125.1923788646684,""right"":740,""bottom"":205.1923788646684,""left"":660},{""x"":850,""y"":425,""width"":80,""height"":80,""top"":385,""right"":890,""bottom"":465,""left"":810},{""x"":700,""y"":684.8076211353316,""width"":80,""height"":80,""top"":644.8076211353316,""right"":740,""bottom"":724.8076211353316,""left"":660},{""x"":400,""y"":684.8076211353316,""width"":80,""height"":80,""top"":644.8076211353316,""right"":440,""bottom"":724.8076211353316,""left"":360}]","{""#container"":{""x"":266.42919921875,""y"":48.58407211303711,""width"":1099.9910888671875,""height"":849.9955444335938,""top"":48.58407211303711,""right"":1366.4202880859375,""bottom"":898.5796165466309,""left"":266.42919921875}}","[{'yellow': 0}, {'blue': 0}, {'green': 2}, {'purple': 19}, {'cyan': 0}, {'red': 0}]",,purple
510,,,,566.0,1.0,1.0,"[""red"",""purple"",""blue"",""cyan"",""green"",""yellow""]",yellow,True,"[{""x"":1244,""y"":621,""t"":2},{""x"":1077,""y"":538,""t"":42},{""x"":952,""y"":497,""t"":75},{""x"":864,""y"":469,""t"":103},{""x"":734,""y"":423,""t"":139},{""x"":629,""y"":387,""t"":171},{""x"":682,""y"":388,""t"":206},{""x"":735,""y"":394,""t"":239},{""x"":736,""y"":339,""t"":273},{""x"":752,""y"":348,""t"":309},{""x"":814,""y"":380,""t"":354},{""x"":819,""y"":404,""t"":383},{""x"":824,""y"":426,""t"":412},{""x"":865,""y"":433,""t"":445},{""x"":903,""y"":431,""t"":481},{""x"":1049,""y"":553,""t"":515},{""x"":1167,""y"":718,""t"":550},{""x"":1272,""y"":869,""t"":579},{""x"":1326,""y"":952,""t"":624},{""x"":1365,""y"":1015,""t"":655},{""x"":1350,""y"":950,""t"":688},{""x"":1341,""y"":891,""t"":719},{""x"":1322,""y"":833,""t"":750},{""x"":1278,""y"":749,""t"":796},{""x"":1242,""y"":693,""t"":827},{""x"":1203,""y"":660,""t"":856},{""x"":1253,""y"":647,""t"":886},{""x"":1252,""y"":589,""t"":921},{""x"":1213,""y"":543,""t"":968},{""x"":1179,""y"":505,""t"":988},{""x"":1139,""y"":458,""t"":1029},{""x"":1122,""y"":461,""t"":1060},{""x"":1139,""y"":474,""t"":1091},{""x"":1134,""y"":493,""t"":1138},{""x"":1131,""y"":511,""t"":1162},{""x"":1130,""y"":528,""t"":1191},{""x"":1165,""y"":517,""t"":1233},{""x"":1196,""y"":508,""t"":1264},{""x"":1234,""y"":501,""t"":1294},{""x"":1271,""y"":530,""t"":1341},{""x"":1288,""y"":527,""t"":1370},{""x"":1306,""y"":571,""t"":1404},{""x"":1305,""y"":627,""t"":1435},{""x"":1303,""y"":639,""t"":1465},{""x"":1223,""y"":676,""t"":1512},{""x"":1153,""y"":705,""t"":1539},{""x"":1183,""y"":744,""t"":1568},{""x"":1223,""y"":774,""t"":1605},{""x"":1221,""y"":781,""t"":1637},{""x"":1219,""y"":784,""t"":1667},{""x"":1132,""y"":767,""t"":1717},{""x"":1059,""y"":750,""t"":1737},{""x"":966,""y"":746,""t"":1772},{""x"":906,""y"":756,""t"":1804},{""x"":887,""y"":764,""t"":1838},{""x"":837,""y"":755,""t"":1887},{""x"":797,""y"":747,""t"":1906},{""x"":770,""y"":744,""t"":1949},{""x"":751,""y"":742,""t"":1975}]","[{""x"":250,""y"":425,""width"":80,""height"":80,""top"":385,""right"":290,""bottom"":465,""left"":210},{""x"":400,""y"":165.1923788646684,""width"":80,""height"":80,""top"":125.1923788646684,""right"":440,""bottom"":205.1923788646684,""left"":360},{""x"":700,""y"":165.1923788646684,""width"":80,""height"":80,""top"":125.1923788646684,""right"":740,""bottom"":205.1923788646684,""left"":660},{""x"":850,""y"":425,""width"":80,""height"":80,""top"":385,""right"":890,""bottom"":465,""left"":810},{""x"":700,""y"":684.8076211353316,""width"":80,""height"":80,""top"":644.8076211353316,""right"":740,""bottom"":724.8076211353316,""left"":660},{""x"":400,""y"":684.8076211353316,""width"":80,""height"":80,""top"":644.8076211353316,""right"":440,""bottom"":724.8076211353316,""left"":360}]","{""#container"":{""x"":266.42919921875,""y"":48.58407211303711,""width"":1099.9910888671875,""height"":849.9955444335938,""top"":48.58407211303711,""right"":1366.4202880859375,""bottom"":898.5796165466309,""left"":266.42919921875}}","[{'red': 1}, {'purple': 1}, {'blue': 0}, {'cyan': 13}, {'green': 5}, {'yellow': 3}]",{'yellow': 3},cyan
511,,,,605.0,1.0,1.0,"[""blue"",""green"",""red"",""yellow"",""cyan"",""purple""]",purple_1,True,"[{""x"":759,""y"":697,""t"":1},{""x"":775,""y"":661,""t"":39},{""x"":791,""y"":631,""t"":70},{""x"":784,""y"":600,""t"":106},{""x"":779,""y"":576,""t"":137},{""x"":860,""y"":582,""t"":172},{""x"":930,""y"":590,""t"":205},{""x"":979,""y"":574,""t"":241},{""x"":994,""y"":530,""t"":275},{""x"":1000,""y"":476,""t"":306},{""x"":1029,""y"":463,""t"":348},{""x"":1055,""y"":466,""t"":380},{""x"":1123,""y"":438,""t"":412},{""x"":1179,""y"":417,""t"":443},{""x"":1177,""y"":366,""t"":491},{""x"":1171,""y"":325,""t"":511},{""x"":1164,""y"":292,""t"":553},{""x"":1179,""y"":260,""t"":584},{""x"":1190,""y"":236,""t"":614},{""x"":1150,""y"":266,""t"":664},{""x"":1113,""y"":294,""t"":683},{""x"":1128,""y"":354,""t"":716},{""x"":1135,""y"":400,""t"":758},{""x"":1142,""y"":443,""t"":788},{""x"":1203,""y"":500,""t"":820},{""x"":1253,""y"":545,""t"":851},{""x"":1323,""y"":593,""t"":899},{""x"":1380,""y"":632,""t"":928},{""x"":1393,""y"":648,""t"":956},{""x"":1413,""y"":647,""t"":987},{""x"":1420,""y"":648,""t"":1026},{""x"":1473,""y"":706,""t"":1056},{""x"":1400,""y"":665,""t"":1102},{""x"":1334,""y"":628,""t"":1124},{""x"":1290,""y"":619,""t"":1165},{""x"":1300,""y"":607,""t"":1199},{""x"":1282,""y"":594,""t"":1230},{""x"":1275,""y"":582,""t"":1261},{""x"":1298,""y"":587,""t"":1306},{""x"":1316,""y"":571,""t"":1337},{""x"":1331,""y"":590,""t"":1368},{""x"":1344,""y"":607,""t"":1399},{""x"":1350,""y"":602,""t"":1429},{""x"":1310,""y"":583,""t"":1478},{""x"":1292,""y"":580,""t"":1499},{""x"":1314,""y"":595,""t"":1543},{""x"":1333,""y"":608,""t"":1573},{""x"":1292,""y"":636,""t"":1603},{""x"":1280,""y"":681,""t"":1633},{""x"":1234,""y"":693,""t"":1681},{""x"":1201,""y"":706,""t"":1707},{""x"":1121,""y"":717,""t"":1740},{""x"":1063,""y"":720,""t"":1770},{""x"":1016,""y"":721,""t"":1806},{""x"":991,""y"":719,""t"":1838},{""x"":947,""y"":718,""t"":1885},{""x"":916,""y"":740,""t"":1908},{""x"":952,""y"":740,""t"":1947},{""x"":960,""y"":727,""t"":1974}]","[{""x"":250,""y"":425,""width"":80,""height"":80,""top"":385,""right"":290,""bottom"":465,""left"":210},{""x"":400,""y"":165.1923788646684,""width"":80,""height"":80,""top"":125.1923788646684,""right"":440,""bottom"":205.1923788646684,""left"":360},{""x"":700,""y"":165.1923788646684,""width"":80,""height"":80,""top"":125.1923788646684,""right"":740,""bottom"":205.1923788646684,""left"":660},{""x"":850,""y"":425,""width"":80,""height"":80,""top"":385,""right"":890,""bottom"":465,""left"":810},{""x"":700,""y"":684.8076211353316,""width"":80,""height"":80,""top"":644.8076211353316,""right"":740,""bottom"":724.8076211353316,""left"":660},{""x"":400,""y"":684.8076211353316,""width"":80,""height"":80,""top"":644.8076211353316,""right"":440,""bottom"":724.8076211353316,""left"":360}]","{""#container"":{""x"":266.42919921875,""y"":48.58407211303711,""width"":1099.9910888671875,""height"":849.9955444335938,""top"":48.58407211303711,""right"":1366.4202880859375,""bottom"":898.5796165466309,""left"":266.42919921875}}","[{'blue': 0}, {'green': 0}, {'red': 0}, {'yellow': 11}, {'cyan': 8}, {'purple': 2}]",{'purple_1': 2},yellow
512,,,,910.0,6.0,6.0,"[""yellow"",""purple"",""blue"",""green"",""cyan"",""red""]",green,True,"[{""x"":901,""y"":650,""t"":2},{""x"":835,""y"":566,""t"":39},{""x"":794,""y"":532,""t"":72},{""x"":762,""y"":505,""t"":103},{""x"":771,""y"":523,""t"":139},{""x"":782,""y"":533,""t"":171},{""x"":781,""y"":473,""t"":207},{""x"":782,""y"":424,""t"":239},{""x"":777,""y"":383,""t"":273},{""x"":848,""y"":393,""t"":308},{""x"":857,""y"":400,""t"":355},{""x"":975,""y"":409,""t"":386},{""x"":1076,""y"":418,""t"":418},{""x"":1100,""y"":443,""t"":446},{""x"":1118,""y"":466,""t"":477},{""x"":1070,""y"":471,""t"":515},{""x"":1063,""y"":487,""t"":546},{""x"":1070,""y"":470,""t"":593},{""x"":1045,""y"":461,""t"":622},{""x"":1023,""y"":453,""t"":653},{""x"":1050,""y"":481,""t"":685},{""x"":1072,""y"":504,""t"":717},{""x"":1082,""y"":523,""t"":751},{""x"":1113,""y"":581,""t"":794},{""x"":1138,""y"":629,""t"":820},{""x"":1124,""y"":663,""t"":852},{""x"":1143,""y"":695,""t"":888},{""x"":1186,""y"":671,""t"":921},{""x"":1196,""y"":687,""t"":967},{""x"":1172,""y"":695,""t"":987},{""x"":1229,""y"":650,""t"":1031},{""x"":1276,""y"":610,""t"":1065},{""x"":1229,""y"":651,""t"":1097},{""x"":1187,""y"":687,""t"":1123},{""x"":1143,""y"":643,""t"":1172},{""x"":1106,""y"":605,""t"":1192},{""x"":1083,""y"":598,""t"":1235},{""x"":1058,""y"":553,""t"":1268},{""x"":1037,""y"":515,""t"":1296},{""x"":1021,""y"":484,""t"":1327},{""x"":1025,""y"":495,""t"":1375},{""x"":1049,""y"":488,""t"":1404},{""x"":1070,""y"":484,""t"":1435},{""x"":1102,""y"":503,""t"":1464},{""x"":1129,""y"":520,""t"":1502},{""x"":1223,""y"":673,""t"":1533},{""x"":1294,""y"":792,""t"":1565},{""x"":1363,""y"":907,""t"":1612},{""x"":1322,""y"":1006,""t"":1645},{""x"":1283,""y"":1084,""t"":1676},{""x"":1244,""y"":1064,""t"":1708},{""x"":1210,""y"":1039,""t"":1735},{""x"":1193,""y"":1017,""t"":1783},{""x"":1179,""y"":994,""t"":1810},{""x"":1093,""y"":956,""t"":1842},{""x"":1021,""y"":922,""t"":1873},{""x"":1008,""y"":886,""t"":1908},{""x"":1064,""y"":854,""t"":1940}]","[{""x"":250,""y"":425,""width"":80,""height"":80,""top"":385,""right"":290,""bottom"":465,""left"":210},{""x"":400,""y"":165.1923788646684,""width"":80,""height"":80,""top"":125.1923788646684,""right"":440,""bottom"":205.1923788646684,""left"":360},{""x"":700,""y"":165.1923788646684,""width"":80,""height"":80,""top"":125.1923788646684,""right"":740,""bottom"":205.1923788646684,""left"":660},{""x"":850,""y"":425,""width"":80,""height"":80,""top"":385,""right"":890,""bottom"":465,""left"":810},{""x"":700,""y"":684.8076211353316,""width"":80,""height"":80,""top"":644.8076211353316,""right"":740,""bottom"":724.8076211353316,""left"":660},{""x"":400,""y"":684.8076211353316,""width"":80,""height"":80,""top"":644.8076211353316,""right"":440,""bottom"":724.8076211353316,""left"":360}]","{""#container"":{""x"":266.42919921875,""y"":48.58407211303711,""width"":1099.9910888671875,""height"":849.9955444335938,""top"":48.58407211303711,""right"":1366.4202880859375,""bottom"":898.5796165466309,""left"":266.42919921875}}","[{'yellow': 0}, {'purple': 0}, {'blue': 0}, {'green': 22}, {'cyan': 1}, {'red': 0}]",{'green': 22},green
513,,,,644.0,1.0,1.0,"[""green"",""yellow"",""blue"",""purple"",""cyan"",""red""]",red,True,"[{""x"":1103,""y"":746,""t"":3},{""x"":1001,""y"":708,""t"":49},{""x"":919,""y"":699,""t"":82},{""x"":955,""y"":677,""t"":110},{""x"":981,""y"":666,""t"":138},{""x"":939,""y"":583,""t"":173},{""x"":904,""y"":514,""t"":205},{""x"":880,""y"":467,""t"":240},{""x"":890,""y"":398,""t"":274},{""x"":901,""y"":343,""t"":307},{""x"":899,""y"":299,""t"":352},{""x"":899,""y"":267,""t"":377},{""x"":924,""y"":241,""t"":410},{""x"":946,""y"":223,""t"":444},{""x"":986,""y"":216,""t"":478},{""x"":1016,""y"":214,""t"":524},{""x"":1041,""y"":216,""t"":552},{""x"":1087,""y"":272,""t"":582},{""x"":1137,""y"":351,""t"":613},{""x"":1110,""y"":327,""t"":648},{""x"":1082,""y"":313,""t"":696},{""x"":1077,""y"":323,""t"":722},{""x"":1072,""y"":331,""t"":753},{""x"":1014,""y"":353,""t"":783},{""x"":978,""y"":381,""t"":819},{""x"":981,""y"":354,""t"":865},{""x"":962,""y"":314,""t"":888},{""x"":970,""y"":295,""t"":928},{""x"":943,""y"":347,""t"":959},{""x"":921,""y"":392,""t"":988},{""x"":962,""y"":375,""t"":1038},{""x"":998,""y"":359,""t"":1061},{""x"":1028,""y"":345,""t"":1089},{""x"":1093,""y"":375,""t"":1130},{""x"":1146,""y"":400,""t"":1159},{""x"":1207,""y"":436,""t"":1193},{""x"":1256,""y"":502,""t"":1242},{""x"":1295,""y"":557,""t"":1262},{""x"":1293,""y"":573,""t"":1297},{""x"":1287,""y"":584,""t"":1326},{""x"":1319,""y"":624,""t"":1365},{""x"":1340,""y"":612,""t"":1395},{""x"":1322,""y"":593,""t"":1444},{""x"":1304,""y"":585,""t"":1471},{""x"":1232,""y"":597,""t"":1501},{""x"":1205,""y"":578,""t"":1532},{""x"":1183,""y"":561,""t"":1568},{""x"":1046,""y"":565,""t"":1601},{""x"":952,""y"":605,""t"":1647},{""x"":875,""y"":639,""t"":1668},{""x"":814,""y"":666,""t"":1708},{""x"":761,""y"":683,""t"":1738},{""x"":720,""y"":695,""t"":1769},{""x"":747,""y"":700,""t"":1805},{""x"":777,""y"":705,""t"":1851},{""x"":805,""y"":709,""t"":1878},{""x"":853,""y"":700,""t"":1908},{""x"":893,""y"":678,""t"":1939},{""x"":899,""y"":701,""t"":1977}]","[{""x"":250,""y"":425,""width"":80,""height"":80,""top"":385,""right"":290,""bottom"":465,""left"":210},{""x"":400,""y"":165.1923788646684,""width"":80,""height"":80,""top"":125.1923788646684,""right"":440,""bottom"":205.1923788646684,""left"":360},{""x"":700,""y"":165.1923788646684,""width"":80,""height"":80,""top"":125.1923788646684,""right"":740,""bottom"":205.1923788646684,""left"":660},{""x"":850,""y"":425,""width"":80,""height"":80,""top"":385,""right"":890,""bottom"":465,""left"":810},{""x"":700,""y"":684.8076211353316,""width"":80,""height"":80,""top"":644.8076211353316,""right"":740,""bottom"":724.8076211353316,""left"":660},{""x"":400,""y"":684.8076211353316,""width"":80,""height"":80,""top"":644.8076211353316,""right"":440,""bottom"":724.8076211353316,""left"":360}]","{""#container"":{""x"":266.42919921875,""y"":48.58407211303711,""width"":1099.9910888671875,""height"":849.9955444335938,""top"":48.58407211303711,""right"":1366.4202880859375,""bottom"":898.5796165466309,""left"":266.42919921875}}","[{'green': 0}, {'yellow': 0}, {'blue': 16}, {'purple': 10}, {'cyan': 10}, {'red': 5}]",{'red': 5},blue
514,,,,634.0,4.0,4.0,"[""yellow"",""green"",""red"",""cyan"",""purple"",""blue""]",yellow,True,"[{""x"":863,""y"":618,""t"":1},{""x"":817,""y"":496,""t"":40},{""x"":790,""y"":439,""t"":73},{""x"":747,""y"":390,""t"":106},{""x"":712,""y"":352,""t"":138},{""x"":688,""y"":357,""t"":172},{""x"":698,""y"":363,""t"":206},{""x"":719,""y"":369,""t"":239},{""x"":724,""y"":363,""t"":277},{""x"":727,""y"":350,""t"":307},{""x"":746,""y"":325,""t"":356},{""x"":763,""y"":306,""t"":381},{""x"":765,""y"":259,""t"":413},{""x"":782,""y"":240,""t"":443},{""x"":812,""y"":198,""t"":482},{""x"":816,""y"":164,""t"":514},{""x"":844,""y"":174,""t"":546},{""x"":838,""y"":176,""t"":592},{""x"":828,""y"":182,""t"":621},{""x"":818,""y"":185,""t"":654},{""x"":809,""y"":188,""t"":681},{""x"":828,""y"":199,""t"":717},{""x"":845,""y"":210,""t"":749},{""x"":875,""y"":230,""t"":796},{""x"":895,""y"":231,""t"":827},{""x"":911,""y"":232,""t"":853},{""x"":895,""y"":221,""t"":885},{""x"":894,""y"":243,""t"":921},{""x"":873,""y"":235,""t"":953},{""x"":857,""y"":232,""t"":1002},{""x"":844,""y"":229,""t"":1031},{""x"":844,""y"":217,""t"":1062},{""x"":844,""y"":206,""t"":1093},{""x"":871,""y"":195,""t"":1124},{""x"":886,""y"":208,""t"":1174},{""x"":899,""y"":220,""t"":1200},{""x"":909,""y"":231,""t"":1226},{""x"":1021,""y"":272,""t"":1267},{""x"":1102,""y"":303,""t"":1301},{""x"":1161,""y"":325,""t"":1331},{""x"":1141,""y"":385,""t"":1363},{""x"":1119,""y"":434,""t"":1407},{""x"":1146,""y"":479,""t"":1438},{""x"":1120,""y"":505,""t"":1463},{""x"":1118,""y"":518,""t"":1501},{""x"":1118,""y"":511,""t"":1531},{""x"":1119,""y"":503,""t"":1580},{""x"":1122,""y"":523,""t"":1599},{""x"":1107,""y"":517,""t"":1641},{""x"":1077,""y"":518,""t"":1673},{""x"":1051,""y"":517,""t"":1702},{""x"":1047,""y"":524,""t"":1737},{""x"":1083,""y"":549,""t"":1783},{""x"":1098,""y"":592,""t"":1803},{""x"":1067,""y"":582,""t"":1846},{""x"":1040,""y"":572,""t"":1876},{""x"":1107,""y"":572,""t"":1912},{""x"":1165,""y"":571,""t"":1939}]","[{""x"":250,""y"":425,""width"":80,""height"":80,""top"":385,""right"":290,""bottom"":465,""left"":210},{""x"":400,""y"":165.1923788646684,""width"":80,""height"":80,""top"":125.1923788646684,""right"":440,""bottom"":205.1923788646684,""left"":360},{""x"":700,""y"":165.1923788646684,""width"":80,""height"":80,""top"":125.1923788646684,""right"":740,""bottom"":205.1923788646684,""left"":660},{""x"":850,""y"":425,""width"":80,""height"":80,""top"":385,""right"":890,""bottom"":465,""left"":810},{""x"":700,""y"":684.8076211353316,""width"":80,""height"":80,""top"":644.8076211353316,""right"":740,""bottom"":724.8076211353316,""left"":660},{""x"":400,""y"":684.8076211353316,""width"":80,""height"":80,""top"":644.8076211353316,""right"":440,""bottom"":724.8076211353316,""left"":360}]","{""#container"":{""x"":266.42919921875,""y"":48.58407211303711,""width"":1099.9910888671875,""height"":849.9955444335938,""top"":48.58407211303711,""right"":1366.4202880859375,""bottom"":898.5796165466309,""left"":266.42919921875}}","[{'yellow': 0}, {'green': 9}, {'red': 20}, {'cyan': 18}, {'purple': 0}, {'blue': 0}]",,red
515,,,,1149.0,3.0,3.0,"[""cyan"",""blue"",""red"",""yellow"",""green"",""purple""]",green,True,"[{""x"":1039,""y"":565,""t"":1},{""x"":1000,""y"":563,""t"":42},{""x"":997,""y"":564,""t"":76},{""x"":948,""y"":540,""t"":105},{""x"":919,""y"":515,""t"":136},{""x"":915,""y"":505,""t"":172},{""x"":910,""y"":494,""t"":206},{""x"":898,""y"":479,""t"":242},{""x"":890,""y"":468,""t"":273},{""x"":890,""y"":452,""t"":308},{""x"":862,""y"":443,""t"":345},{""x"":840,""y"":437,""t"":374},{""x"":831,""y"":423,""t"":426},{""x"":825,""y"":412,""t"":445},{""x"":833,""y"":363,""t"":481},{""x"":828,""y"":340,""t"":511},{""x"":830,""y"":289,""t"":550},{""x"":816,""y"":268,""t"":585},{""x"":805,""y"":253,""t"":620},{""x"":803,""y"":248,""t"":649},{""x"":803,""y"":247,""t"":682},{""x"":855,""y"":272,""t"":725},{""x"":892,""y"":292,""t"":755},{""x"":900,""y"":323,""t"":789},{""x"":966,""y"":364,""t"":826},{""x"":1021,""y"":399,""t"":862},{""x"":1075,""y"":450,""t"":895},{""x"":1117,""y"":492,""t"":929},{""x"":1122,""y"":501,""t"":959},{""x"":1124,""y"":507,""t"":988},{""x"":1109,""y"":528,""t"":1024},{""x"":1095,""y"":544,""t"":1057},{""x"":1095,""y"":534,""t"":1089},{""x"":1094,""y"":526,""t"":1137},{""x"":1106,""y"":541,""t"":1157},{""x"":1100,""y"":549,""t"":1199},{""x"":1093,""y"":555,""t"":1226},{""x"":1015,""y"":532,""t"":1262},{""x"":948,""y"":511,""t"":1293},{""x"":952,""y"":510,""t"":1341},{""x"":930,""y"":518,""t"":1372},{""x"":913,""y"":524,""t"":1401},{""x"":900,""y"":530,""t"":1429},{""x"":975,""y"":540,""t"":1467},{""x"":986,""y"":544,""t"":1501},{""x"":997,""y"":548,""t"":1531},{""x"":1016,""y"":548,""t"":1574},{""x"":1052,""y"":522,""t"":1605},{""x"":1069,""y"":496,""t"":1637},{""x"":1065,""y"":469,""t"":1667},{""x"":1135,""y"":656,""t"":1716},{""x"":1189,""y"":804,""t"":1738},{""x"":1233,""y"":928,""t"":1769},{""x"":1272,""y"":1057,""t"":1808},{""x"":1308,""y"":1160,""t"":1838},{""x"":1287,""y"":1214,""t"":1887},{""x"":1273,""y"":1269,""t"":1905},{""x"":1264,""y"":1235,""t"":1948},{""x"":1233,""y"":1153,""t"":1980}]","[{""x"":250,""y"":425,""width"":80,""height"":80,""top"":385,""right"":290,""bottom"":465,""left"":210},{""x"":400,""y"":165.1923788646684,""width"":80,""height"":80,""top"":125.1923788646684,""right"":440,""bottom"":205.1923788646684,""left"":360},{""x"":700,""y"":165.1923788646684,""width"":80,""height"":80,""top"":125.1923788646684,""right"":740,""bottom"":205.1923788646684,""left"":660},{""x"":850,""y"":425,""width"":80,""height"":80,""top"":385,""right"":890,""bottom"":465,""left"":810},{""x"":700,""y"":684.8076211353316,""width"":80,""height"":80,""top"":644.8076211353316,""right"":740,""bottom"":724.8076211353316,""left"":660},{""x"":400,""y"":684.8076211353316,""width"":80,""height"":80,""top"":644.8076211353316,""right"":440,""bottom"":724.8076211353316,""left"":360}]","{""#container"":{""x"":266.42919921875,""y"":48.58407211303711,""width"":1099.9910888671875,""height"":849.9955444335938,""top"":48.58407211303711,""right"":1366.4202880859375,""bottom"":898.5796165466309,""left"":266.42919921875}}","[{'cyan': 0}, {'blue': 3}, {'red': 3}, {'yellow': 22}, {'green': 0}, {'purple': 0}]",,yellow
516,,,,1012.0,9.0,9.0,"[""blue"",""red"",""purple"",""green"",""cyan"",""yellow""]",purple,True,"[{""x"":1126,""y"":981,""t"":3},{""x"":1046,""y"":838,""t"":41},{""x"":977,""y"":699,""t"":74},{""x"":920,""y"":584,""t"":103},{""x"":874,""y"":481,""t"":139},{""x"":828,""y"":391,""t"":171},{""x"":744,""y"":323,""t"":206},{""x"":676,""y"":273,""t"":239},{""x"":668,""y"":259,""t"":274},{""x"":667,""y"":254,""t"":307},{""x"":659,""y"":244,""t"":355},{""x"":657,""y"":240,""t"":376},{""x"":658,""y"":241,""t"":414},{""x"":693,""y"":261,""t"":447},{""x"":724,""y"":281,""t"":479},{""x"":770,""y"":298,""t"":513},{""x"":838,""y"":318,""t"":557},{""x"":882,""y"":336,""t"":583},{""x"":883,""y"":348,""t"":614},{""x"":882,""y"":360,""t"":650},{""x"":923,""y"":375,""t"":683},{""x"":922,""y"":379,""t"":728},{""x"":920,""y"":382,""t"":753},{""x"":916,""y"":384,""t"":783},{""x"":935,""y"":394,""t"":820},{""x"":950,""y"":401,""t"":851},{""x"":949,""y"":406,""t"":900},{""x"":986,""y"":576,""t"":928},{""x"":1054,""y"":757,""t"":959},{""x"":1137,""y"":910,""t"":987},{""x"":1206,""y"":1033,""t"":1024},{""x"":1288,""y"":1093,""t"":1057},{""x"":1316,""y"":1091,""t"":1102},{""x"":1334,""y"":1081,""t"":1128},{""x"":1287,""y"":999,""t"":1158},{""x"":1242,""y"":924,""t"":1196},{""x"":1177,""y"":807,""t"":1230},{""x"":1120,""y"":706,""t"":1259},{""x"":1058,""y"":628,""t"":1308},{""x"":1024,""y"":564,""t"":1335},{""x"":994,""y"":505,""t"":1364},{""x"":971,""y"":458,""t"":1396},{""x"":974,""y"":445,""t"":1431},{""x"":1016,""y"":428,""t"":1464},{""x"":1014,""y"":431,""t"":1512},{""x"":1013,""y"":437,""t"":1533},{""x"":1013,""y"":445,""t"":1565},{""x"":1000,""y"":453,""t"":1606},{""x"":958,""y"":461,""t"":1639},{""x"":923,""y"":478,""t"":1669},{""x"":928,""y"":491,""t"":1702},{""x"":963,""y"":508,""t"":1744},{""x"":970,""y"":545,""t"":1781},{""x"":973,""y"":567,""t"":1808},{""x"":953,""y"":603,""t"":1837},{""x"":946,""y"":633,""t"":1871},{""x"":954,""y"":639,""t"":1905},{""x"":924,""y"":631,""t"":1952},{""x"":917,""y"":618,""t"":1973}]","[{""x"":250,""y"":425,""width"":80,""height"":80,""top"":385,""right"":290,""bottom"":465,""left"":210},{""x"":400,""y"":165.1923788646684,""width"":80,""height"":80,""top"":125.1923788646684,""right"":440,""bottom"":205.1923788646684,""left"":360},{""x"":700,""y"":165.1923788646684,""width"":80,""height"":80,""top"":125.1923788646684,""right"":740,""bottom"":205.1923788646684,""left"":660},{""x"":850,""y"":425,""width"":80,""height"":80,""top"":385,""right"":890,""bottom"":465,""left"":810},{""x"":700,""y"":684.8076211353316,""width"":80,""height"":80,""top"":644.8076211353316,""right"":740,""bottom"":724.8076211353316,""left"":660},{""x"":400,""y"":684.8076211353316,""width"":80,""height"":80,""top"":644.8076211353316,""right"":440,""bottom"":724.8076211353316,""left"":360}]","{""#container"":{""x"":266.42919921875,""y"":48.58407211303711,""width"":1099.9910888671875,""height"":849.9955444335938,""top"":48.58407211303711,""right"":1366.4202880859375,""bottom"":898.5796165466309,""left"":266.42919921875}}","[{'blue': 0}, {'red': 10}, {'purple': 1}, {'green': 9}, {'cyan': 9}, {'yellow': 0}]",{'purple': 1},red
517,,,,896.0,6.0,6.0,"[""green"",""red"",""blue"",""yellow"",""cyan"",""purple""]",yellow,True,"[{""x"":936,""y"":588,""t"":1},{""x"":937,""y"":556,""t"":39},{""x"":921,""y"":533,""t"":72},{""x"":887,""y"":499,""t"":103},{""x"":876,""y"":497,""t"":138},{""x"":825,""y"":465,""t"":172},{""x"":784,""y"":440,""t"":205},{""x"":765,""y"":436,""t"":239},{""x"":752,""y"":434,""t"":273},{""x"":730,""y"":410,""t"":309},{""x"":737,""y"":388,""t"":354},{""x"":745,""y"":371,""t"":385},{""x"":749,""y"":348,""t"":414},{""x"":760,""y"":316,""t"":446},{""x"":800,""y"":308,""t"":481},{""x"":834,""y"":307,""t"":515},{""x"":881,""y"":294,""t"":547},{""x"":925,""y"":277,""t"":589},{""x"":944,""y"":286,""t"":618},{""x"":959,""y"":295,""t"":647},{""x"":961,""y"":320,""t"":686},{""x"":991,""y"":338,""t"":717},{""x"":1014,""y"":353,""t"":749},{""x"":1034,""y"":374,""t"":785},{""x"":1050,""y"":392,""t"":818},{""x"":1083,""y"":399,""t"":856},{""x"":1109,""y"":403,""t"":891},{""x"":1112,""y"":417,""t"":922},{""x"":1112,""y"":459,""t"":954},{""x"":1087,""y"":482,""t"":997},{""x"":1115,""y"":497,""t"":1026},{""x"":1138,""y"":508,""t"":1054},{""x"":1151,""y"":529,""t"":1092},{""x"":1167,""y"":534,""t"":1123},{""x"":1147,""y"":515,""t"":1162},{""x"":1166,""y"":517,""t"":1199},{""x"":1182,""y"":518,""t"":1233},{""x"":1187,""y"":519,""t"":1269},{""x"":1208,""y"":541,""t"":1300},{""x"":1245,""y"":556,""t"":1328},{""x"":1274,""y"":571,""t"":1375},{""x"":1253,""y"":583,""t"":1403},{""x"":1261,""y"":584,""t"":1434},{""x"":1261,""y"":587,""t"":1465},{""x"":1173,""y"":592,""t"":1498},{""x"":1098,""y"":595,""t"":1532},{""x"":1013,""y"":611,""t"":1582},{""x"":944,""y"":623,""t"":1601},{""x"":897,""y"":600,""t"":1633},{""x"":850,""y"":571,""t"":1672},{""x"":852,""y"":575,""t"":1702},{""x"":800,""y"":579,""t"":1737},{""x"":759,""y"":583,""t"":1783},{""x"":709,""y"":597,""t"":1811},{""x"":690,""y"":605,""t"":1837},{""x"":637,""y"":619,""t"":1878},{""x"":595,""y"":630,""t"":1906},{""x"":622,""y"":603,""t"":1957},{""x"":642,""y"":581,""t"":1977}]","[{""x"":250,""y"":425,""width"":80,""height"":80,""top"":385,""right"":290,""bottom"":465,""left"":210},{""x"":400,""y"":165.1923788646684,""width"":80,""height"":80,""top"":125.1923788646684,""right"":440,""bottom"":205.1923788646684,""left"":360},{""x"":700,""y"":165.1923788646684,""width"":80,""height"":80,""top"":125.1923788646684,""right"":740,""bottom"":205.1923788646684,""left"":660},{""x"":850,""y"":425,""width"":80,""height"":80,""top"":385,""right"":890,""bottom"":465,""left"":810},{""x"":700,""y"":684.8076211353316,""width"":80,""height"":80,""top"":644.8076211353316,""right"":740,""bottom"":724.8076211353316,""left"":660},{""x"":400,""y"":684.8076211353316,""width"":80,""height"":80,""top"":644.8076211353316,""right"":440,""bottom"":724.8076211353316,""left"":360}]","{""#container"":{""x"":266.42919921875,""y"":48.58407211303711,""width"":1099.9910888671875,""height"":849.9955444335938,""top"":48.58407211303711,""right"":1366.4202880859375,""bottom"":898.5796165466309,""left"":266.42919921875}}","[{'green': 0}, {'red': 1}, {'blue': 7}, {'yellow': 18}, {'cyan': 3}, {'purple': 5}]",{'yellow': 18},yellow
518,,,,910.0,7.0,9.0,"[""purple"",""blue"",""red"",""yellow"",""green"",""cyan""]",red,False,"[{""x"":732,""y"":529,""t"":1},{""x"":808,""y"":492,""t"":39},{""x"":870,""y"":466,""t"":70},{""x"":897,""y"":453,""t"":104},{""x"":911,""y"":428,""t"":138},{""x"":930,""y"":403,""t"":174},{""x"":955,""y"":396,""t"":205},{""x"":950,""y"":401,""t"":241},{""x"":943,""y"":407,""t"":275},{""x"":961,""y"":408,""t"":308},{""x"":956,""y"":409,""t"":349},{""x"":951,""y"":411,""t"":386},{""x"":947,""y"":397,""t"":423},{""x"":946,""y"":364,""t"":453},{""x"":981,""y"":367,""t"":487},{""x"":987,""y"":374,""t"":520},{""x"":988,""y"":390,""t"":551},{""x"":972,""y"":406,""t"":585},{""x"":994,""y"":415,""t"":624},{""x"":1012,""y"":423,""t"":647},{""x"":1029,""y"":418,""t"":698},{""x"":1028,""y"":402,""t"":721},{""x"":1025,""y"":388,""t"":750},{""x"":1003,""y"":401,""t"":792},{""x"":984,""y"":412,""t"":820},{""x"":1041,""y"":448,""t"":852},{""x"":1090,""y"":479,""t"":889},{""x"":1088,""y"":475,""t"":925},{""x"":1110,""y"":496,""t"":961},{""x"":1134,""y"":496,""t"":998},{""x"":1147,""y"":501,""t"":1031},{""x"":1152,""y"":498,""t"":1059},{""x"":1120,""y"":503,""t"":1089},{""x"":1103,""y"":495,""t"":1138},{""x"":1085,""y"":490,""t"":1167},{""x"":1146,""y"":643,""t"":1199},{""x"":1172,""y"":767,""t"":1229},{""x"":1252,""y"":894,""t"":1261},{""x"":1313,""y"":1002,""t"":1294},{""x"":1354,""y"":1053,""t"":1328},{""x"":1393,""y"":1086,""t"":1362},{""x"":1443,""y"":1048,""t"":1403},{""x"":1439,""y"":978,""t"":1441},{""x"":1432,""y"":913,""t"":1472},{""x"":1440,""y"":832,""t"":1508},{""x"":1444,""y"":762,""t"":1532},{""x"":1401,""y"":696,""t"":1566},{""x"":1363,""y"":641,""t"":1601},{""x"":1341,""y"":586,""t"":1634},{""x"":1321,""y"":542,""t"":1668},{""x"":1273,""y"":518,""t"":1705},{""x"":1232,""y"":502,""t"":1735},{""x"":1161,""y"":510,""t"":1780},{""x"":1130,""y"":507,""t"":1808},{""x"":1106,""y"":507,""t"":1842},{""x"":1074,""y"":504,""t"":1873},{""x"":1049,""y"":503,""t"":1906},{""x"":1031,""y"":529,""t"":1954},{""x"":1018,""y"":552,""t"":1975}]","[{""x"":250,""y"":425,""width"":80,""height"":80,""top"":385,""right"":290,""bottom"":465,""left"":210},{""x"":400,""y"":165.1923788646684,""width"":80,""height"":80,""top"":125.1923788646684,""right"":440,""bottom"":205.1923788646684,""left"":360},{""x"":700,""y"":165.1923788646684,""width"":80,""height"":80,""top"":125.1923788646684,""right"":740,""bottom"":205.1923788646684,""left"":660},{""x"":850,""y"":425,""width"":80,""height"":80,""top"":385,""right"":890,""bottom"":465,""left"":810},{""x"":700,""y"":684.8076211353316,""width"":80,""height"":80,""top"":644.8076211353316,""right"":740,""bottom"":724.8076211353316,""left"":660},{""x"":400,""y"":684.8076211353316,""width"":80,""height"":80,""top"":644.8076211353316,""right"":440,""bottom"":724.8076211353316,""left"":360}]","{""#container"":{""x"":266.42919921875,""y"":48.58407211303711,""width"":1099.9910888671875,""height"":849.9955444335938,""top"":48.58407211303711,""right"":1366.4202880859375,""bottom"":898.5796165466309,""left"":266.42919921875}}","[{'purple': 0}, {'blue': 0}, {'red': 0}, {'yellow': 25}, {'green': 0}, {'cyan': 0}]",,yellow
519,,,,812.0,6.0,6.0,"[""red"",""green"",""yellow"",""cyan"",""purple"",""blue""]",cyan,True,"[{""x"":947,""y"":544,""t"":2},{""x"":941,""y"":516,""t"":37},{""x"":940,""y"":493,""t"":69},{""x"":981,""y"":480,""t"":104},{""x"":1020,""y"":469,""t"":136},{""x"":1009,""y"":464,""t"":172},{""x"":974,""y"":454,""t"":208},{""x"":922,""y"":433,""t"":239},{""x"":864,""y"":423,""t"":274},{""x"":842,""y"":402,""t"":307},{""x"":898,""y"":416,""t"":354},{""x"":938,""y"":404,""t"":375},{""x"":931,""y"":403,""t"":418},{""x"":929,""y"":410,""t"":449},{""x"":975,""y"":408,""t"":476},{""x"":940,""y"":409,""t"":527},{""x"":900,""y"":397,""t"":547},{""x"":887,""y"":401,""t"":581},{""x"":876,""y"":406,""t"":613},{""x"":889,""y"":406,""t"":652},{""x"":918,""y"":392,""t"":682},{""x"":923,""y"":379,""t"":714},{""x"":979,""y"":396,""t"":763},{""x"":1045,""y"":397,""t"":783},{""x"":1093,""y"":390,""t"":826},{""x"":1109,""y"":390,""t"":855},{""x"":1143,""y"":563,""t"":888},{""x"":1200,""y"":735,""t"":921},{""x"":1247,""y"":878,""t"":967},{""x"":1312,""y"":908,""t"":995},{""x"":1356,""y"":927,""t"":1021},{""x"":1328,""y"":861,""t"":1064},{""x"":1282,""y"":775,""t"":1095},{""x"":1284,""y"":719,""t"":1125},{""x"":1282,""y"":680,""t"":1173},{""x"":1278,""y"":646,""t"":1191},{""x"":1267,""y"":584,""t"":1236},{""x"":1256,""y"":533,""t"":1266},{""x"":1224,""y"":520,""t"":1300},{""x"":1197,""y"":512,""t"":1329},{""x"":1168,""y"":511,""t"":1362},{""x"":1138,""y"":505,""t"":1407},{""x"":1109,""y"":502,""t"":1438},{""x"":1102,""y"":480,""t"":1467},{""x"":1097,""y"":463,""t"":1497},{""x"":1101,""y"":461,""t"":1533},{""x"":1113,""y"":459,""t"":1580},{""x"":1066,""y"":488,""t"":1607},{""x"":1078,""y"":528,""t"":1642},{""x"":1045,""y"":538,""t"":1675},{""x"":1071,""y"":573,""t"":1709},{""x"":1091,""y"":631,""t"":1743},{""x"":1105,""y"":664,""t"":1774},{""x"":1117,""y"":690,""t"":1803},{""x"":1128,""y"":662,""t"":1848},{""x"":1137,""y"":636,""t"":1880},{""x"":1082,""y"":628,""t"":1913},{""x"":1061,""y"":623,""t"":1945},{""x"":1044,""y"":618,""t"":1974}]","[{""x"":250,""y"":425,""width"":80,""height"":80,""top"":385,""right"":290,""bottom"":465,""left"":210},{""x"":400,""y"":165.1923788646684,""width"":80,""height"":80,""top"":125.1923788646684,""right"":440,""bottom"":205.1923788646684,""left"":360},{""x"":700,""y"":165.1923788646684,""width"":80,""height"":80,""top"":125.1923788646684,""right"":740,""bottom"":205.1923788646684,""left"":660},{""x"":850,""y"":425,""width"":80,""height"":80,""top"":385,""right"":890,""bottom"":465,""left"":810},{""x"":700,""y"":684.8076211353316,""width"":80,""height"":80,""top"":644.8076211353316,""right"":740,""bottom"":724.8076211353316,""left"":660},{""x"":400,""y"":684.8076211353316,""width"":80,""height"":80,""top"":644.8076211353316,""right"":440,""bottom"":724.8076211353316,""left"":360}]","{""#container"":{""x"":266.42919921875,""y"":48.58407211303711,""width"":1099.9910888671875,""height"":849.9955444335938,""top"":48.58407211303711,""right"":1366.4202880859375,""bottom"":898.5796165466309,""left"":266.42919921875}}","[{'red': 0}, {'green': 0}, {'yellow': 0}, {'cyan': 21}, {'purple': 2}, {'blue': 0}]",{'cyan': 21},cyan
520,,,,907.0,7.0,6.0,"[""yellow"",""red"",""cyan"",""purple"",""blue"",""green""]",purple,False,"[{""x"":1036,""y"":595,""t"":3},{""x"":963,""y"":553,""t"":41},{""x"":901,""y"":517,""t"":72},{""x"":865,""y"":488,""t"":103},{""x"":864,""y"":483,""t"":138},{""x"":848,""y"":479,""t"":174},{""x"":838,""y"":478,""t"":205},{""x"":821,""y"":463,""t"":240},{""x"":801,""y"":436,""t"":274},{""x"":786,""y"":439,""t"":308},{""x"":776,""y"":427,""t"":351},{""x"":769,""y"":422,""t"":379},{""x"":831,""y"":423,""t"":410},{""x"":886,""y"":424,""t"":443},{""x"":983,""y"":594,""t"":491},{""x"":1090,""y"":736,""t"":523},{""x"":1179,""y"":856,""t"":552},{""x"":1252,""y"":953,""t"":581},{""x"":1289,""y"":923,""t"":614},{""x"":1249,""y"":810,""t"":651},{""x"":1211,""y"":710,""t"":684},{""x"":1183,""y"":643,""t"":718},{""x"":1158,""y"":586,""t"":750},{""x"":1104,""y"":532,""t"":794},{""x"":1146,""y"":651,""t"":827},{""x"":1166,""y"":759,""t"":855},{""x"":1214,""y"":934,""t"":892},{""x"":1254,""y"":1081,""t"":924},{""x"":1240,""y"":1104,""t"":954},{""x"":1225,""y"":1106,""t"":998},{""x"":1182,""y"":982,""t"":1031},{""x"":1106,""y"":868,""t"":1059},{""x"":1058,""y"":768,""t"":1091},{""x"":1035,""y"":679,""t"":1124},{""x"":998,""y"":585,""t"":1158},{""x"":954,""y"":515,""t"":1203},{""x"":919,""y"":459,""t"":1233},{""x"":940,""y"":422,""t"":1263},{""x"":964,""y"":381,""t"":1294},{""x"":1002,""y"":394,""t"":1331},{""x"":1023,""y"":398,""t"":1362},{""x"":974,""y"":391,""t"":1410},{""x"":1029,""y"":391,""t"":1443},{""x"":1077,""y"":394,""t"":1464},{""x"":1096,""y"":393,""t"":1504},{""x"":1091,""y"":387,""t"":1535},{""x"":1061,""y"":404,""t"":1568},{""x"":1062,""y"":418,""t"":1599},{""x"":1093,""y"":459,""t"":1645},{""x"":1130,""y"":487,""t"":1677},{""x"":1161,""y"":511,""t"":1706},{""x"":1137,""y"":516,""t"":1738},{""x"":1105,""y"":521,""t"":1770},{""x"":1121,""y"":536,""t"":1818},{""x"":1134,""y"":547,""t"":1838},{""x"":1156,""y"":530,""t"":1880},{""x"":1125,""y"":528,""t"":1910},{""x"":1098,""y"":526,""t"":1941}]","[{""x"":250,""y"":425,""width"":80,""height"":80,""top"":385,""right"":290,""bottom"":465,""left"":210},{""x"":400,""y"":165.1923788646684,""width"":80,""height"":80,""top"":125.1923788646684,""right"":440,""bottom"":205.1923788646684,""left"":360},{""x"":700,""y"":165.1923788646684,""width"":80,""height"":80,""top"":125.1923788646684,""right"":740,""bottom"":205.1923788646684,""left"":660},{""x"":850,""y"":425,""width"":80,""height"":80,""top"":385,""right"":890,""bottom"":465,""left"":810},{""x"":700,""y"":684.8076211353316,""width"":80,""height"":80,""top"":644.8076211353316,""right"":740,""bottom"":724.8076211353316,""left"":660},{""x"":400,""y"":684.8076211353316,""width"":80,""height"":80,""top"":644.8076211353316,""right"":440,""bottom"":724.8076211353316,""left"":360}]","{""#container"":{""x"":266.42919921875,""y"":48.58407211303711,""width"":1099.9910888671875,""height"":849.9955444335938,""top"":48.58407211303711,""right"":1366.4202880859375,""bottom"":898.5796165466309,""left"":266.42919921875}}","[{'yellow': 0}, {'red': 0}, {'cyan': 0}, {'purple': 21}, {'blue': 4}, {'green': 0}]",{'purple': 21},purple
521,,,,1274.0,7.0,7.0,"[""purple"",""blue"",""red"",""cyan"",""yellow"",""green""]",blue_1,True,"[{""x"":1010,""y"":490,""t"":1},{""x"":946,""y"":494,""t"":50},{""x"":904,""y"":495,""t"":75},{""x"":911,""y"":495,""t"":112},{""x"":927,""y"":498,""t"":146},{""x"":942,""y"":501,""t"":176},{""x"":944,""y"":518,""t"":208},{""x"":947,""y"":532,""t"":240},{""x"":981,""y"":562,""t"":277},{""x"":1010,""y"":587,""t"":310},{""x"":991,""y"":569,""t"":344},{""x"":974,""y"":554,""t"":376},{""x"":1047,""y"":534,""t"":423},{""x"":997,""y"":534,""t"":454},{""x"":988,""y"":506,""t"":483},{""x"":986,""y"":471,""t"":512},{""x"":984,""y"":443,""t"":548},{""x"":969,""y"":443,""t"":580},{""x"":958,""y"":431,""t"":629},{""x"":953,""y"":424,""t"":657},{""x"":948,""y"":418,""t"":681},{""x"":958,""y"":440,""t"":720},{""x"":1048,""y"":660,""t"":751},{""x"":1194,""y"":834,""t"":797},{""x"":1312,""y"":1006,""t"":819},{""x"":1436,""y"":1138,""t"":861},{""x"":1403,""y"":1273,""t"":891},{""x"":1378,""y"":1384,""t"":918},{""x"":1330,""y"":1452,""t"":955},{""x"":1345,""y"":1468,""t"":1004},{""x"":1355,""y"":1471,""t"":1024},{""x"":1290,""y"":1410,""t"":1056},{""x"":1214,""y"":1334,""t"":1089},{""x"":1131,""y"":1238,""t"":1129},{""x"":1061,""y"":1154,""t"":1157},{""x"":1023,""y"":1036,""t"":1194},{""x"":983,""y"":951,""t"":1240},{""x"":950,""y"":864,""t"":1265},{""x"":939,""y"":819,""t"":1295},{""x"":935,""y"":800,""t"":1327},{""x"":917,""y"":782,""t"":1367},{""x"":894,""y"":763,""t"":1397},{""x"":884,""y"":749,""t"":1430},{""x"":855,""y"":715,""t"":1475},{""x"":839,""y"":717,""t"":1505},{""x"":798,""y"":709,""t"":1538},{""x"":760,""y"":706,""t"":1568},{""x"":705,""y"":657,""t"":1600},{""x"":683,""y"":654,""t"":1647},{""x"":667,""y"":654,""t"":1668},{""x"":658,""y"":656,""t"":1708},{""x"":651,""y"":622,""t"":1740},{""x"":648,""y"":594,""t"":1769},{""x"":584,""y"":545,""t"":1818},{""x"":532,""y"":506,""t"":1840},{""x"":491,""y"":475,""t"":1871},{""x"":476,""y"":453,""t"":1911},{""x"":467,""y"":438,""t"":1944},{""x"":429,""y"":436,""t"":1974}]","[{""x"":250,""y"":425,""width"":80,""height"":80,""top"":385,""right"":290,""bottom"":465,""left"":210},{""x"":400,""y"":165.1923788646684,""width"":80,""height"":80,""top"":125.1923788646684,""right"":440,""bottom"":205.1923788646684,""left"":360},{""x"":700,""y"":165.1923788646684,""width"":80,""height"":80,""top"":125.1923788646684,""right"":740,""bottom"":205.1923788646684,""left"":660},{""x"":850,""y"":425,""width"":80,""height"":80,""top"":385,""right"":890,""bottom"":465,""left"":810},{""x"":700,""y"":684.8076211353316,""width"":80,""height"":80,""top"":644.8076211353316,""right"":740,""bottom"":724.8076211353316,""left"":660},{""x"":400,""y"":684.8076211353316,""width"":80,""height"":80,""top"":644.8076211353316,""right"":440,""bottom"":724.8076211353316,""left"":360}]","{""#container"":{""x"":266.42919921875,""y"":48.58407211303711,""width"":1099.9910888671875,""height"":849.9955444335938,""top"":48.58407211303711,""right"":1366.4202880859375,""bottom"":898.5796165466309,""left"":266.42919921875}}","[{'purple': 6}, {'blue': 0}, {'red': 0}, {'cyan': 6}, {'yellow': 9}, {'green': 8}]",,yellow
522,,,,642.0,3.0,3.0,"[""blue"",""cyan"",""red"",""green"",""yellow"",""purple""]",yellow,True,"[{""x"":552,""y"":409,""t"":1},{""x"":623,""y"":391,""t"":57},{""x"":691,""y"":377,""t"":85},{""x"":771,""y"":422,""t"":116},{""x"":816,""y"":443,""t"":148},{""x"":844,""y"":474,""t"":179},{""x"":864,""y"":501,""t"":207},{""x"":925,""y"":495,""t"":242},{""x"":963,""y"":493,""t"":273},{""x"":990,""y"":475,""t"":308},{""x"":1067,""y"":482,""t"":354},{""x"":1129,""y"":489,""t"":385},{""x"":1123,""y"":477,""t"":421},{""x"":1112,""y"":466,""t"":451},{""x"":1067,""y"":449,""t"":484},{""x"":1026,""y"":436,""t"":511},{""x"":1066,""y"":431,""t"":558},{""x"":1035,""y"":407,""t"":593},{""x"":1000,""y"":372,""t"":619},{""x"":971,""y"":344,""t"":648},{""x"":996,""y"":366,""t"":684},{""x"":985,""y"":337,""t"":717},{""x"":991,""y"":333,""t"":765},{""x"":997,""y"":332,""t"":784},{""x"":1001,""y"":332,""t"":825},{""x"":1012,""y"":282,""t"":856},{""x"":1003,""y"":262,""t"":885},{""x"":982,""y"":257,""t"":920},{""x"":891,""y"":247,""t"":967},{""x"":812,""y"":265,""t"":988},{""x"":773,""y"":249,""t"":1022},{""x"":769,""y"":233,""t"":1059},{""x"":772,""y"":232,""t"":1093},{""x"":777,""y"":233,""t"":1127},{""x"":776,""y"":269,""t"":1164},{""x"":807,""y"":322,""t"":1199},{""x"":835,""y"":368,""t"":1227},{""x"":844,""y"":386,""t"":1260},{""x"":853,""y"":376,""t"":1296},{""x"":808,""y"":407,""t"":1329},{""x"":770,""y"":432,""t"":1364},{""x"":745,""y"":442,""t"":1399},{""x"":720,""y"":431,""t"":1430},{""x"":744,""y"":447,""t"":1473},{""x"":716,""y"":407,""t"":1503},{""x"":731,""y"":363,""t"":1531},{""x"":708,""y"":362,""t"":1569},{""x"":729,""y"":368,""t"":1602},{""x"":725,""y"":367,""t"":1635},{""x"":734,""y"":389,""t"":1680},{""x"":750,""y"":392,""t"":1709},{""x"":763,""y"":394,""t"":1738},{""x"":760,""y"":398,""t"":1772},{""x"":772,""y"":475,""t"":1806},{""x"":782,""y"":540,""t"":1840},{""x"":755,""y"":564,""t"":1875},{""x"":730,""y"":580,""t"":1910},{""x"":728,""y"":552,""t"":1948}]","[{""x"":250,""y"":425,""width"":80,""height"":80,""top"":385,""right"":290,""bottom"":465,""left"":210},{""x"":400,""y"":165.1923788646684,""width"":80,""height"":80,""top"":125.1923788646684,""right"":440,""bottom"":205.1923788646684,""left"":360},{""x"":700,""y"":165.1923788646684,""width"":80,""height"":80,""top"":125.1923788646684,""right"":740,""bottom"":205.1923788646684,""left"":660},{""x"":850,""y"":425,""width"":80,""height"":80,""top"":385,""right"":890,""bottom"":465,""left"":810},{""x"":700,""y"":684.8076211353316,""width"":80,""height"":80,""top"":644.8076211353316,""right"":740,""bottom"":724.8076211353316,""left"":660},{""x"":400,""y"":684.8076211353316,""width"":80,""height"":80,""top"":644.8076211353316,""right"":440,""bottom"":724.8076211353316,""left"":360}]","{""#container"":{""x"":266.42919921875,""y"":48.58407211303711,""width"":1099.9910888671875,""height"":849.9955444335938,""top"":48.58407211303711,""right"":1366.4202880859375,""bottom"":898.5796165466309,""left"":266.42919921875}}","[{'blue': 2}, {'cyan': 5}, {'red': 9}, {'green': 9}, {'yellow': 0}, {'purple': 0}]",,red
523,,,,653.0,4.0,4.0,"[""cyan"",""green"",""red"",""blue"",""purple"",""yellow""]",cyan_1,True,"[{""x"":755,""y"":543,""t"":2},{""x"":754,""y"":500,""t"":37},{""x"":752,""y"":492,""t"":71},{""x"":745,""y"":480,""t"":104},{""x"":745,""y"":498,""t"":137},{""x"":720,""y"":490,""t"":173},{""x"":684,""y"":440,""t"":207},{""x"":653,""y"":399,""t"":239},{""x"":672,""y"":373,""t"":274},{""x"":690,""y"":353,""t"":307},{""x"":732,""y"":295,""t"":348},{""x"":768,""y"":248,""t"":375},{""x"":792,""y"":242,""t"":410},{""x"":867,""y"":214,""t"":456},{""x"":929,""y"":193,""t"":477},{""x"":977,""y"":148,""t"":521},{""x"":1015,""y"":112,""t"":557},{""x"":1031,""y"":144,""t"":591},{""x"":1033,""y"":175,""t"":620},{""x"":1077,""y"":219,""t"":651},{""x"":1112,""y"":257,""t"":683},{""x"":1163,""y"":295,""t"":718},{""x"":1192,""y"":338,""t"":759},{""x"":1214,""y"":374,""t"":788},{""x"":1234,""y"":398,""t"":824},{""x"":1251,""y"":415,""t"":857},{""x"":1242,""y"":437,""t"":893},{""x"":1204,""y"":438,""t"":929},{""x"":1170,""y"":436,""t"":959},{""x"":1172,""y"":457,""t"":993},{""x"":1173,""y"":473,""t"":1026},{""x"":1179,""y"":472,""t"":1063},{""x"":1155,""y"":473,""t"":1097},{""x"":1195,""y"":451,""t"":1130},{""x"":1224,""y"":430,""t"":1159},{""x"":1211,""y"":423,""t"":1193},{""x"":1129,""y"":421,""t"":1236},{""x"":1060,""y"":419,""t"":1270},{""x"":997,""y"":412,""t"":1304},{""x"":956,""y"":438,""t"":1336},{""x"":918,""y"":461,""t"":1366},{""x"":889,""y"":481,""t"":1398},{""x"":866,""y"":476,""t"":1432},{""x"":872,""y"":494,""t"":1471},{""x"":885,""y"":502,""t"":1504},{""x"":899,""y"":508,""t"":1532},{""x"":871,""y"":519,""t"":1582},{""x"":848,""y"":527,""t"":1603},{""x"":830,""y"":533,""t"":1633},{""x"":856,""y"":537,""t"":1675},{""x"":880,""y"":540,""t"":1702},{""x"":857,""y"":498,""t"":1738},{""x"":837,""y"":461,""t"":1770},{""x"":839,""y"":438,""t"":1819},{""x"":827,""y"":412,""t"":1841},{""x"":818,""y"":390,""t"":1871},{""x"":878,""y"":438,""t"":1913},{""x"":930,""y"":480,""t"":1943},{""x"":952,""y"":472,""t"":1979}]","[{""x"":250,""y"":425,""width"":80,""height"":80,""top"":385,""right"":290,""bottom"":465,""left"":210},{""x"":400,""y"":165.1923788646684,""width"":80,""height"":80,""top"":125.1923788646684,""right"":440,""bottom"":205.1923788646684,""left"":360},{""x"":700,""y"":165.1923788646684,""width"":80,""height"":80,""top"":125.1923788646684,""right"":740,""bottom"":205.1923788646684,""left"":660},{""x"":850,""y"":425,""width"":80,""height"":80,""top"":385,""right"":890,""bottom"":465,""left"":810},{""x"":700,""y"":684.8076211353316,""width"":80,""height"":80,""top"":644.8076211353316,""right"":740,""bottom"":724.8076211353316,""left"":660},{""x"":400,""y"":684.8076211353316,""width"":80,""height"":80,""top"":644.8076211353316,""right"":440,""bottom"":724.8076211353316,""left"":360}]","{""#container"":{""x"":266.42919921875,""y"":48.58407211303711,""width"":1099.9910888671875,""height"":849.9955444335938,""top"":48.58407211303711,""right"":1366.4202880859375,""bottom"":898.5796165466309,""left"":266.42919921875}}","[{'cyan': 0}, {'green': 4}, {'red': 7}, {'blue': 16}, {'purple': 0}, {'yellow': 0}]",,blue
524,,,,1198.0,3.0,3.0,"[""cyan"",""green"",""yellow"",""red"",""purple"",""blue""]",purple,True,"[{""x"":944,""y"":474,""t"":2},{""x"":884,""y"":487,""t"":38},{""x"":837,""y"":503,""t"":69},{""x"":852,""y"":509,""t"":105},{""x"":851,""y"":504,""t"":140},{""x"":852,""y"":498,""t"":171},{""x"":818,""y"":511,""t"":206},{""x"":790,""y"":522,""t"":238},{""x"":864,""y"":520,""t"":275},{""x"":943,""y"":502,""t"":307},{""x"":939,""y"":458,""t"":350},{""x"":1006,""y"":447,""t"":382},{""x"":1062,""y"":438,""t"":412},{""x"":1082,""y"":410,""t"":445},{""x"":1076,""y"":350,""t"":493},{""x"":1068,""y"":300,""t"":514},{""x"":1059,""y"":259,""t"":546},{""x"":1113,""y"":235,""t"":588},{""x"":1122,""y"":256,""t"":621},{""x"":1119,""y"":254,""t"":654},{""x"":1153,""y"":297,""t"":686},{""x"":1180,""y"":336,""t"":718},{""x"":1182,""y"":359,""t"":750},{""x"":1182,""y"":378,""t"":789},{""x"":1157,""y"":390,""t"":821},{""x"":1134,""y"":399,""t"":853},{""x"":1097,""y"":416,""t"":900},{""x"":1064,""y"":429,""t"":920},{""x"":1072,""y"":460,""t"":963},{""x"":1071,""y"":434,""t"":991},{""x"":1102,""y"":444,""t"":1021},{""x"":1074,""y"":455,""t"":1056},{""x"":1112,""y"":458,""t"":1105},{""x"":1144,""y"":459,""t"":1124},{""x"":1124,""y"":438,""t"":1168},{""x"":1106,""y"":419,""t"":1197},{""x"":1113,""y"":408,""t"":1229},{""x"":1140,""y"":405,""t"":1259},{""x"":1137,""y"":380,""t"":1295},{""x"":1126,""y"":388,""t"":1344},{""x"":1120,""y"":390,""t"":1370},{""x"":1094,""y"":387,""t"":1400},{""x"":1073,""y"":353,""t"":1429},{""x"":1048,""y"":364,""t"":1466},{""x"":1028,""y"":375,""t"":1497},{""x"":1086,""y"":378,""t"":1547},{""x"":1112,""y"":376,""t"":1565},{""x"":1172,""y"":363,""t"":1609},{""x"":1222,""y"":352,""t"":1639},{""x"":1250,""y"":342,""t"":1671},{""x"":1242,""y"":328,""t"":1702},{""x"":1258,""y"":304,""t"":1750},{""x"":1234,""y"":297,""t"":1771},{""x"":1211,""y"":292,""t"":1811},{""x"":1180,""y"":324,""t"":1839},{""x"":1113,""y"":339,""t"":1871},{""x"":1025,""y"":357,""t"":1909},{""x"":974,""y"":361,""t"":1948},{""x"":914,""y"":370,""t"":1975}]","[{""x"":250,""y"":425,""width"":80,""height"":80,""top"":385,""right"":290,""bottom"":465,""left"":210},{""x"":400,""y"":165.1923788646684,""width"":80,""height"":80,""top"":125.1923788646684,""right"":440,""bottom"":205.1923788646684,""left"":360},{""x"":700,""y"":165.1923788646684,""width"":80,""height"":80,""top"":125.1923788646684,""right"":740,""bottom"":205.1923788646684,""left"":660},{""x"":850,""y"":425,""width"":80,""height"":80,""top"":385,""right"":890,""bottom"":465,""left"":810},{""x"":700,""y"":684.8076211353316,""width"":80,""height"":80,""top"":644.8076211353316,""right"":740,""bottom"":724.8076211353316,""left"":660},{""x"":400,""y"":684.8076211353316,""width"":80,""height"":80,""top"":644.8076211353316,""right"":440,""bottom"":724.8076211353316,""left"":360}]","{""#container"":{""x"":266.42919921875,""y"":48.58407211303711,""width"":1099.9910888671875,""height"":849.9955444335938,""top"":48.58407211303711,""right"":1366.4202880859375,""bottom"":898.5796165466309,""left"":266.42919921875}}","[{'cyan': 0}, {'green': 0}, {'yellow': 4}, {'red': 32}, {'purple': 0}, {'blue': 0}]",,red
525,,,,1203.0,1.0,1.0,"[""blue"",""yellow"",""red"",""cyan"",""purple"",""green""]",green,True,"[{""x"":949,""y"":421,""t"":1},{""x"":944,""y"":468,""t"":40},{""x"":985,""y"":541,""t"":76},{""x"":1012,""y"":598,""t"":107},{""x"":1082,""y"":640,""t"":139},{""x"":1099,""y"":688,""t"":171},{""x"":1035,""y"":693,""t"":205},{""x"":990,""y"":665,""t"":242},{""x"":963,""y"":647,""t"":274},{""x"":1062,""y"":599,""t"":309},{""x"":1119,""y"":563,""t"":341},{""x"":1147,""y"":462,""t"":388},{""x"":1094,""y"":373,""t"":420},{""x"":1047,""y"":298,""t"":450},{""x"":1044,""y"":303,""t"":482},{""x"":1042,""y"":311,""t"":513},{""x"":1082,""y"":325,""t"":546},{""x"":1052,""y"":329,""t"":592},{""x"":1025,""y"":335,""t"":618},{""x"":1003,""y"":342,""t"":648},{""x"":1062,""y"":334,""t"":686},{""x"":1128,""y"":295,""t"":718},{""x"":1167,""y"":250,""t"":749},{""x"":1195,""y"":202,""t"":797},{""x"":1240,""y"":182,""t"":829},{""x"":1229,""y"":196,""t"":859},{""x"":1248,""y"":237,""t"":889},{""x"":1271,""y"":480,""t"":921},{""x"":1291,""y"":645,""t"":969},{""x"":1314,""y"":773,""t"":989},{""x"":1302,""y"":766,""t"":1022},{""x"":1265,""y"":764,""t"":1062},{""x"":1254,""y"":709,""t"":1093},{""x"":1243,""y"":657,""t"":1123},{""x"":1241,""y"":637,""t"":1173},{""x"":1243,""y"":562,""t"":1201},{""x"":1240,""y"":508,""t"":1230},{""x"":1243,""y"":451,""t"":1261},{""x"":1264,""y"":382,""t"":1294},{""x"":1292,""y"":330,""t"":1344},{""x"":1316,""y"":289,""t"":1370},{""x"":1288,""y"":290,""t"":1401},{""x"":1263,""y"":295,""t"":1429},{""x"":1176,""y"":246,""t"":1466},{""x"":1101,""y"":207,""t"":1497},{""x"":1083,""y"":198,""t"":1545},{""x"":1048,""y"":189,""t"":1575},{""x"":1076,""y"":193,""t"":1605},{""x"":1077,""y"":212,""t"":1633},{""x"":1109,""y"":215,""t"":1668},{""x"":1085,""y"":234,""t"":1717},{""x"":1075,""y"":281,""t"":1738},{""x"":1118,""y"":346,""t"":1771},{""x"":1219,""y"":399,""t"":1809},{""x"":1262,""y"":424,""t"":1837},{""x"":1349,""y"":451,""t"":1874},{""x"":1353,""y"":498,""t"":1919},{""x"":1360,""y"":546,""t"":1940},{""x"":1363,""y"":583,""t"":1981}]","[{""x"":250,""y"":425,""width"":80,""height"":80,""top"":385,""right"":290,""bottom"":465,""left"":210},{""x"":400,""y"":165.1923788646684,""width"":80,""height"":80,""top"":125.1923788646684,""right"":440,""bottom"":205.1923788646684,""left"":360},{""x"":700,""y"":165.1923788646684,""width"":80,""height"":80,""top"":125.1923788646684,""right"":740,""bottom"":205.1923788646684,""left"":660},{""x"":850,""y"":425,""width"":80,""height"":80,""top"":385,""right"":890,""bottom"":465,""left"":810},{""x"":700,""y"":684.8076211353316,""width"":80,""height"":80,""top"":644.8076211353316,""right"":740,""bottom"":724.8076211353316,""left"":660},{""x"":400,""y"":684.8076211353316,""width"":80,""height"":80,""top"":644.8076211353316,""right"":440,""bottom"":724.8076211353316,""left"":360}]","{""#container"":{""x"":266.42919921875,""y"":48.58407211303711,""width"":1099.9910888671875,""height"":849.9955444335938,""top"":48.58407211303711,""right"":1366.4202880859375,""bottom"":898.5796165466309,""left"":266.42919921875}}","[{'blue': 0}, {'yellow': 0}, {'red': 14}, {'cyan': 10}, {'purple': 6}, {'green': 0}]",,red
526,,,,1007.0,7.0,7.0,"[""red"",""green"",""cyan"",""yellow"",""blue"",""purple""]",green_1,True,"[{""x"":1245,""y"":553,""t"":1},{""x"":1118,""y"":525,""t"":36},{""x"":984,""y"":518,""t"":71},{""x"":871,""y"":510,""t"":103},{""x"":882,""y"":530,""t"":139},{""x"":808,""y"":511,""t"":174},{""x"":770,""y"":463,""t"":205},{""x"":730,""y"":454,""t"":241},{""x"":725,""y"":434,""t"":274},{""x"":743,""y"":411,""t"":310},{""x"":763,""y"":393,""t"":341},{""x"":792,""y"":335,""t"":388},{""x"":840,""y"":285,""t"":419},{""x"":892,""y"":251,""t"":449},{""x"":939,""y"":219,""t"":482},{""x"":977,""y"":194,""t"":513},{""x"":994,""y"":167,""t"":546},{""x"":1007,""y"":148,""t"":588},{""x"":1030,""y"":121,""t"":617},{""x"":1025,""y"":108,""t"":649},{""x"":1018,""y"":100,""t"":682},{""x"":1011,""y"":143,""t"":731},{""x"":1004,""y"":182,""t"":750},{""x"":1007,""y"":245,""t"":792},{""x"":1010,""y"":287,""t"":824},{""x"":1035,""y"":337,""t"":857},{""x"":1055,""y"":377,""t"":885},{""x"":1028,""y"":426,""t"":931},{""x"":1049,""y"":482,""t"":964},{""x"":1066,""y"":526,""t"":993},{""x"":1043,""y"":528,""t"":1024},{""x"":1022,""y"":526,""t"":1056},{""x"":1014,""y"":528,""t"":1104},{""x"":1007,""y"":528,""t"":1132},{""x"":965,""y"":540,""t"":1165},{""x"":937,""y"":598,""t"":1192},{""x"":918,""y"":649,""t"":1228},{""x"":905,""y"":653,""t"":1261},{""x"":887,""y"":658,""t"":1293},{""x"":860,""y"":675,""t"":1338},{""x"":838,""y"":684,""t"":1367},{""x"":822,""y"":716,""t"":1398},{""x"":811,""y"":742,""t"":1430},{""x"":712,""y"":720,""t"":1478},{""x"":652,""y"":699,""t"":1501},{""x"":604,""y"":679,""t"":1531},{""x"":558,""y"":668,""t"":1571},{""x"":539,""y"":678,""t"":1600},{""x"":537,""y"":647,""t"":1648},{""x"":530,""y"":609,""t"":1667},{""x"":575,""y"":613,""t"":1712},{""x"":578,""y"":658,""t"":1742},{""x"":582,""y"":698,""t"":1772},{""x"":745,""y"":824,""t"":1804},{""x"":876,""y"":916,""t"":1851},{""x"":920,""y"":941,""t"":1879},{""x"":940,""y"":958,""t"":1907},{""x"":826,""y"":895,""t"":1940},{""x"":637,""y"":822,""t"":1977}]","[{""x"":250,""y"":425,""width"":80,""height"":80,""top"":385,""right"":290,""bottom"":465,""left"":210},{""x"":400,""y"":165.1923788646684,""width"":80,""height"":80,""top"":125.1923788646684,""right"":440,""bottom"":205.1923788646684,""left"":360},{""x"":700,""y"":165.1923788646684,""width"":80,""height"":80,""top"":125.1923788646684,""right"":740,""bottom"":205.1923788646684,""left"":660},{""x"":850,""y"":425,""width"":80,""height"":80,""top"":385,""right"":890,""bottom"":465,""left"":810},{""x"":700,""y"":684.8076211353316,""width"":80,""height"":80,""top"":644.8076211353316,""right"":740,""bottom"":724.8076211353316,""left"":660},{""x"":400,""y"":684.8076211353316,""width"":80,""height"":80,""top"":644.8076211353316,""right"":440,""bottom"":724.8076211353316,""left"":360}]","{""#container"":{""x"":266.42919921875,""y"":48.58407211303711,""width"":1099.9910888671875,""height"":849.9955444335938,""top"":48.58407211303711,""right"":1366.4202880859375,""bottom"":898.5796165466309,""left"":266.42919921875}}","[{'red': 1}, {'green': 0}, {'cyan': 14}, {'yellow': 10}, {'blue': 7}, {'purple': 10}]",,cyan
527,,,,785.0,3.0,3.0,"[""red"",""blue"",""purple"",""green"",""yellow"",""cyan""]",yellow_1,True,"[{""x"":698,""y"":721,""t"":4},{""x"":775,""y"":640,""t"":43},{""x"":830,""y"":537,""t"":77},{""x"":876,""y"":452,""t"":108},{""x"":904,""y"":406,""t"":137},{""x"":964,""y"":341,""t"":172},{""x"":1006,""y"":306,""t"":205},{""x"":1047,""y"":275,""t"":240},{""x"":1079,""y"":254,""t"":273},{""x"":1123,""y"":222,""t"":309},{""x"":1109,""y"":202,""t"":357},{""x"":1093,""y"":190,""t"":385},{""x"":1103,""y"":179,""t"":417},{""x"":1068,""y"":168,""t"":450},{""x"":1079,""y"":186,""t"":480},{""x"":1088,""y"":205,""t"":511},{""x"":1056,""y"":209,""t"":547},{""x"":1058,""y"":280,""t"":592},{""x"":1060,""y"":341,""t"":623},{""x"":1022,""y"":383,""t"":658},{""x"":996,""y"":426,""t"":689},{""x"":1059,""y"":440,""t"":722},{""x"":1112,""y"":449,""t"":752},{""x"":1103,""y"":458,""t"":784},{""x"":1117,""y"":471,""t"":827},{""x"":1133,""y"":492,""t"":860},{""x"":1143,""y"":506,""t"":889},{""x"":1198,""y"":521,""t"":930},{""x"":1195,""y"":563,""t"":963},{""x"":1201,""y"":592,""t"":993},{""x"":1170,""y"":603,""t"":1027},{""x"":1142,""y"":610,""t"":1058},{""x"":1075,""y"":611,""t"":1094},{""x"":1031,""y"":610,""t"":1125},{""x"":936,""y"":646,""t"":1159},{""x"":898,""y"":637,""t"":1193},{""x"":878,""y"":644,""t"":1228},{""x"":865,""y"":644,""t"":1261},{""x"":863,""y"":625,""t"":1303},{""x"":849,""y"":598,""t"":1333},{""x"":839,""y"":574,""t"":1362},{""x"":862,""y"":569,""t"":1400},{""x"":871,""y"":567,""t"":1435},{""x"":877,""y"":580,""t"":1467},{""x"":824,""y"":593,""t"":1498},{""x"":779,""y"":604,""t"":1540},{""x"":798,""y"":601,""t"":1572},{""x"":778,""y"":593,""t"":1602},{""x"":773,""y"":621,""t"":1635},{""x"":790,""y"":642,""t"":1683},{""x"":818,""y"":665,""t"":1703},{""x"":770,""y"":665,""t"":1737},{""x"":720,""y"":660,""t"":1777},{""x"":748,""y"":629,""t"":1812},{""x"":784,""y"":617,""t"":1840},{""x"":820,""y"":596,""t"":1872},{""x"":851,""y"":578,""t"":1906},{""x"":759,""y"":558,""t"":1954},{""x"":725,""y"":555,""t"":1975}]","[{""x"":250,""y"":425,""width"":80,""height"":80,""top"":385,""right"":290,""bottom"":465,""left"":210},{""x"":400,""y"":165.1923788646684,""width"":80,""height"":80,""top"":125.1923788646684,""right"":440,""bottom"":205.1923788646684,""left"":360},{""x"":700,""y"":165.1923788646684,""width"":80,""height"":80,""top"":125.1923788646684,""right"":740,""bottom"":205.1923788646684,""left"":660},{""x"":850,""y"":425,""width"":80,""height"":80,""top"":385,""right"":890,""bottom"":465,""left"":810},{""x"":700,""y"":684.8076211353316,""width"":80,""height"":80,""top"":644.8076211353316,""right"":740,""bottom"":724.8076211353316,""left"":660},{""x"":400,""y"":684.8076211353316,""width"":80,""height"":80,""top"":644.8076211353316,""right"":440,""bottom"":724.8076211353316,""left"":360}]","{""#container"":{""x"":266.42919921875,""y"":48.58407211303711,""width"":1099.9910888671875,""height"":849.9955444335938,""top"":48.58407211303711,""right"":1366.4202880859375,""bottom"":898.5796165466309,""left"":266.42919921875}}","[{'red': 0}, {'blue': 0}, {'purple': 12}, {'green': 15}, {'yellow': 6}, {'cyan': 5}]",{'yellow_1': 6},green
528,,,,937.0,7.0,1.0,"[""red"",""purple"",""yellow"",""cyan"",""green"",""blue""]",blue,False,"[{""x"":785,""y"":513,""t"":1},{""x"":788,""y"":485,""t"":41},{""x"":786,""y"":458,""t"":73},{""x"":805,""y"":397,""t"":140},{""x"":849,""y"":353,""t"":154},{""x"":820,""y"":300,""t"":184},{""x"":872,""y"":259,""t"":213},{""x"":879,""y"":239,""t"":244},{""x"":967,""y"":229,""t"":275},{""x"":1014,""y"":254,""t"":311},{""x"":1052,""y"":218,""t"":341},{""x"":1114,""y"":212,""t"":390},{""x"":1155,""y"":193,""t"":419},{""x"":1173,""y"":174,""t"":450},{""x"":1184,""y"":161,""t"":482},{""x"":1136,""y"":179,""t"":512},{""x"":1092,""y"":196,""t"":545},{""x"":1065,""y"":206,""t"":593},{""x"":1041,""y"":215,""t"":622},{""x"":1074,""y"":230,""t"":653},{""x"":1040,""y"":234,""t"":684},{""x"":1011,""y"":238,""t"":715},{""x"":1072,""y"":282,""t"":764},{""x"":1124,""y"":319,""t"":784},{""x"":1211,""y"":544,""t"":818},{""x"":1267,""y"":736,""t"":858},{""x"":1274,""y"":872,""t"":889},{""x"":1304,""y"":930,""t"":920},{""x"":1315,""y"":979,""t"":967},{""x"":1300,""y"":903,""t"":996},{""x"":1285,""y"":830,""t"":1027},{""x"":1252,""y"":751,""t"":1057},{""x"":1223,""y"":687,""t"":1089},{""x"":1209,""y"":577,""t"":1125},{""x"":1200,""y"":469,""t"":1172},{""x"":1193,""y"":379,""t"":1191},{""x"":1115,""y"":298,""t"":1235},{""x"":1048,""y"":233,""t"":1264},{""x"":1064,""y"":181,""t"":1293},{""x"":1099,""y"":167,""t"":1330},{""x"":1077,""y"":141,""t"":1363},{""x"":1088,""y"":138,""t"":1408},{""x"":1107,""y"":131,""t"":1436},{""x"":1160,""y"":138,""t"":1466},{""x"":1187,""y"":141,""t"":1497},{""x"":1231,""y"":174,""t"":1535},{""x"":1280,""y"":196,""t"":1566},{""x"":1347,""y"":250,""t"":1613},{""x"":1360,""y"":301,""t"":1633},{""x"":1378,""y"":363,""t"":1677},{""x"":1386,""y"":369,""t"":1706},{""x"":1389,""y"":372,""t"":1736},{""x"":1411,""y"":413,""t"":1771},{""x"":1423,""y"":451,""t"":1817},{""x"":1361,""y"":492,""t"":1839},{""x"":1289,""y"":525,""t"":1880},{""x"":1262,""y"":565,""t"":1910},{""x"":1277,""y"":582,""t"":1941},{""x"":1291,""y"":594,""t"":1973}]","[{""x"":250,""y"":425,""width"":80,""height"":80,""top"":385,""right"":290,""bottom"":465,""left"":210},{""x"":400,""y"":165.1923788646684,""width"":80,""height"":80,""top"":125.1923788646684,""right"":440,""bottom"":205.1923788646684,""left"":360},{""x"":700,""y"":165.1923788646684,""width"":80,""height"":80,""top"":125.1923788646684,""right"":740,""bottom"":205.1923788646684,""left"":660},{""x"":850,""y"":425,""width"":80,""height"":80,""top"":385,""right"":890,""bottom"":465,""left"":810},{""x"":700,""y"":684.8076211353316,""width"":80,""height"":80,""top"":644.8076211353316,""right"":740,""bottom"":724.8076211353316,""left"":660},{""x"":400,""y"":684.8076211353316,""width"":80,""height"":80,""top"":644.8076211353316,""right"":440,""bottom"":724.8076211353316,""left"":360}]","{""#container"":{""x"":266.42919921875,""y"":48.58407211303711,""width"":1099.9910888671875,""height"":849.9955444335938,""top"":48.58407211303711,""right"":1366.4202880859375,""bottom"":898.5796165466309,""left"":266.42919921875}}","[{'red': 0}, {'purple': 0}, {'yellow': 18}, {'cyan': 4}, {'green': 0}, {'blue': 0}]",,yellow
529,,,,1300.0,6.0,7.0,"[""purple"",""yellow"",""cyan"",""blue"",""red"",""green""]",yellow_1,False,"[{""x"":1180,""y"":586,""t"":2},{""x"":1128,""y"":637,""t"":37},{""x"":1086,""y"":679,""t"":70},{""x"":1031,""y"":669,""t"":104},{""x"":951,""y"":687,""t"":137},{""x"":871,""y"":691,""t"":172},{""x"":807,""y"":692,""t"":205},{""x"":786,""y"":691,""t"":240},{""x"":786,""y"":676,""t"":274},{""x"":809,""y"":648,""t"":307},{""x"":835,""y"":620,""t"":357},{""x"":861,""y"":595,""t"":384},{""x"":880,""y"":551,""t"":416},{""x"":919,""y"":483,""t"":448},{""x"":952,""y"":428,""t"":479},{""x"":974,""y"":405,""t"":512},{""x"":1013,""y"":393,""t"":560},{""x"":1090,""y"":417,""t"":582},{""x"":1138,""y"":419,""t"":622},{""x"":1157,""y"":470,""t"":653},{""x"":1170,""y"":515,""t"":686},{""x"":1141,""y"":546,""t"":717},{""x"":1111,""y"":581,""t"":765},{""x"":1097,""y"":602,""t"":785},{""x"":1105,""y"":766,""t"":817},{""x"":1153,""y"":906,""t"":855},{""x"":1177,""y"":1019,""t"":886},{""x"":1263,""y"":1115,""t"":933},{""x"":1297,""y"":1178,""t"":956},{""x"":1270,""y"":1142,""t"":989},{""x"":1253,""y"":1084,""t"":1021},{""x"":1259,""y"":1044,""t"":1060},{""x"":1263,""y"":1006,""t"":1093},{""x"":1237,""y"":969,""t"":1124},{""x"":1203,""y"":901,""t"":1168},{""x"":1164,""y"":833,""t"":1197},{""x"":1130,""y"":777,""t"":1225},{""x"":1085,""y"":757,""t"":1264},{""x"":1100,""y"":738,""t"":1295},{""x"":1088,""y"":749,""t"":1341},{""x"":1078,""y"":757,""t"":1365},{""x"":1072,""y"":769,""t"":1395},{""x"":1048,""y"":774,""t"":1438},{""x"":1029,""y"":779,""t"":1470},{""x"":1020,""y"":769,""t"":1501},{""x"":1008,""y"":777,""t"":1538},{""x"":1000,""y"":781,""t"":1566},{""x"":988,""y"":779,""t"":1600},{""x"":971,""y"":784,""t"":1643},{""x"":956,""y"":797,""t"":1674},{""x"":960,""y"":800,""t"":1705},{""x"":889,""y"":803,""t"":1737},{""x"":880,""y"":797,""t"":1770},{""x"":874,""y"":791,""t"":1815},{""x"":888,""y"":821,""t"":1842},{""x"":901,""y"":846,""t"":1871},{""x"":890,""y"":853,""t"":1912},{""x"":881,""y"":858,""t"":1945},{""x"":849,""y"":848,""t"":1978}]","[{""x"":250,""y"":425,""width"":80,""height"":80,""top"":385,""right"":290,""bottom"":465,""left"":210},{""x"":400,""y"":165.1923788646684,""width"":80,""height"":80,""top"":125.1923788646684,""right"":440,""bottom"":205.1923788646684,""left"":360},{""x"":700,""y"":165.1923788646684,""width"":80,""height"":80,""top"":125.1923788646684,""right"":740,""bottom"":205.1923788646684,""left"":660},{""x"":850,""y"":425,""width"":80,""height"":80,""top"":385,""right"":890,""bottom"":465,""left"":810},{""x"":700,""y"":684.8076211353316,""width"":80,""height"":80,""top"":644.8076211353316,""right"":740,""bottom"":724.8076211353316,""left"":660},{""x"":400,""y"":684.8076211353316,""width"":80,""height"":80,""top"":644.8076211353316,""right"":440,""bottom"":724.8076211353316,""left"":360}]","{""#container"":{""x"":266.42919921875,""y"":48.58407211303711,""width"":1099.9910888671875,""height"":849.9955444335938,""top"":48.58407211303711,""right"":1366.4202880859375,""bottom"":898.5796165466309,""left"":266.42919921875}}","[{'purple': 0}, {'yellow': 0}, {'cyan': 0}, {'blue': 9}, {'red': 25}, {'green': 3}]",,red
530,,,,678.0,3.0,3.0,"[""cyan"",""purple"",""red"",""yellow"",""blue"",""green""]",blue_1,True,"[{""x"":876,""y"":791,""t"":2},{""x"":910,""y"":735,""t"":43},{""x"":940,""y"":687,""t"":70},{""x"":953,""y"":645,""t"":104},{""x"":963,""y"":611,""t"":137},{""x"":969,""y"":611,""t"":173},{""x"":974,""y"":614,""t"":205},{""x"":1005,""y"":589,""t"":241},{""x"":1030,""y"":569,""t"":273},{""x"":1007,""y"":525,""t"":311},{""x"":1037,""y"":543,""t"":342},{""x"":1093,""y"":588,""t"":388},{""x"":1128,""y"":610,""t"":410},{""x"":1155,""y"":630,""t"":449},{""x"":1143,""y"":640,""t"":478},{""x"":1130,""y"":648,""t"":513},{""x"":1141,""y"":635,""t"":550},{""x"":1149,""y"":624,""t"":579},{""x"":1135,""y"":615,""t"":626},{""x"":1145,""y"":600,""t"":656},{""x"":1179,""y"":584,""t"":687},{""x"":1151,""y"":644,""t"":716},{""x"":1126,""y"":696,""t"":750},{""x"":1123,""y"":708,""t"":800},{""x"":1103,""y"":722,""t"":825},{""x"":1086,""y"":734,""t"":861},{""x"":1075,""y"":719,""t"":897},{""x"":1066,""y"":705,""t"":921},{""x"":1094,""y"":682,""t"":956},{""x"":1139,""y"":659,""t"":987},{""x"":1142,""y"":704,""t"":1034},{""x"":1214,""y"":882,""t"":1066},{""x"":1275,""y"":1032,""t"":1095},{""x"":1230,""y"":1113,""t"":1127},{""x"":1206,""y"":1174,""t"":1157},{""x"":1191,""y"":1116,""t"":1206},{""x"":1144,""y"":1067,""t"":1226},{""x"":1167,""y"":990,""t"":1269},{""x"":1132,""y"":971,""t"":1305},{""x"":1140,""y"":940,""t"":1334},{""x"":1125,""y"":900,""t"":1370},{""x"":1112,""y"":866,""t"":1398},{""x"":1093,""y"":834,""t"":1431},{""x"":1104,""y"":794,""t"":1471},{""x"":1098,""y"":766,""t"":1500},{""x"":1087,""y"":741,""t"":1531},{""x"":1106,""y"":738,""t"":1580},{""x"":1074,""y"":742,""t"":1610},{""x"":1048,""y"":748,""t"":1640},{""x"":1042,""y"":786,""t"":1672},{""x"":1076,""y"":793,""t"":1702},{""x"":1084,""y"":792,""t"":1751},{""x"":1090,""y"":792,""t"":1780},{""x"":1126,""y"":773,""t"":1811},{""x"":1156,""y"":756,""t"":1844},{""x"":1139,""y"":735,""t"":1878},{""x"":1123,""y"":717,""t"":1905},{""x"":1136,""y"":710,""t"":1941},{""x"":1145,""y"":705,""t"":1975}]","[{""x"":250,""y"":425,""width"":80,""height"":80,""top"":385,""right"":290,""bottom"":465,""left"":210},{""x"":400,""y"":165.1923788646684,""width"":80,""height"":80,""top"":125.1923788646684,""right"":440,""bottom"":205.1923788646684,""left"":360},{""x"":700,""y"":165.1923788646684,""width"":80,""height"":80,""top"":125.1923788646684,""right"":740,""bottom"":205.1923788646684,""left"":660},{""x"":850,""y"":425,""width"":80,""height"":80,""top"":385,""right"":890,""bottom"":465,""left"":810},{""x"":700,""y"":684.8076211353316,""width"":80,""height"":80,""top"":644.8076211353316,""right"":740,""bottom"":724.8076211353316,""left"":660},{""x"":400,""y"":684.8076211353316,""width"":80,""height"":80,""top"":644.8076211353316,""right"":440,""bottom"":724.8076211353316,""left"":360}]","{""#container"":{""x"":266.42919921875,""y"":48.58407211303711,""width"":1099.9910888671875,""height"":849.9955444335938,""top"":48.58407211303711,""right"":1366.4202880859375,""bottom"":898.5796165466309,""left"":266.42919921875}}","[{'cyan': 0}, {'purple': 0}, {'red': 0}, {'yellow': 8}, {'blue': 22}, {'green': 0}]",{'blue_1': 22},blue_1
531,,,,732.0,7.0,4.0,"[""green"",""yellow"",""cyan"",""red"",""purple"",""blue""]",green,False,"[{""x"":1030,""y"":657,""t"":2},{""x"":931,""y"":617,""t"":40},{""x"":835,""y"":598,""t"":75},{""x"":796,""y"":575,""t"":103},{""x"":905,""y"":506,""t"":157},{""x"":912,""y"":451,""t"":176},{""x"":920,""y"":408,""t"":205},{""x"":958,""y"":348,""t"":240},{""x"":991,""y"":301,""t"":273},{""x"":1038,""y"":255,""t"":308},{""x"":1068,""y"":252,""t"":351},{""x"":1121,""y"":248,""t"":377},{""x"":1136,""y"":255,""t"":409},{""x"":1142,""y"":242,""t"":444},{""x"":1108,""y"":266,""t"":490},{""x"":1069,""y"":288,""t"":517},{""x"":1054,""y"":309,""t"":546},{""x"":1063,""y"":319,""t"":584},{""x"":1057,""y"":314,""t"":616},{""x"":1052,""y"":311,""t"":647},{""x"":1035,""y"":291,""t"":695},{""x"":1053,""y"":299,""t"":716},{""x"":1068,""y"":306,""t"":755},{""x"":1060,""y"":292,""t"":786},{""x"":1031,""y"":292,""t"":817},{""x"":1015,""y"":257,""t"":866},{""x"":1002,""y"":228,""t"":887},{""x"":1010,""y"":230,""t"":919},{""x"":1040,""y"":243,""t"":960},{""x"":1066,""y"":255,""t"":990},{""x"":1083,""y"":262,""t"":1024},{""x"":1096,""y"":268,""t"":1054},{""x"":1161,""y"":297,""t"":1101},{""x"":1153,""y"":311,""t"":1132},{""x"":1120,""y"":325,""t"":1162},{""x"":1041,""y"":334,""t"":1192},{""x"":1026,""y"":311,""t"":1226},{""x"":983,""y"":305,""t"":1274},{""x"":948,""y"":299,""t"":1293},{""x"":919,""y"":330,""t"":1336},{""x"":865,""y"":352,""t"":1365},{""x"":898,""y"":398,""t"":1397},{""x"":960,""y"":435,""t"":1429},{""x"":1064,""y"":432,""t"":1476},{""x"":1069,""y"":456,""t"":1505},{""x"":1072,""y"":475,""t"":1534},{""x"":1147,""y"":505,""t"":1566},{""x"":1209,""y"":528,""t"":1602},{""x"":1236,""y"":552,""t"":1634},{""x"":1228,""y"":530,""t"":1682},{""x"":1215,""y"":510,""t"":1708},{""x"":1120,""y"":547,""t"":1740},{""x"":1038,""y"":576,""t"":1772},{""x"":1010,""y"":602,""t"":1804},{""x"":988,""y"":623,""t"":1839},{""x"":1000,""y"":622,""t"":1872},{""x"":1043,""y"":650,""t"":1919},{""x"":1080,""y"":672,""t"":1946},{""x"":1113,""y"":689,""t"":1975}]","[{""x"":250,""y"":425,""width"":80,""height"":80,""top"":385,""right"":290,""bottom"":465,""left"":210},{""x"":400,""y"":165.1923788646684,""width"":80,""height"":80,""top"":125.1923788646684,""right"":440,""bottom"":205.1923788646684,""left"":360},{""x"":700,""y"":165.1923788646684,""width"":80,""height"":80,""top"":125.1923788646684,""right"":740,""bottom"":205.1923788646684,""left"":660},{""x"":850,""y"":425,""width"":80,""height"":80,""top"":385,""right"":890,""bottom"":465,""left"":810},{""x"":700,""y"":684.8076211353316,""width"":80,""height"":80,""top"":644.8076211353316,""right"":740,""bottom"":724.8076211353316,""left"":660},{""x"":400,""y"":684.8076211353316,""width"":80,""height"":80,""top"":644.8076211353316,""right"":440,""bottom"":724.8076211353316,""left"":360}]","{""#container"":{""x"":266.42919921875,""y"":48.58407211303711,""width"":1099.9910888671875,""height"":849.9955444335938,""top"":48.58407211303711,""right"":1366.4202880859375,""bottom"":898.5796165466309,""left"":266.42919921875}}","[{'green': 0}, {'yellow': 0}, {'cyan': 26}, {'red': 11}, {'purple': 7}, {'blue': 0}]",,cyan
532,,,,940.0,3.0,3.0,"[""blue"",""yellow"",""red"",""cyan"",""green"",""purple""]",green_1,True,"[{""x"":1051,""y"":613,""t"":1},{""x"":994,""y"":607,""t"":35},{""x"":998,""y"":618,""t"":76},{""x"":1002,""y"":584,""t"":108},{""x"":1007,""y"":554,""t"":139},{""x"":1024,""y"":516,""t"":171},{""x"":1038,""y"":484,""t"":206},{""x"":1027,""y"":495,""t"":240},{""x"":1017,""y"":505,""t"":273},{""x"":1052,""y"":479,""t"":318},{""x"":1082,""y"":458,""t"":346},{""x"":1054,""y"":393,""t"":376},{""x"":1008,""y"":350,""t"":410},{""x"":968,""y"":316,""t"":444},{""x"":993,""y"":276,""t"":493},{""x"":1015,""y"":245,""t"":513},{""x"":1021,""y"":215,""t"":546},{""x"":1026,""y"":192,""t"":586},{""x"":1046,""y"":206,""t"":619},{""x"":1117,""y"":237,""t"":649},{""x"":1171,""y"":292,""t"":681},{""x"":1275,""y"":327,""t"":729},{""x"":1362,""y"":357,""t"":749},{""x"":1393,""y"":380,""t"":792},{""x"":1413,""y"":394,""t"":821},{""x"":1396,""y"":401,""t"":853},{""x"":1434,""y"":409,""t"":887},{""x"":1463,""y"":415,""t"":920},{""x"":1444,""y"":424,""t"":965},{""x"":1436,""y"":423,""t"":998},{""x"":1421,""y"":481,""t"":1029},{""x"":1406,""y"":530,""t"":1057},{""x"":1264,""y"":583,""t"":1090},{""x"":1143,""y"":626,""t"":1124},{""x"":1108,""y"":662,""t"":1173},{""x"":1077,""y"":698,""t"":1193},{""x"":1054,""y"":725,""t"":1235},{""x"":1059,""y"":751,""t"":1264},{""x"":1067,""y"":769,""t"":1294},{""x"":1045,""y"":758,""t"":1328},{""x"":1056,""y"":794,""t"":1375},{""x"":1068,""y"":823,""t"":1403},{""x"":1061,""y"":809,""t"":1437},{""x"":1057,""y"":795,""t"":1465},{""x"":1065,""y"":778,""t"":1500},{""x"":1073,""y"":763,""t"":1532},{""x"":1104,""y"":748,""t"":1580},{""x"":1160,""y"":742,""t"":1600},{""x"":1196,""y"":734,""t"":1642},{""x"":1178,""y"":713,""t"":1672},{""x"":1162,""y"":695,""t"":1705},{""x"":1160,""y"":670,""t"":1736},{""x"":1110,""y"":648,""t"":1784},{""x"":1068,""y"":630,""t"":1804},{""x"":1032,""y"":616,""t"":1848},{""x"":1033,""y"":590,""t"":1880},{""x"":1018,""y"":586,""t"":1912},{""x"":1007,""y"":584,""t"":1939}]","[{""x"":250,""y"":425,""width"":80,""height"":80,""top"":385,""right"":290,""bottom"":465,""left"":210},{""x"":400,""y"":165.1923788646684,""width"":80,""height"":80,""top"":125.1923788646684,""right"":440,""bottom"":205.1923788646684,""left"":360},{""x"":700,""y"":165.1923788646684,""width"":80,""height"":80,""top"":125.1923788646684,""right"":740,""bottom"":205.1923788646684,""left"":660},{""x"":850,""y"":425,""width"":80,""height"":80,""top"":385,""right"":890,""bottom"":465,""left"":810},{""x"":700,""y"":684.8076211353316,""width"":80,""height"":80,""top"":644.8076211353316,""right"":740,""bottom"":724.8076211353316,""left"":660},{""x"":400,""y"":684.8076211353316,""width"":80,""height"":80,""top"":644.8076211353316,""right"":440,""bottom"":724.8076211353316,""left"":360}]","{""#container"":{""x"":266.42919921875,""y"":48.58407211303711,""width"":1099.9910888671875,""height"":849.9955444335938,""top"":48.58407211303711,""right"":1366.4202880859375,""bottom"":898.5796165466309,""left"":266.42919921875}}","[{'blue': 0}, {'yellow': 0}, {'red': 7}, {'cyan': 10}, {'green': 17}, {'purple': 0}]",{'green_1': 17},green_1
533,,,,838.0,7.0,4.0,"[""red"",""yellow"",""purple"",""cyan"",""green"",""blue""]",red,False,"[{""x"":872,""y"":551,""t"":1},{""x"":876,""y"":552,""t"":41},{""x"":866,""y"":535,""t"":82},{""x"":860,""y"":523,""t"":103},{""x"":861,""y"":547,""t"":138},{""x"":864,""y"":569,""t"":171},{""x"":840,""y"":568,""t"":205},{""x"":815,""y"":537,""t"":240},{""x"":795,""y"":511,""t"":274},{""x"":810,""y"":485,""t"":308},{""x"":846,""y"":451,""t"":354},{""x"":878,""y"":424,""t"":381},{""x"":906,""y"":402,""t"":410},{""x"":910,""y"":358,""t"":449},{""x"":946,""y"":338,""t"":481},{""x"":975,""y"":324,""t"":513},{""x"":1030,""y"":285,""t"":546},{""x"":1085,""y"":289,""t"":588},{""x"":1130,""y"":295,""t"":614},{""x"":1202,""y"":284,""t"":650},{""x"":1273,""y"":266,""t"":683},{""x"":1308,""y"":266,""t"":716},{""x"":1334,""y"":268,""t"":761},{""x"":1262,""y"":240,""t"":793},{""x"":1244,""y"":212,""t"":823},{""x"":1226,""y"":237,""t"":851},{""x"":1210,""y"":260,""t"":887},{""x"":1187,""y"":256,""t"":920},{""x"":1162,""y"":249,""t"":966},{""x"":1125,""y"":231,""t"":993},{""x"":1136,""y"":317,""t"":1027},{""x"":1146,""y"":390,""t"":1057},{""x"":1228,""y"":587,""t"":1090},{""x"":1190,""y"":666,""t"":1139},{""x"":1157,""y"":727,""t"":1166},{""x"":1128,""y"":774,""t"":1194},{""x"":1132,""y"":753,""t"":1226},{""x"":1098,""y"":775,""t"":1266},{""x"":1126,""y"":805,""t"":1294},{""x"":1190,""y"":829,""t"":1328},{""x"":1223,""y"":841,""t"":1374},{""x"":1251,""y"":848,""t"":1396},{""x"":1273,""y"":850,""t"":1436},{""x"":1310,""y"":819,""t"":1465},{""x"":1329,""y"":774,""t"":1498},{""x"":1343,""y"":733,""t"":1545},{""x"":1340,""y"":704,""t"":1572},{""x"":1335,""y"":679,""t"":1601},{""x"":1348,""y"":668,""t"":1634},{""x"":1358,""y"":659,""t"":1670},{""x"":1340,""y"":645,""t"":1705},{""x"":1345,""y"":621,""t"":1737},{""x"":1334,""y"":601,""t"":1769},{""x"":1343,""y"":567,""t"":1814},{""x"":1350,""y"":540,""t"":1845},{""x"":1326,""y"":553,""t"":1877},{""x"":1305,""y"":565,""t"":1906},{""x"":1311,""y"":572,""t"":1940}]","[{""x"":250,""y"":425,""width"":80,""height"":80,""top"":385,""right"":290,""bottom"":465,""left"":210},{""x"":400,""y"":165.1923788646684,""width"":80,""height"":80,""top"":125.1923788646684,""right"":440,""bottom"":205.1923788646684,""left"":360},{""x"":700,""y"":165.1923788646684,""width"":80,""height"":80,""top"":125.1923788646684,""right"":740,""bottom"":205.1923788646684,""left"":660},{""x"":850,""y"":425,""width"":80,""height"":80,""top"":385,""right"":890,""bottom"":465,""left"":810},{""x"":700,""y"":684.8076211353316,""width"":80,""height"":80,""top"":644.8076211353316,""right"":740,""bottom"":724.8076211353316,""left"":660},{""x"":400,""y"":684.8076211353316,""width"":80,""height"":80,""top"":644.8076211353316,""right"":440,""bottom"":724.8076211353316,""left"":360}]","{""#container"":{""x"":266.42919921875,""y"":48.58407211303711,""width"":1099.9910888671875,""height"":849.9955444335938,""top"":48.58407211303711,""right"":1366.4202880859375,""bottom"":898.5796165466309,""left"":266.42919921875}}","[{'red': 0}, {'yellow': 0}, {'purple': 4}, {'cyan': 1}, {'green': 1}, {'blue': 0}]",,purple
534,,,,985.0,1.0,9.0,"[""cyan"",""green"",""blue"",""red"",""yellow"",""purple""]",blue,False,"[{""x"":1114,""y"":585,""t"":2},{""x"":1033,""y"":553,""t"":42},{""x"":972,""y"":519,""t"":75},{""x"":925,""y"":491,""t"":107},{""x"":909,""y"":481,""t"":138},{""x"":860,""y"":467,""t"":172},{""x"":851,""y"":469,""t"":205},{""x"":918,""y"":484,""t"":240},{""x"":979,""y"":498,""t"":273},{""x"":1037,""y"":494,""t"":308},{""x"":1041,""y"":483,""t"":351},{""x"":1013,""y"":436,""t"":380},{""x"":1064,""y"":400,""t"":411},{""x"":1057,""y"":359,""t"":444},{""x"":1067,""y"":327,""t"":491},{""x"":1075,""y"":302,""t"":511},{""x"":1104,""y"":288,""t"":555},{""x"":1127,""y"":279,""t"":587},{""x"":1136,""y"":259,""t"":620},{""x"":1129,""y"":230,""t"":652},{""x"":1121,""y"":208,""t"":681},{""x"":1114,""y"":226,""t"":726},{""x"":1121,""y"":231,""t"":756},{""x"":1085,""y"":285,""t"":791},{""x"":1094,""y"":313,""t"":819},{""x"":1105,""y"":400,""t"":854},{""x"":1110,""y"":425,""t"":888},{""x"":1114,""y"":445,""t"":930},{""x"":1122,""y"":476,""t"":963},{""x"":1162,""y"":498,""t"":994},{""x"":1170,""y"":550,""t"":1023},{""x"":1201,""y"":596,""t"":1055},{""x"":1235,""y"":593,""t"":1101},{""x"":1263,""y"":588,""t"":1129},{""x"":1267,""y"":575,""t"":1157},{""x"":1250,""y"":605,""t"":1195},{""x"":1233,""y"":629,""t"":1225},{""x"":1265,""y"":642,""t"":1283},{""x"":1252,""y"":655,""t"":1298},{""x"":1286,""y"":782,""t"":1332},{""x"":1314,""y"":888,""t"":1361},{""x"":1317,""y"":1004,""t"":1399},{""x"":1254,""y"":1013,""t"":1431},{""x"":1229,""y"":1026,""t"":1463},{""x"":1180,""y"":993,""t"":1509},{""x"":1125,""y"":961,""t"":1538},{""x"":1035,""y"":930,""t"":1567},{""x"":960,""y"":901,""t"":1603},{""x"":918,""y"":827,""t"":1634},{""x"":870,""y"":779,""t"":1681},{""x"":834,""y"":739,""t"":1708},{""x"":722,""y"":693,""t"":1740},{""x"":631,""y"":655,""t"":1773},{""x"":535,""y"":596,""t"":1805},{""x"":460,""y"":548,""t"":1839},{""x"":413,""y"":517,""t"":1875},{""x"":380,""y"":494,""t"":1907},{""x"":406,""y"":492,""t"":1940}]","[{""x"":250,""y"":425,""width"":80,""height"":80,""top"":385,""right"":290,""bottom"":465,""left"":210},{""x"":400,""y"":165.1923788646684,""width"":80,""height"":80,""top"":125.1923788646684,""right"":440,""bottom"":205.1923788646684,""left"":360},{""x"":700,""y"":165.1923788646684,""width"":80,""height"":80,""top"":125.1923788646684,""right"":740,""bottom"":205.1923788646684,""left"":660},{""x"":850,""y"":425,""width"":80,""height"":80,""top"":385,""right"":890,""bottom"":465,""left"":810},{""x"":700,""y"":684.8076211353316,""width"":80,""height"":80,""top"":644.8076211353316,""right"":740,""bottom"":724.8076211353316,""left"":660},{""x"":400,""y"":684.8076211353316,""width"":80,""height"":80,""top"":644.8076211353316,""right"":440,""bottom"":724.8076211353316,""left"":360}]","{""#container"":{""x"":266.42919921875,""y"":48.58407211303711,""width"":1099.9910888671875,""height"":849.9955444335938,""top"":48.58407211303711,""right"":1366.4202880859375,""bottom"":898.5796165466309,""left"":266.42919921875}}","[{'cyan': 5}, {'green': 0}, {'blue': 3}, {'red': 15}, {'yellow': 3}, {'purple': 2}]",{'blue': 3},red
535,,,,897.0,7.0,7.0,"[""red"",""blue"",""yellow"",""purple"",""green"",""cyan""]",blue,True,"[{""x"":523,""y"":430,""t"":2},{""x"":594,""y"":428,""t"":43},{""x"":656,""y"":429,""t"":75},{""x"":767,""y"":455,""t"":110},{""x"":860,""y"":479,""t"":138},{""x"":935,""y"":436,""t"":173},{""x"":1001,""y"":445,""t"":207},{""x"":1062,""y"":444,""t"":239},{""x"":1063,""y"":435,""t"":274},{""x"":1059,""y"":429,""t"":307},{""x"":1111,""y"":439,""t"":356},{""x"":1152,""y"":448,""t"":375},{""x"":1233,""y"":415,""t"":420},{""x"":1253,""y"":390,""t"":449},{""x"":1264,""y"":368,""t"":479},{""x"":1241,""y"":328,""t"":514},{""x"":1217,""y"":295,""t"":545},{""x"":1209,""y"":309,""t"":590},{""x"":1200,""y"":323,""t"":619},{""x"":1195,""y"":322,""t"":652},{""x"":1189,""y"":322,""t"":681},{""x"":1147,""y"":335,""t"":716},{""x"":1168,""y"":393,""t"":763},{""x"":1149,""y"":421,""t"":792},{""x"":1135,""y"":436,""t"":824},{""x"":1122,""y"":448,""t"":855},{""x"":1107,""y"":459,""t"":885},{""x"":1102,""y"":459,""t"":935},{""x"":1128,""y"":488,""t"":955},{""x"":1119,""y"":490,""t"":999},{""x"":1112,""y"":491,""t"":1027},{""x"":1145,""y"":524,""t"":1060},{""x"":1138,""y"":525,""t"":1089},{""x"":1139,""y"":529,""t"":1125},{""x"":1133,""y"":545,""t"":1171},{""x"":1238,""y"":569,""t"":1199},{""x"":1327,""y"":588,""t"":1225},{""x"":1359,""y"":633,""t"":1265},{""x"":1348,""y"":645,""t"":1297},{""x"":1335,""y"":652,""t"":1328},{""x"":1369,""y"":636,""t"":1377},{""x"":1396,""y"":620,""t"":1397},{""x"":1398,""y"":605,""t"":1430},{""x"":1363,""y"":606,""t"":1470},{""x"":1287,""y"":592,""t"":1501},{""x"":1190,""y"":565,""t"":1531},{""x"":1170,""y"":554,""t"":1580},{""x"":1136,""y"":537,""t"":1601},{""x"":1141,""y"":533,""t"":1641},{""x"":1160,""y"":538,""t"":1673},{""x"":1177,""y"":543,""t"":1701},{""x"":1111,""y"":559,""t"":1736},{""x"":1110,""y"":583,""t"":1784},{""x"":1095,""y"":591,""t"":1809},{""x"":1095,""y"":600,""t"":1840},{""x"":1096,""y"":607,""t"":1874},{""x"":1127,""y"":595,""t"":1906},{""x"":1154,""y"":584,""t"":1941},{""x"":1187,""y"":616,""t"":1974}]","[{""x"":250,""y"":425,""width"":80,""height"":80,""top"":385,""right"":290,""bottom"":465,""left"":210},{""x"":400,""y"":165.1923788646684,""width"":80,""height"":80,""top"":125.1923788646684,""right"":440,""bottom"":205.1923788646684,""left"":360},{""x"":700,""y"":165.1923788646684,""width"":80,""height"":80,""top"":125.1923788646684,""right"":740,""bottom"":205.1923788646684,""left"":660},{""x"":850,""y"":425,""width"":80,""height"":80,""top"":385,""right"":890,""bottom"":465,""left"":810},{""x"":700,""y"":684.8076211353316,""width"":80,""height"":80,""top"":644.8076211353316,""right"":740,""bottom"":724.8076211353316,""left"":660},{""x"":400,""y"":684.8076211353316,""width"":80,""height"":80,""top"":644.8076211353316,""right"":440,""bottom"":724.8076211353316,""left"":360}]","{""#container"":{""x"":266.42919921875,""y"":48.58407211303711,""width"":1099.9910888671875,""height"":849.9955444335938,""top"":48.58407211303711,""right"":1366.4202880859375,""bottom"":898.5796165466309,""left"":266.42919921875}}","[{'red': 3}, {'blue': 0}, {'yellow': 0}, {'purple': 34}, {'green': 0}, {'cyan': 0}]",,purple
536,,,,1836.0,7.0,7.0,"[""green"",""purple"",""yellow"",""cyan"",""blue"",""red""]",purple,True,"[{""x"":1093,""y"":620,""t"":2},{""x"":1013,""y"":622,""t"":38},{""x"":923,""y"":581,""t"":72},{""x"":848,""y"":546,""t"":103},{""x"":829,""y"":563,""t"":137},{""x"":817,""y"":579,""t"":172},{""x"":848,""y"":588,""t"":207},{""x"":878,""y"":596,""t"":239},{""x"":913,""y"":557,""t"":284},{""x"":987,""y"":504,""t"":312},{""x"":1050,""y"":459,""t"":341},{""x"":1078,""y"":456,""t"":387},{""x"":1127,""y"":411,""t"":418},{""x"":1166,""y"":375,""t"":443},{""x"":1161,""y"":343,""t"":482},{""x"":1154,""y"":319,""t"":513},{""x"":1128,""y"":286,""t"":547},{""x"":1104,""y"":260,""t"":579},{""x"":1014,""y"":235,""t"":624},{""x"":937,""y"":216,""t"":652},{""x"":927,""y"":216,""t"":685},{""x"":921,""y"":220,""t"":716},{""x"":974,""y"":312,""t"":766},{""x"":993,""y"":403,""t"":787},{""x"":1008,""y"":474,""t"":817},{""x"":1046,""y"":510,""t"":858},{""x"":1077,""y"":538,""t"":888},{""x"":1110,""y"":533,""t"":919},{""x"":1161,""y"":559,""t"":969},{""x"":1202,""y"":579,""t"":989},{""x"":1236,""y"":593,""t"":1021},{""x"":1267,""y"":581,""t"":1064},{""x"":1248,""y"":592,""t"":1096},{""x"":1229,""y"":599,""t"":1127},{""x"":1289,""y"":565,""t"":1158},{""x"":1291,""y"":599,""t"":1205},{""x"":1285,""y"":650,""t"":1226},{""x"":1259,""y"":653,""t"":1268},{""x"":1234,""y"":655,""t"":1297},{""x"":1239,""y"":691,""t"":1328},{""x"":1230,""y"":714,""t"":1361},{""x"":1234,""y"":699,""t"":1409},{""x"":1239,""y"":684,""t"":1435},{""x"":1219,""y"":688,""t"":1464},{""x"":1202,""y"":691,""t"":1503},{""x"":1157,""y"":701,""t"":1536},{""x"":1161,""y"":692,""t"":1570},{""x"":1157,""y"":681,""t"":1602},{""x"":1170,""y"":682,""t"":1635},{""x"":1165,""y"":696,""t"":1675},{""x"":1090,""y"":696,""t"":1706},{""x"":1027,""y"":711,""t"":1735},{""x"":962,""y"":717,""t"":1771},{""x"":901,""y"":694,""t"":1819},{""x"":852,""y"":673,""t"":1846},{""x"":811,""y"":675,""t"":1874},{""x"":821,""y"":700,""t"":1905},{""x"":766,""y"":686,""t"":1943},{""x"":723,""y"":673,""t"":1975}]","[{""x"":250,""y"":425,""width"":80,""height"":80,""top"":385,""right"":290,""bottom"":465,""left"":210},{""x"":400,""y"":165.1923788646684,""width"":80,""height"":80,""top"":125.1923788646684,""right"":440,""bottom"":205.1923788646684,""left"":360},{""x"":700,""y"":165.1923788646684,""width"":80,""height"":80,""top"":125.1923788646684,""right"":740,""bottom"":205.1923788646684,""left"":660},{""x"":850,""y"":425,""width"":80,""height"":80,""top"":385,""right"":890,""bottom"":465,""left"":810},{""x"":700,""y"":684.8076211353316,""width"":80,""height"":80,""top"":644.8076211353316,""right"":740,""bottom"":724.8076211353316,""left"":660},{""x"":400,""y"":684.8076211353316,""width"":80,""height"":80,""top"":644.8076211353316,""right"":440,""bottom"":724.8076211353316,""left"":360}]","{""#container"":{""x"":266.42919921875,""y"":48.58407211303711,""width"":1099.9910888671875,""height"":849.9955444335938,""top"":48.58407211303711,""right"":1366.4202880859375,""bottom"":898.5796165466309,""left"":266.42919921875}}","[{'green': 0}, {'purple': 0}, {'yellow': 6}, {'cyan': 14}, {'blue': 7}, {'red': 2}]",,cyan
537,,,,531.0,4.0,4.0,"[""blue"",""green"",""cyan"",""yellow"",""purple"",""red""]",blue,True,"[{""x"":792,""y"":596,""t"":2},{""x"":828,""y"":544,""t"":38},{""x"":791,""y"":514,""t"":77},{""x"":837,""y"":488,""t"":110},{""x"":878,""y"":468,""t"":136},{""x"":914,""y"":453,""t"":171},{""x"":936,""y"":436,""t"":210},{""x"":981,""y"":462,""t"":240},{""x"":1018,""y"":486,""t"":274},{""x"":1057,""y"":481,""t"":309},{""x"":1126,""y"":478,""t"":343},{""x"":1166,""y"":473,""t"":378},{""x"":1171,""y"":484,""t"":410},{""x"":1141,""y"":474,""t"":444},{""x"":1120,""y"":449,""t"":483},{""x"":1096,""y"":417,""t"":515},{""x"":1110,""y"":401,""t"":549},{""x"":1121,""y"":389,""t"":579},{""x"":1135,""y"":377,""t"":619},{""x"":1147,""y"":368,""t"":654},{""x"":1156,""y"":371,""t"":687},{""x"":1162,""y"":374,""t"":715},{""x"":1086,""y"":345,""t"":756},{""x"":1103,""y"":345,""t"":784},{""x"":1119,""y"":347,""t"":819},{""x"":1107,""y"":364,""t"":853},{""x"":1070,""y"":390,""t"":886},{""x"":1076,""y"":362,""t"":921},{""x"":1089,""y"":386,""t"":962},{""x"":1078,""y"":376,""t"":989},{""x"":1081,""y"":419,""t"":1022},{""x"":1084,""y"":456,""t"":1056},{""x"":1120,""y"":478,""t"":1104},{""x"":1151,""y"":496,""t"":1123},{""x"":1138,""y"":536,""t"":1166},{""x"":1125,""y"":568,""t"":1195},{""x"":1132,""y"":573,""t"":1229},{""x"":1177,""y"":625,""t"":1261},{""x"":1226,""y"":666,""t"":1302},{""x"":1273,""y"":799,""t"":1333},{""x"":1289,""y"":909,""t"":1362},{""x"":1334,""y"":1018,""t"":1411},{""x"":1371,""y"":1105,""t"":1431},{""x"":1365,""y"":1122,""t"":1464},{""x"":1383,""y"":1079,""t"":1505},{""x"":1357,""y"":1065,""t"":1531},{""x"":1292,""y"":1012,""t"":1582},{""x"":1237,""y"":972,""t"":1601},{""x"":1202,""y"":942,""t"":1634},{""x"":1173,""y"":915,""t"":1675},{""x"":1174,""y"":899,""t"":1703},{""x"":1177,""y"":886,""t"":1736},{""x"":1110,""y"":872,""t"":1784},{""x"":1049,""y"":862,""t"":1805},{""x"":1025,""y"":837,""t"":1846},{""x"":902,""y"":787,""t"":1876},{""x"":799,""y"":747,""t"":1906},{""x"":704,""y"":705,""t"":1943},{""x"":628,""y"":671,""t"":1975}]","[{""x"":250,""y"":425,""width"":80,""height"":80,""top"":385,""right"":290,""bottom"":465,""left"":210},{""x"":400,""y"":165.1923788646684,""width"":80,""height"":80,""top"":125.1923788646684,""right"":440,""bottom"":205.1923788646684,""left"":360},{""x"":700,""y"":165.1923788646684,""width"":80,""height"":80,""top"":125.1923788646684,""right"":740,""bottom"":205.1923788646684,""left"":660},{""x"":850,""y"":425,""width"":80,""height"":80,""top"":385,""right"":890,""bottom"":465,""left"":810},{""x"":700,""y"":684.8076211353316,""width"":80,""height"":80,""top"":644.8076211353316,""right"":740,""bottom"":724.8076211353316,""left"":660},{""x"":400,""y"":684.8076211353316,""width"":80,""height"":80,""top"":644.8076211353316,""right"":440,""bottom"":724.8076211353316,""left"":360}]","{""#container"":{""x"":266.42919921875,""y"":48.58407211303711,""width"":1099.9910888671875,""height"":849.9955444335938,""top"":48.58407211303711,""right"":1366.4202880859375,""bottom"":898.5796165466309,""left"":266.42919921875}}","[{'blue': 0}, {'green': 0}, {'cyan': 0}, {'yellow': 30}, {'purple': 2}, {'red': 3}]",,yellow
538,,,,637.0,1.0,1.0,"[""yellow"",""blue"",""green"",""cyan"",""purple"",""red""]",red_1,True,"[{""x"":677,""y"":621,""t"":2},{""x"":645,""y"":597,""t"":50},{""x"":650,""y"":599,""t"":78},{""x"":675,""y"":595,""t"":110},{""x"":701,""y"":595,""t"":136},{""x"":710,""y"":573,""t"":171},{""x"":720,""y"":556,""t"":206},{""x"":721,""y"":559,""t"":240},{""x"":728,""y"":548,""t"":274},{""x"":734,""y"":539,""t"":320},{""x"":825,""y"":502,""t"":350},{""x"":902,""y"":471,""t"":380},{""x"":1017,""y"":440,""t"":410},{""x"":1117,""y"":406,""t"":446},{""x"":1148,""y"":370,""t"":478},{""x"":1148,""y"":337,""t"":525},{""x"":1143,""y"":312,""t"":545},{""x"":1121,""y"":307,""t"":588},{""x"":1099,""y"":306,""t"":619},{""x"":1152,""y"":306,""t"":647},{""x"":1196,""y"":308,""t"":682},{""x"":1223,""y"":319,""t"":730},{""x"":1176,""y"":289,""t"":761},{""x"":1164,""y"":255,""t"":783},{""x"":1104,""y"":240,""t"":825},{""x"":1051,""y"":229,""t"":852},{""x"":1077,""y"":217,""t"":888},{""x"":1100,""y"":208,""t"":919},{""x"":1046,""y"":239,""t"":968},{""x"":1033,""y"":310,""t"":998},{""x"":1022,""y"":372,""t"":1031},{""x"":1090,""y"":416,""t"":1060},{""x"":1133,""y"":441,""t"":1089},{""x"":1177,""y"":480,""t"":1126},{""x"":1213,""y"":512,""t"":1157},{""x"":1255,""y"":582,""t"":1203},{""x"":1221,""y"":576,""t"":1235},{""x"":1236,""y"":570,""t"":1268},{""x"":1190,""y"":616,""t"":1300},{""x"":1151,""y"":657,""t"":1332},{""x"":1125,""y"":653,""t"":1363},{""x"":1039,""y"":664,""t"":1409},{""x"":967,""y"":671,""t"":1430},{""x"":908,""y"":675,""t"":1471},{""x"":995,""y"":694,""t"":1503},{""x"":1026,""y"":736,""t"":1535},{""x"":1054,""y"":770,""t"":1565},{""x"":1069,""y"":781,""t"":1613},{""x"":1083,""y"":789,""t"":1641},{""x"":1051,""y"":793,""t"":1671},{""x"":1024,""y"":794,""t"":1701},{""x"":1021,""y"":812,""t"":1740},{""x"":955,""y"":784,""t"":1770},{""x"":900,""y"":759,""t"":1817},{""x"":892,""y"":742,""t"":1844},{""x"":900,""y"":728,""t"":1874},{""x"":858,""y"":727,""t"":1906},{""x"":824,""y"":727,""t"":1942},{""x"":776,""y"":724,""t"":1974}]","[{""x"":250,""y"":425,""width"":80,""height"":80,""top"":385,""right"":290,""bottom"":465,""left"":210},{""x"":400,""y"":165.1923788646684,""width"":80,""height"":80,""top"":125.1923788646684,""right"":440,""bottom"":205.1923788646684,""left"":360},{""x"":700,""y"":165.1923788646684,""width"":80,""height"":80,""top"":125.1923788646684,""right"":740,""bottom"":205.1923788646684,""left"":660},{""x"":850,""y"":425,""width"":80,""height"":80,""top"":385,""right"":890,""bottom"":465,""left"":810},{""x"":700,""y"":684.8076211353316,""width"":80,""height"":80,""top"":644.8076211353316,""right"":740,""bottom"":724.8076211353316,""left"":660},{""x"":400,""y"":684.8076211353316,""width"":80,""height"":80,""top"":644.8076211353316,""right"":440,""bottom"":724.8076211353316,""left"":360}]","{""#container"":{""x"":266.42919921875,""y"":48.58407211303711,""width"":1099.9910888671875,""height"":849.9955444335938,""top"":48.58407211303711,""right"":1366.4202880859375,""bottom"":898.5796165466309,""left"":266.42919921875}}","[{'yellow': 0}, {'blue': 0}, {'green': 6}, {'cyan': 10}, {'purple': 17}, {'red': 6}]",{'red_1': 6},purple
539,,,,994.0,7.0,7.0,"[""purple"",""cyan"",""blue"",""yellow"",""green"",""red""]",cyan,True,"[{""x"":776,""y"":694,""t"":2},{""x"":750,""y"":672,""t"":38},{""x"":730,""y"":653,""t"":74},{""x"":766,""y"":630,""t"":106},{""x"":757,""y"":639,""t"":138},{""x"":751,""y"":649,""t"":172},{""x"":759,""y"":589,""t"":206},{""x"":767,""y"":538,""t"":239},{""x"":750,""y"":539,""t"":274},{""x"":736,""y"":541,""t"":306},{""x"":862,""y"":518,""t"":350},{""x"":906,""y"":503,""t"":382},{""x"":951,""y"":487,""t"":408},{""x"":971,""y"":457,""t"":459},{""x"":1000,""y"":412,""t"":485},{""x"":1017,""y"":405,""t"":519},{""x"":1029,""y"":401,""t"":548},{""x"":1047,""y"":396,""t"":580},{""x"":1099,""y"":369,""t"":618},{""x"":1141,""y"":347,""t"":647},{""x"":1179,""y"":358,""t"":682},{""x"":1209,""y"":370,""t"":729},{""x"":1238,""y"":424,""t"":759},{""x"":1259,""y"":470,""t"":791},{""x"":1233,""y"":500,""t"":828},{""x"":1294,""y"":515,""t"":860},{""x"":1344,""y"":527,""t"":894},{""x"":1357,""y"":548,""t"":928},{""x"":1295,""y"":564,""t"":958},{""x"":1321,""y"":711,""t"":987},{""x"":1311,""y"":856,""t"":1027},{""x"":1338,""y"":994,""t"":1058},{""x"":1385,""y"":1111,""t"":1089},{""x"":1307,""y"":1088,""t"":1137},{""x"":1227,""y"":1061,""t"":1158},{""x"":1158,""y"":1032,""t"":1198},{""x"":1162,""y"":960,""t"":1229},{""x"":1167,""y"":894,""t"":1260},{""x"":1183,""y"":844,""t"":1293},{""x"":1199,""y"":802,""t"":1340},{""x"":1143,""y"":742,""t"":1369},{""x"":1084,""y"":695,""t"":1395},{""x"":1116,""y"":665,""t"":1437},{""x"":1084,""y"":639,""t"":1466},{""x"":1058,""y"":619,""t"":1497},{""x"":1066,""y"":601,""t"":1546},{""x"":1075,""y"":588,""t"":1565},{""x"":971,""y"":576,""t"":1602},{""x"":884,""y"":568,""t"":1633},{""x"":878,""y"":587,""t"":1670},{""x"":928,""y"":597,""t"":1702},{""x"":1016,""y"":613,""t"":1735},{""x"":1006,""y"":652,""t"":1784},{""x"":998,""y"":686,""t"":1810},{""x"":977,""y"":715,""t"":1841},{""x"":960,""y"":739,""t"":1872},{""x"":958,""y"":736,""t"":1910},{""x"":957,""y"":733,""t"":1941},{""x"":948,""y"":755,""t"":1974}]","[{""x"":250,""y"":425,""width"":80,""height"":80,""top"":385,""right"":290,""bottom"":465,""left"":210},{""x"":400,""y"":165.1923788646684,""width"":80,""height"":80,""top"":125.1923788646684,""right"":440,""bottom"":205.1923788646684,""left"":360},{""x"":700,""y"":165.1923788646684,""width"":80,""height"":80,""top"":125.1923788646684,""right"":740,""bottom"":205.1923788646684,""left"":660},{""x"":850,""y"":425,""width"":80,""height"":80,""top"":385,""right"":890,""bottom"":465,""left"":810},{""x"":700,""y"":684.8076211353316,""width"":80,""height"":80,""top"":644.8076211353316,""right"":740,""bottom"":724.8076211353316,""left"":660},{""x"":400,""y"":684.8076211353316,""width"":80,""height"":80,""top"":644.8076211353316,""right"":440,""bottom"":724.8076211353316,""left"":360}]","{""#container"":{""x"":266.42919921875,""y"":48.58407211303711,""width"":1099.9910888671875,""height"":849.9955444335938,""top"":48.58407211303711,""right"":1366.4202880859375,""bottom"":898.5796165466309,""left"":266.42919921875}}","[{'purple': 0}, {'cyan': 0}, {'blue': 0}, {'yellow': 14}, {'green': 11}, {'red': 6}]",,yellow
540,,,,721.0,7.0,7.0,"[""green"",""purple"",""cyan"",""red"",""yellow"",""blue""]",purple_1,True,"[{""x"":902,""y"":662,""t"":2},{""x"":936,""y"":580,""t"":48},{""x"":977,""y"":489,""t"":99},{""x"":1016,""y"":420,""t"":127},{""x"":1027,""y"":375,""t"":155},{""x"":1035,""y"":340,""t"":184},{""x"":1058,""y"":330,""t"":211},{""x"":1103,""y"":326,""t"":243},{""x"":1153,""y"":331,""t"":275},{""x"":1145,""y"":317,""t"":318},{""x"":1136,""y"":307,""t"":352},{""x"":1116,""y"":297,""t"":388},{""x"":1083,""y"":307,""t"":412},{""x"":1084,""y"":278,""t"":449},{""x"":1085,""y"":256,""t"":482},{""x"":1092,""y"":251,""t"":514},{""x"":1098,""y"":248,""t"":545},{""x"":1081,""y"":265,""t"":587},{""x"":1127,""y"":490,""t"":618},{""x"":1166,""y"":682,""t"":648},{""x"":1197,""y"":832,""t"":682},{""x"":1222,""y"":954,""t"":715},{""x"":1205,""y"":971,""t"":754},{""x"":1188,""y"":976,""t"":787},{""x"":1251,""y"":938,""t"":822},{""x"":1305,""y"":900,""t"":854},{""x"":1265,""y"":988,""t"":886},{""x"":1301,""y"":1057,""t"":932},{""x"":1330,""y"":1112,""t"":962},{""x"":1335,""y"":1149,""t"":991},{""x"":1337,""y"":1176,""t"":1022},{""x"":1335,""y"":1200,""t"":1059},{""x"":1332,""y"":1216,""t"":1091},{""x"":1290,""y"":1120,""t"":1126},{""x"":1272,""y"":1000,""t"":1159},{""x"":1257,""y"":897,""t"":1192},{""x"":1288,""y"":831,""t"":1229},{""x"":1321,""y"":772,""t"":1261},{""x"":1351,""y"":731,""t"":1294},{""x"":1371,""y"":717,""t"":1343},{""x"":1386,""y"":709,""t"":1364},{""x"":1350,""y"":664,""t"":1400},{""x"":1319,""y"":630,""t"":1433},{""x"":1305,""y"":602,""t"":1464},{""x"":1294,""y"":582,""t"":1501},{""x"":1319,""y"":610,""t"":1533},{""x"":1282,""y"":625,""t"":1578},{""x"":1245,""y"":645,""t"":1605},{""x"":1139,""y"":648,""t"":1643},{""x"":1050,""y"":651,""t"":1675},{""x"":1036,""y"":665,""t"":1713},{""x"":1027,""y"":677,""t"":1738},{""x"":984,""y"":659,""t"":1769},{""x"":951,""y"":643,""t"":1816},{""x"":914,""y"":620,""t"":1843},{""x"":944,""y"":651,""t"":1874},{""x"":947,""y"":666,""t"":1905},{""x"":910,""y"":686,""t"":1941},{""x"":889,""y"":715,""t"":1975}]","[{""x"":250,""y"":425,""width"":80,""height"":80,""top"":385,""right"":290,""bottom"":465,""left"":210},{""x"":400,""y"":165.1923788646684,""width"":80,""height"":80,""top"":125.1923788646684,""right"":440,""bottom"":205.1923788646684,""left"":360},{""x"":700,""y"":165.1923788646684,""width"":80,""height"":80,""top"":125.1923788646684,""right"":740,""bottom"":205.1923788646684,""left"":660},{""x"":850,""y"":425,""width"":80,""height"":80,""top"":385,""right"":890,""bottom"":465,""left"":810},{""x"":700,""y"":684.8076211353316,""width"":80,""height"":80,""top"":644.8076211353316,""right"":740,""bottom"":724.8076211353316,""left"":660},{""x"":400,""y"":684.8076211353316,""width"":80,""height"":80,""top"":644.8076211353316,""right"":440,""bottom"":724.8076211353316,""left"":360}]","{""#container"":{""x"":266.42919921875,""y"":48.58407211303711,""width"":1099.9910888671875,""height"":849.9955444335938,""top"":48.58407211303711,""right"":1366.4202880859375,""bottom"":898.5796165466309,""left"":266.42919921875}}","[{'green': 0}, {'purple': 0}, {'cyan': 8}, {'red': 6}, {'yellow': 11}, {'blue': 0}]",,yellow
541,,,,1194.0,6.0,6.0,"[""green"",""yellow"",""red"",""blue"",""purple"",""cyan""]",blue,True,"[{""x"":848,""y"":662,""t"":2},{""x"":808,""y"":620,""t"":43},{""x"":747,""y"":576,""t"":72},{""x"":737,""y"":565,""t"":103},{""x"":872,""y"":530,""t"":138},{""x"":978,""y"":482,""t"":173},{""x"":1068,""y"":443,""t"":207},{""x"":1052,""y"":419,""t"":245},{""x"":1036,""y"":401,""t"":279},{""x"":987,""y"":357,""t"":316},{""x"":987,""y"":318,""t"":346},{""x"":968,""y"":291,""t"":375},{""x"":968,""y"":265,""t"":419},{""x"":967,""y"":246,""t"":449},{""x"":932,""y"":213,""t"":478},{""x"":902,""y"":187,""t"":512},{""x"":937,""y"":227,""t"":561},{""x"":967,""y"":263,""t"":581},{""x"":1035,""y"":320,""t"":616},{""x"":1053,""y"":345,""t"":651},{""x"":1067,""y"":366,""t"":682},{""x"":1070,""y"":405,""t"":717},{""x"":1071,""y"":438,""t"":754},{""x"":1075,""y"":467,""t"":786},{""x"":1078,""y"":490,""t"":817},{""x"":1144,""y"":527,""t"":863},{""x"":1198,""y"":557,""t"":887},{""x"":1202,""y"":586,""t"":926},{""x"":1183,""y"":623,""t"":963},{""x"":1164,""y"":651,""t"":994},{""x"":1154,""y"":698,""t"":1023},{""x"":1064,""y"":688,""t"":1068},{""x"":988,""y"":676,""t"":1094},{""x"":916,""y"":670,""t"":1125},{""x"":926,""y"":680,""t"":1158},{""x"":885,""y"":687,""t"":1207},{""x"":853,""y"":692,""t"":1232},{""x"":837,""y"":671,""t"":1260},{""x"":827,""y"":652,""t"":1300},{""x"":852,""y"":683,""t"":1331},{""x"":876,""y"":708,""t"":1361},{""x"":868,""y"":712,""t"":1412},{""x"":862,""y"":715,""t"":1433},{""x"":853,""y"":717,""t"":1463},{""x"":834,""y"":721,""t"":1498},{""x"":819,""y"":724,""t"":1535},{""x"":813,""y"":729,""t"":1566},{""x"":808,""y"":733,""t"":1603},{""x"":833,""y"":733,""t"":1640},{""x"":763,""y"":727,""t"":1678},{""x"":703,""y"":720,""t"":1713},{""x"":722,""y"":708,""t"":1743},{""x"":741,""y"":698,""t"":1770},{""x"":764,""y"":674,""t"":1811},{""x"":785,""y"":654,""t"":1846},{""x"":777,""y"":642,""t"":1882},{""x"":771,""y"":633,""t"":1909},{""x"":771,""y"":618,""t"":1946},{""x"":818,""y"":622,""t"":1979}]","[{""x"":250,""y"":425,""width"":80,""height"":80,""top"":385,""right"":290,""bottom"":465,""left"":210},{""x"":400,""y"":165.1923788646684,""width"":80,""height"":80,""top"":125.1923788646684,""right"":440,""bottom"":205.1923788646684,""left"":360},{""x"":700,""y"":165.1923788646684,""width"":80,""height"":80,""top"":125.1923788646684,""right"":740,""bottom"":205.1923788646684,""left"":660},{""x"":850,""y"":425,""width"":80,""height"":80,""top"":385,""right"":890,""bottom"":465,""left"":810},{""x"":700,""y"":684.8076211353316,""width"":80,""height"":80,""top"":644.8076211353316,""right"":740,""bottom"":724.8076211353316,""left"":660},{""x"":400,""y"":684.8076211353316,""width"":80,""height"":80,""top"":644.8076211353316,""right"":440,""bottom"":724.8076211353316,""left"":360}]","{""#container"":{""x"":266.42919921875,""y"":48.58407211303711,""width"":1099.9910888671875,""height"":849.9955444335938,""top"":48.58407211303711,""right"":1366.4202880859375,""bottom"":898.5796165466309,""left"":266.42919921875}}","[{'green': 0}, {'yellow': 0}, {'red': 10}, {'blue': 13}, {'purple': 16}, {'cyan': 10}]",{'blue': 13},purple
542,,,,635.0,4.0,4.0,"[""red"",""cyan"",""blue"",""green"",""yellow"",""purple""]",red_1,True,"[{""x"":854,""y"":586,""t"":19},{""x"":840,""y"":572,""t"":52},{""x"":843,""y"":533,""t"":85},{""x"":845,""y"":502,""t"":107},{""x"":845,""y"":477,""t"":137},{""x"":886,""y"":497,""t"":172},{""x"":940,""y"":504,""t"":206},{""x"":931,""y"":466,""t"":240},{""x"":991,""y"":441,""t"":274},{""x"":1040,""y"":422,""t"":313},{""x"":1087,""y"":385,""t"":350},{""x"":1124,""y"":357,""t"":380},{""x"":1137,""y"":323,""t"":416},{""x"":1144,""y"":297,""t"":448},{""x"":1081,""y"":281,""t"":477},{""x"":1131,""y"":292,""t"":523},{""x"":1161,""y"":267,""t"":558},{""x"":1114,""y"":252,""t"":580},{""x"":1118,""y"":237,""t"":615},{""x"":1118,""y"":254,""t"":648},{""x"":1148,""y"":274,""t"":695},{""x"":1139,""y"":307,""t"":725},{""x"":1138,""y"":328,""t"":752},{""x"":1136,""y"":346,""t"":783},{""x"":1064,""y"":361,""t"":821},{""x"":1002,""y"":372,""t"":855},{""x"":1032,""y"":407,""t"":894},{""x"":1059,""y"":436,""t"":926},{""x"":1099,""y"":457,""t"":965},{""x"":1031,""y"":522,""t"":997},{""x"":973,""y"":576,""t"":1026},{""x"":992,""y"":608,""t"":1056},{""x"":1031,""y"":619,""t"":1104},{""x"":1053,""y"":675,""t"":1131},{""x"":1012,""y"":714,""t"":1161},{""x"":981,""y"":724,""t"":1192},{""x"":955,""y"":730,""t"":1231},{""x"":894,""y"":723,""t"":1265},{""x"":850,""y"":763,""t"":1302},{""x"":815,""y"":793,""t"":1327},{""x"":811,""y"":772,""t"":1365},{""x"":811,""y"":751,""t"":1396},{""x"":815,""y"":752,""t"":1439},{""x"":784,""y"":742,""t"":1475},{""x"":776,""y"":737,""t"":1499},{""x"":723,""y"":734,""t"":1540},{""x"":680,""y"":732,""t"":1574},{""x"":641,""y"":710,""t"":1609},{""x"":610,""y"":690,""t"":1634},{""x"":611,""y"":686,""t"":1674},{""x"":652,""y"":697,""t"":1704},{""x"":712,""y"":722,""t"":1737},{""x"":684,""y"":714,""t"":1783},{""x"":653,""y"":703,""t"":1808},{""x"":658,""y"":683,""t"":1842},{""x"":639,""y"":652,""t"":1881},{""x"":625,""y"":626,""t"":1908},{""x"":613,""y"":604,""t"":1944}]","[{""x"":250,""y"":425,""width"":80,""height"":80,""top"":385,""right"":290,""bottom"":465,""left"":210},{""x"":400,""y"":165.1923788646684,""width"":80,""height"":80,""top"":125.1923788646684,""right"":440,""bottom"":205.1923788646684,""left"":360},{""x"":700,""y"":165.1923788646684,""width"":80,""height"":80,""top"":125.1923788646684,""right"":740,""bottom"":205.1923788646684,""left"":660},{""x"":850,""y"":425,""width"":80,""height"":80,""top"":385,""right"":890,""bottom"":465,""left"":810},{""x"":700,""y"":684.8076211353316,""width"":80,""height"":80,""top"":644.8076211353316,""right"":740,""bottom"":724.8076211353316,""left"":660},{""x"":400,""y"":684.8076211353316,""width"":80,""height"":80,""top"":644.8076211353316,""right"":440,""bottom"":724.8076211353316,""left"":360}]","{""#container"":{""x"":266.42919921875,""y"":48.58407211303711,""width"":1099.9910888671875,""height"":849.9955444335938,""top"":48.58407211303711,""right"":1366.4202880859375,""bottom"":898.5796165466309,""left"":266.42919921875}}","[{'red': 0}, {'cyan': 0}, {'blue': 1}, {'green': 11}, {'yellow': 8}, {'purple': 18}]",,purple
543,,,,1068.0,7.0,7.0,"[""blue"",""red"",""yellow"",""purple"",""cyan"",""green""]",red,True,"[{""x"":595,""y"":500,""t"":2},{""x"":583,""y"":478,""t"":44},{""x"":573,""y"":461,""t"":77},{""x"":567,""y"":450,""t"":105},{""x"":577,""y"":428,""t"":138},{""x"":664,""y"":421,""t"":174},{""x"":774,""y"":422,""t"":215},{""x"":887,""y"":434,""t"":242},{""x"":1009,""y"":395,""t"":278},{""x"":1046,""y"":351,""t"":360},{""x"":1074,""y"":316,""t"":387},{""x"":1120,""y"":273,""t"":419},{""x"":1154,""y"":239,""t"":450},{""x"":1156,""y"":252,""t"":479},{""x"":1173,""y"":257,""t"":525},{""x"":1201,""y"":251,""t"":550},{""x"":1221,""y"":248,""t"":580},{""x"":1205,""y"":268,""t"":613},{""x"":1177,""y"":243,""t"":650},{""x"":1134,""y"":226,""t"":683},{""x"":1150,""y"":263,""t"":716},{""x"":1163,""y"":295,""t"":759},{""x"":1138,""y"":329,""t"":791},{""x"":1116,""y"":357,""t"":817},{""x"":1178,""y"":401,""t"":855},{""x"":1204,""y"":479,""t"":888},{""x"":1224,""y"":544,""t"":919},{""x"":1216,""y"":556,""t"":964},{""x"":1207,""y"":562,""t"":990},{""x"":1172,""y"":544,""t"":1023},{""x"":1142,""y"":525,""t"":1057},{""x"":1123,""y"":560,""t"":1091},{""x"":1074,""y"":608,""t"":1136},{""x"":1005,""y"":668,""t"":1157},{""x"":932,""y"":698,""t"":1200},{""x"":872,""y"":721,""t"":1230},{""x"":882,""y"":755,""t"":1260},{""x"":894,""y"":780,""t"":1293},{""x"":918,""y"":786,""t"":1342},{""x"":940,""y"":788,""t"":1363},{""x"":864,""y"":794,""t"":1396},{""x"":843,""y"":798,""t"":1437},{""x"":827,""y"":799,""t"":1464},{""x"":789,""y"":829,""t"":1499},{""x"":734,""y"":837,""t"":1533},{""x"":657,""y"":798,""t"":1571},{""x"":596,""y"":763,""t"":1605},{""x"":544,""y"":722,""t"":1640},{""x"":491,""y"":706,""t"":1673},{""x"":450,""y"":693,""t"":1701},{""x"":432,""y"":656,""t"":1736},{""x"":422,""y"":626,""t"":1782},{""x"":417,""y"":616,""t"":1811},{""x"":416,""y"":608,""t"":1837},{""x"":402,""y"":567,""t"":1877},{""x"":394,""y"":521,""t"":1911},{""x"":390,""y"":484,""t"":1942},{""x"":447,""y"":491,""t"":1974}]","[{""x"":250,""y"":425,""width"":80,""height"":80,""top"":385,""right"":290,""bottom"":465,""left"":210},{""x"":400,""y"":165.1923788646684,""width"":80,""height"":80,""top"":125.1923788646684,""right"":440,""bottom"":205.1923788646684,""left"":360},{""x"":700,""y"":165.1923788646684,""width"":80,""height"":80,""top"":125.1923788646684,""right"":740,""bottom"":205.1923788646684,""left"":660},{""x"":850,""y"":425,""width"":80,""height"":80,""top"":385,""right"":890,""bottom"":465,""left"":810},{""x"":700,""y"":684.8076211353316,""width"":80,""height"":80,""top"":644.8076211353316,""right"":740,""bottom"":724.8076211353316,""left"":660},{""x"":400,""y"":684.8076211353316,""width"":80,""height"":80,""top"":644.8076211353316,""right"":440,""bottom"":724.8076211353316,""left"":360}]","{""#container"":{""x"":266.42919921875,""y"":48.58407211303711,""width"":1099.9910888671875,""height"":849.9955444335938,""top"":48.58407211303711,""right"":1366.4202880859375,""bottom"":898.5796165466309,""left"":266.42919921875}}","[{'blue': 9}, {'red': 0}, {'yellow': 1}, {'purple': 13}, {'cyan': 9}, {'green': 4}]",,purple
544,,,,680.0,4.0,9.0,"[""green"",""cyan"",""yellow"",""purple"",""blue"",""red""]",yellow_1,False,"[{""x"":520,""y"":451,""t"":2},{""x"":582,""y"":419,""t"":36},{""x"":644,""y"":420,""t"":73},{""x"":654,""y"":390,""t"":104},{""x"":654,""y"":376,""t"":137},{""x"":707,""y"":345,""t"":172},{""x"":728,""y"":330,""t"":205},{""x"":811,""y"":291,""t"":241},{""x"":879,""y"":260,""t"":273},{""x"":915,""y"":277,""t"":311},{""x"":951,""y"":284,""t"":341},{""x"":957,""y"":307,""t"":389},{""x"":960,""y"":331,""t"":410},{""x"":978,""y"":349,""t"":451},{""x"":1073,""y"":444,""t"":485},{""x"":1178,""y"":537,""t"":513},{""x"":1271,""y"":716,""t"":546},{""x"":1324,""y"":876,""t"":592},{""x"":1362,""y"":1006,""t"":612},{""x"":1323,""y"":1026,""t"":654},{""x"":1311,""y"":1016,""t"":687},{""x"":1232,""y"":914,""t"":716},{""x"":1220,""y"":860,""t"":765},{""x"":1207,""y"":810,""t"":792},{""x"":1196,""y"":766,""t"":821},{""x"":1208,""y"":698,""t"":852},{""x"":1209,""y"":601,""t"":888},{""x"":1179,""y"":534,""t"":921},{""x"":1161,""y"":481,""t"":955},{""x"":1155,""y"":449,""t"":996},{""x"":1111,""y"":411,""t"":1026},{""x"":1074,""y"":382,""t"":1056},{""x"":1143,""y"":567,""t"":1091},{""x"":1205,""y"":678,""t"":1130},{""x"":1257,""y"":773,""t"":1166},{""x"":1271,""y"":891,""t"":1201},{""x"":1281,""y"":987,""t"":1234},{""x"":1243,""y"":1000,""t"":1271},{""x"":1210,""y"":1005,""t"":1294},{""x"":1237,""y"":941,""t"":1329},{""x"":1247,""y"":855,""t"":1365},{""x"":1255,""y"":780,""t"":1398},{""x"":1251,""y"":729,""t"":1433},{""x"":1246,""y"":687,""t"":1465},{""x"":1215,""y"":680,""t"":1506},{""x"":1210,""y"":657,""t"":1544},{""x"":1168,""y"":659,""t"":1574},{""x"":1180,""y"":665,""t"":1612},{""x"":1191,""y"":671,""t"":1640},{""x"":1198,""y"":667,""t"":1672},{""x"":1204,""y"":654,""t"":1701},{""x"":1172,""y"":628,""t"":1737},{""x"":1144,""y"":607,""t"":1772},{""x"":1142,""y"":606,""t"":1808},{""x"":1144,""y"":595,""t"":1841},{""x"":1150,""y"":606,""t"":1876},{""x"":1106,""y"":618,""t"":1911},{""x"":1069,""y"":629,""t"":1945},{""x"":1020,""y"":644,""t"":1978}]","[{""x"":250,""y"":425,""width"":80,""height"":80,""top"":385,""right"":290,""bottom"":465,""left"":210},{""x"":400,""y"":165.1923788646684,""width"":80,""height"":80,""top"":125.1923788646684,""right"":440,""bottom"":205.1923788646684,""left"":360},{""x"":700,""y"":165.1923788646684,""width"":80,""height"":80,""top"":125.1923788646684,""right"":740,""bottom"":205.1923788646684,""left"":660},{""x"":850,""y"":425,""width"":80,""height"":80,""top"":385,""right"":890,""bottom"":465,""left"":810},{""x"":700,""y"":684.8076211353316,""width"":80,""height"":80,""top"":644.8076211353316,""right"":740,""bottom"":724.8076211353316,""left"":660},{""x"":400,""y"":684.8076211353316,""width"":80,""height"":80,""top"":644.8076211353316,""right"":440,""bottom"":724.8076211353316,""left"":360}]","{""#container"":{""x"":266.42919921875,""y"":48.58407211303711,""width"":1099.9910888671875,""height"":849.9955444335938,""top"":48.58407211303711,""right"":1366.4202880859375,""bottom"":898.5796165466309,""left"":266.42919921875}}","[{'green': 3}, {'cyan': 2}, {'yellow': 6}, {'purple': 13}, {'blue': 2}, {'red': 0}]",{'yellow_1': 6},purple
545,,,,786.0,1.0,3.0,"[""yellow"",""green"",""purple"",""red"",""blue"",""cyan""]",blue,False,"[{""x"":931,""y"":602,""t"":13},{""x"":893,""y"":547,""t"":56},{""x"":844,""y"":530,""t"":91},{""x"":739,""y"":498,""t"":118},{""x"":663,""y"":478,""t"":148},{""x"":610,""y"":503,""t"":181},{""x"":571,""y"":527,""t"":209},{""x"":556,""y"":553,""t"":244},{""x"":548,""y"":575,""t"":276},{""x"":624,""y"":580,""t"":311},{""x"":714,""y"":555,""t"":348},{""x"":793,""y"":533,""t"":377},{""x"":846,""y"":502,""t"":410},{""x"":927,""y"":489,""t"":444},{""x"":971,""y"":452,""t"":478},{""x"":1003,""y"":415,""t"":511},{""x"":1112,""y"":509,""t"":552},{""x"":1204,""y"":582,""t"":583},{""x"":1269,""y"":726,""t"":615},{""x"":1319,""y"":847,""t"":648},{""x"":1347,""y"":875,""t"":683},{""x"":1366,""y"":839,""t"":717},{""x"":1325,""y"":743,""t"":764},{""x"":1245,""y"":666,""t"":784},{""x"":1186,""y"":618,""t"":817},{""x"":1121,""y"":573,""t"":858},{""x"":1073,""y"":529,""t"":891},{""x"":1081,""y"":476,""t"":923},{""x"":1069,""y"":486,""t"":953},{""x"":1059,""y"":497,""t"":997},{""x"":1086,""y"":523,""t"":1026},{""x"":1110,""y"":547,""t"":1056},{""x"":1142,""y"":565,""t"":1094},{""x"":1168,""y"":581,""t"":1124},{""x"":1134,""y"":591,""t"":1172},{""x"":1105,""y"":589,""t"":1198},{""x"":1131,""y"":580,""t"":1236},{""x"":1153,""y"":572,""t"":1261},{""x"":1170,""y"":555,""t"":1297},{""x"":1100,""y"":551,""t"":1333},{""x"":1040,""y"":549,""t"":1364},{""x"":1031,""y"":570,""t"":1395},{""x"":1065,""y"":614,""t"":1441},{""x"":1095,""y"":652,""t"":1471},{""x"":1112,""y"":671,""t"":1501},{""x"":1127,""y"":686,""t"":1531},{""x"":1113,""y"":696,""t"":1568},{""x"":1076,""y"":698,""t"":1599},{""x"":1089,""y"":718,""t"":1649},{""x"":1082,""y"":738,""t"":1668},{""x"":1014,""y"":721,""t"":1710},{""x"":1011,""y"":747,""t"":1742},{""x"":1010,""y"":767,""t"":1771},{""x"":952,""y"":767,""t"":1805},{""x"":855,""y"":719,""t"":1853},{""x"":774,""y"":677,""t"":1873},{""x"":708,""y"":641,""t"":1905},{""x"":688,""y"":633,""t"":1947},{""x"":662,""y"":600,""t"":1976}]","[{""x"":250,""y"":425,""width"":80,""height"":80,""top"":385,""right"":290,""bottom"":465,""left"":210},{""x"":400,""y"":165.1923788646684,""width"":80,""height"":80,""top"":125.1923788646684,""right"":440,""bottom"":205.1923788646684,""left"":360},{""x"":700,""y"":165.1923788646684,""width"":80,""height"":80,""top"":125.1923788646684,""right"":740,""bottom"":205.1923788646684,""left"":660},{""x"":850,""y"":425,""width"":80,""height"":80,""top"":385,""right"":890,""bottom"":465,""left"":810},{""x"":700,""y"":684.8076211353316,""width"":80,""height"":80,""top"":644.8076211353316,""right"":740,""bottom"":724.8076211353316,""left"":660},{""x"":400,""y"":684.8076211353316,""width"":80,""height"":80,""top"":644.8076211353316,""right"":440,""bottom"":724.8076211353316,""left"":360}]","{""#container"":{""x"":266.42919921875,""y"":48.58407211303711,""width"":1099.9910888671875,""height"":849.9955444335938,""top"":48.58407211303711,""right"":1366.4202880859375,""bottom"":898.5796165466309,""left"":266.42919921875}}","[{'yellow': 5}, {'green': 0}, {'purple': 0}, {'red': 22}, {'blue': 9}, {'cyan': 4}]",{'blue': 9},red
546,,,,734.0,1.0,9.0,"[""yellow"",""purple"",""blue"",""red"",""green"",""cyan""]",blue_1,False,"[{""x"":678,""y"":569,""t"":2},{""x"":665,""y"":538,""t"":50},{""x"":657,""y"":513,""t"":76},{""x"":652,""y"":477,""t"":112},{""x"":650,""y"":449,""t"":138},{""x"":651,""y"":428,""t"":172},{""x"":607,""y"":445,""t"":208},{""x"":604,""y"":456,""t"":241},{""x"":554,""y"":440,""t"":275},{""x"":514,""y"":428,""t"":307},{""x"":556,""y"":449,""t"":350},{""x"":578,""y"":483,""t"":377},{""x"":559,""y"":514,""t"":412},{""x"":643,""y"":519,""t"":450},{""x"":720,""y"":503,""t"":483},{""x"":766,""y"":462,""t"":522},{""x"":803,""y"":428,""t"":545},{""x"":876,""y"":416,""t"":585},{""x"":873,""y"":349,""t"":617},{""x"":867,""y"":293,""t"":647},{""x"":883,""y"":261,""t"":694},{""x"":894,""y"":261,""t"":726},{""x"":892,""y"":263,""t"":758},{""x"":1007,""y"":375,""t"":792},{""x"":1071,""y"":450,""t"":828},{""x"":1194,""y"":650,""t"":862},{""x"":1295,""y"":818,""t"":887},{""x"":1354,""y"":972,""t"":919},{""x"":1398,""y"":1096,""t"":962},{""x"":1383,""y"":1064,""t"":994},{""x"":1365,""y"":1027,""t"":1024},{""x"":1375,""y"":1022,""t"":1056},{""x"":1386,""y"":983,""t"":1103},{""x"":1338,""y"":928,""t"":1134},{""x"":1315,""y"":875,""t"":1162},{""x"":1294,""y"":827,""t"":1196},{""x"":1269,""y"":820,""t"":1233},{""x"":1247,""y"":814,""t"":1265},{""x"":1206,""y"":807,""t"":1299},{""x"":1155,""y"":815,""t"":1329},{""x"":1104,""y"":789,""t"":1362},{""x"":1113,""y"":783,""t"":1401},{""x"":1123,""y"":778,""t"":1431},{""x"":1103,""y"":765,""t"":1464},{""x"":1057,""y"":783,""t"":1514},{""x"":1023,""y"":788,""t"":1533},{""x"":978,""y"":763,""t"":1565},{""x"":987,""y"":727,""t"":1602},{""x"":912,""y"":710,""t"":1641},{""x"":851,""y"":696,""t"":1673},{""x"":810,""y"":685,""t"":1709},{""x"":761,""y"":669,""t"":1744},{""x"":728,""y"":641,""t"":1776},{""x"":672,""y"":607,""t"":1806},{""x"":601,""y"":597,""t"":1837},{""x"":545,""y"":590,""t"":1873},{""x"":489,""y"":585,""t"":1906},{""x"":458,""y"":631,""t"":1952},{""x"":438,""y"":672,""t"":1982}]","[{""x"":250,""y"":425,""width"":80,""height"":80,""top"":385,""right"":290,""bottom"":465,""left"":210},{""x"":400,""y"":165.1923788646684,""width"":80,""height"":80,""top"":125.1923788646684,""right"":440,""bottom"":205.1923788646684,""left"":360},{""x"":700,""y"":165.1923788646684,""width"":80,""height"":80,""top"":125.1923788646684,""right"":740,""bottom"":205.1923788646684,""left"":660},{""x"":850,""y"":425,""width"":80,""height"":80,""top"":385,""right"":890,""bottom"":465,""left"":810},{""x"":700,""y"":684.8076211353316,""width"":80,""height"":80,""top"":644.8076211353316,""right"":740,""bottom"":724.8076211353316,""left"":660},{""x"":400,""y"":684.8076211353316,""width"":80,""height"":80,""top"":644.8076211353316,""right"":440,""bottom"":724.8076211353316,""left"":360}]","{""#container"":{""x"":266.42919921875,""y"":48.58407211303711,""width"":1099.9910888671875,""height"":849.9955444335938,""top"":48.58407211303711,""right"":1366.4202880859375,""bottom"":898.5796165466309,""left"":266.42919921875}}","[{'yellow': 15}, {'purple': 0}, {'blue': 4}, {'red': 2}, {'green': 8}, {'cyan': 3}]",{'blue_1': 4},yellow
547,,,,1063.0,7.0,4.0,"[""purple"",""blue"",""yellow"",""green"",""cyan"",""red""]",purple,False,"[{""x"":489,""y"":643,""t"":34},{""x"":585,""y"":585,""t"":64},{""x"":644,""y"":535,""t"":90},{""x"":673,""y"":510,""t"":120},{""x"":697,""y"":491,""t"":140},{""x"":739,""y"":489,""t"":172},{""x"":791,""y"":483,""t"":206},{""x"":833,""y"":480,""t"":240},{""x"":900,""y"":453,""t"":274},{""x"":955,""y"":431,""t"":307},{""x"":1002,""y"":427,""t"":357},{""x"":981,""y"":421,""t"":385},{""x"":959,""y"":417,""t"":414},{""x"":1005,""y"":391,""t"":446},{""x"":1042,""y"":370,""t"":477},{""x"":1059,""y"":332,""t"":514},{""x"":1070,""y"":302,""t"":546},{""x"":1107,""y"":289,""t"":591},{""x"":1144,""y"":268,""t"":620},{""x"":1117,""y"":275,""t"":651},{""x"":1049,""y"":278,""t"":682},{""x"":1087,""y"":298,""t"":719},{""x"":1082,""y"":277,""t"":750},{""x"":1031,""y"":261,""t"":797},{""x"":1009,""y"":261,""t"":821},{""x"":990,""y"":261,""t"":850},{""x"":1013,""y"":252,""t"":893},{""x"":1020,""y"":268,""t"":926},{""x"":1025,""y"":283,""t"":953},{""x"":1001,""y"":305,""t"":1002},{""x"":969,""y"":298,""t"":1030},{""x"":1003,""y"":301,""t"":1058},{""x"":1033,""y"":302,""t"":1089},{""x"":1027,""y"":314,""t"":1127},{""x"":1022,""y"":323,""t"":1157},{""x"":1056,""y"":320,""t"":1206},{""x"":1067,""y"":307,""t"":1234},{""x"":1076,""y"":296,""t"":1260},{""x"":1101,""y"":349,""t"":1294},{""x"":1120,""y"":395,""t"":1327},{""x"":1146,""y"":417,""t"":1362},{""x"":1190,""y"":487,""t"":1411},{""x"":1166,""y"":524,""t"":1439},{""x"":1188,""y"":555,""t"":1471},{""x"":1242,""y"":548,""t"":1499},{""x"":1209,""y"":575,""t"":1532},{""x"":1179,""y"":596,""t"":1566},{""x"":1149,""y"":638,""t"":1615},{""x"":1128,""y"":680,""t"":1641},{""x"":1112,""y"":677,""t"":1671},{""x"":1098,""y"":672,""t"":1701},{""x"":1105,""y"":659,""t"":1739},{""x"":1070,""y"":627,""t"":1769},{""x"":1082,""y"":623,""t"":1818},{""x"":1064,""y"":641,""t"":1846},{""x"":1067,""y"":667,""t"":1872},{""x"":1101,""y"":685,""t"":1912},{""x"":1073,""y"":695,""t"":1939},{""x"":1034,""y"":717,""t"":1976}]","[{""x"":250,""y"":425,""width"":80,""height"":80,""top"":385,""right"":290,""bottom"":465,""left"":210},{""x"":400,""y"":165.1923788646684,""width"":80,""height"":80,""top"":125.1923788646684,""right"":440,""bottom"":205.1923788646684,""left"":360},{""x"":700,""y"":165.1923788646684,""width"":80,""height"":80,""top"":125.1923788646684,""right"":740,""bottom"":205.1923788646684,""left"":660},{""x"":850,""y"":425,""width"":80,""height"":80,""top"":385,""right"":890,""bottom"":465,""left"":810},{""x"":700,""y"":684.8076211353316,""width"":80,""height"":80,""top"":644.8076211353316,""right"":740,""bottom"":724.8076211353316,""left"":660},{""x"":400,""y"":684.8076211353316,""width"":80,""height"":80,""top"":644.8076211353316,""right"":440,""bottom"":724.8076211353316,""left"":360}]","{""#container"":{""x"":266.42919921875,""y"":48.58407211303711,""width"":1099.9910888671875,""height"":849.9955444335938,""top"":48.58407211303711,""right"":1366.4202880859375,""bottom"":898.5796165466309,""left"":266.42919921875}}","[{'purple': 2}, {'blue': 0}, {'yellow': 19}, {'green': 13}, {'cyan': 7}, {'red': 0}]",{'purple': 2},yellow
548,,,,510.0,6.0,6.0,"[""green"",""blue"",""cyan"",""purple"",""yellow"",""red""]",purple_1,True,"[{""x"":917,""y"":678,""t"":2},{""x"":849,""y"":645,""t"":58},{""x"":795,""y"":617,""t"":75},{""x"":808,""y"":587,""t"":117},{""x"":823,""y"":563,""t"":137},{""x"":832,""y"":535,""t"":172},{""x"":819,""y"":508,""t"":205},{""x"":769,""y"":497,""t"":241},{""x"":786,""y"":493,""t"":273},{""x"":794,""y"":487,""t"":309},{""x"":807,""y"":444,""t"":348},{""x"":870,""y"":418,""t"":379},{""x"":898,""y"":375,""t"":410},{""x"":858,""y"":372,""t"":458},{""x"":855,""y"":380,""t"":480},{""x"":869,""y"":377,""t"":515},{""x"":966,""y"":343,""t"":553},{""x"":1033,""y"":317,""t"":587},{""x"":1074,""y"":291,""t"":624},{""x"":1068,""y"":312,""t"":659},{""x"":1061,""y"":331,""t"":685},{""x"":1044,""y"":317,""t"":718},{""x"":1027,""y"":342,""t"":750},{""x"":1032,""y"":307,""t"":791},{""x"":1035,""y"":279,""t"":816},{""x"":1013,""y"":297,""t"":854},{""x"":1025,""y"":265,""t"":900},{""x"":1036,""y"":239,""t"":926},{""x"":1051,""y"":248,""t"":957},{""x"":1060,""y"":236,""t"":987},{""x"":1066,""y"":224,""t"":1025},{""x"":1070,""y"":215,""t"":1055},{""x"":1098,""y"":253,""t"":1104},{""x"":1080,""y"":283,""t"":1127},{""x"":1087,""y"":301,""t"":1162},{""x"":1091,""y"":307,""t"":1198},{""x"":1093,""y"":312,""t"":1235},{""x"":1116,""y"":343,""t"":1264},{""x"":1135,""y"":370,""t"":1295},{""x"":1107,""y"":373,""t"":1328},{""x"":1083,""y"":374,""t"":1368},{""x"":1078,""y"":410,""t"":1400},{""x"":1071,""y"":395,""t"":1430},{""x"":1079,""y"":380,""t"":1476},{""x"":1086,""y"":380,""t"":1498},{""x"":1092,""y"":380,""t"":1541},{""x"":1050,""y"":376,""t"":1573},{""x"":1020,""y"":377,""t"":1603},{""x"":1035,""y"":425,""t"":1644},{""x"":1022,""y"":456,""t"":1680},{""x"":994,""y"":421,""t"":1706},{""x"":1040,""y"":498,""t"":1745},{""x"":1017,""y"":505,""t"":1770},{""x"":1086,""y"":572,""t"":1807},{""x"":1146,""y"":628,""t"":1836},{""x"":1204,""y"":642,""t"":1874},{""x"":1281,""y"":804,""t"":1907},{""x"":1343,""y"":939,""t"":1939},{""x"":1339,""y"":1038,""t"":1982}]","[{""x"":250,""y"":425,""width"":80,""height"":80,""top"":385,""right"":290,""bottom"":465,""left"":210},{""x"":400,""y"":165.1923788646684,""width"":80,""height"":80,""top"":125.1923788646684,""right"":440,""bottom"":205.1923788646684,""left"":360},{""x"":700,""y"":165.1923788646684,""width"":80,""height"":80,""top"":125.1923788646684,""right"":740,""bottom"":205.1923788646684,""left"":660},{""x"":850,""y"":425,""width"":80,""height"":80,""top"":385,""right"":890,""bottom"":465,""left"":810},{""x"":700,""y"":684.8076211353316,""width"":80,""height"":80,""top"":644.8076211353316,""right"":740,""bottom"":724.8076211353316,""left"":660},{""x"":400,""y"":684.8076211353316,""width"":80,""height"":80,""top"":644.8076211353316,""right"":440,""bottom"":724.8076211353316,""left"":360}]","{""#container"":{""x"":266.42919921875,""y"":48.58407211303711,""width"":1099.9910888671875,""height"":849.9955444335938,""top"":48.58407211303711,""right"":1366.4202880859375,""bottom"":898.5796165466309,""left"":266.42919921875}}","[{'green': 0}, {'blue': 0}, {'cyan': 18}, {'purple': 17}, {'yellow': 2}, {'red': 0}]",{'purple_1': 17},cyan
549,,,,952.0,7.0,7.0,"[""cyan"",""red"",""yellow"",""blue"",""green"",""purple""]",red_1,True,"[{""x"":1182,""y"":987,""t"":2},{""x"":1078,""y"":933,""t"":36},{""x"":999,""y"":887,""t"":73},{""x"":943,""y"":824,""t"":105},{""x"":867,""y"":778,""t"":142},{""x"":911,""y"":703,""t"":176},{""x"":953,""y"":639,""t"":213},{""x"":967,""y"":576,""t"":250},{""x"":980,""y"":523,""t"":279},{""x"":993,""y"":443,""t"":308},{""x"":1004,""y"":378,""t"":354},{""x"":991,""y"":337,""t"":382},{""x"":999,""y"":333,""t"":413},{""x"":1005,""y"":334,""t"":443},{""x"":996,""y"":336,""t"":482},{""x"":988,""y"":341,""t"":514},{""x"":1010,""y"":334,""t"":547},{""x"":1029,""y"":330,""t"":586},{""x"":1022,""y"":313,""t"":623},{""x"":1082,""y"":324,""t"":655},{""x"":1132,""y"":335,""t"":686},{""x"":1140,""y"":342,""t"":723},{""x"":1145,""y"":349,""t"":748},{""x"":1123,""y"":365,""t"":799},{""x"":1102,""y"":380,""t"":818},{""x"":1131,""y"":465,""t"":860},{""x"":1202,""y"":510,""t"":891},{""x"":1262,""y"":547,""t"":920},{""x"":1252,""y"":573,""t"":956},{""x"":1221,""y"":591,""t"":989},{""x"":1127,""y"":588,""t"":1023},{""x"":1045,""y"":584,""t"":1058},{""x"":1046,""y"":596,""t"":1096},{""x"":1065,""y"":664,""t"":1136},{""x"":1083,""y"":719,""t"":1166},{""x"":1054,""y"":753,""t"":1197},{""x"":997,""y"":783,""t"":1225},{""x"":1022,""y"":815,""t"":1271},{""x"":1046,""y"":839,""t"":1301},{""x"":1065,""y"":839,""t"":1332},{""x"":1082,""y"":836,""t"":1363},{""x"":1061,""y"":815,""t"":1397},{""x"":1025,""y"":795,""t"":1444},{""x"":994,""y"":776,""t"":1463},{""x"":895,""y"":716,""t"":1506},{""x"":812,""y"":665,""t"":1538},{""x"":727,""y"":621,""t"":1569},{""x"":671,""y"":606,""t"":1599},{""x"":580,""y"":576,""t"":1648},{""x"":529,""y"":565,""t"":1671},{""x"":494,""y"":555,""t"":1701},{""x"":542,""y"":549,""t"":1740},{""x"":608,""y"":541,""t"":1771},{""x"":649,""y"":538,""t"":1804},{""x"":691,""y"":553,""t"":1849},{""x"":736,""y"":564,""t"":1873},{""x"":773,""y"":575,""t"":1907},{""x"":799,""y"":615,""t"":1940},{""x"":842,""y"":634,""t"":1979}]","[{""x"":250,""y"":425,""width"":80,""height"":80,""top"":385,""right"":290,""bottom"":465,""left"":210},{""x"":400,""y"":165.1923788646684,""width"":80,""height"":80,""top"":125.1923788646684,""right"":440,""bottom"":205.1923788646684,""left"":360},{""x"":700,""y"":165.1923788646684,""width"":80,""height"":80,""top"":125.1923788646684,""right"":740,""bottom"":205.1923788646684,""left"":660},{""x"":850,""y"":425,""width"":80,""height"":80,""top"":385,""right"":890,""bottom"":465,""left"":810},{""x"":700,""y"":684.8076211353316,""width"":80,""height"":80,""top"":644.8076211353316,""right"":740,""bottom"":724.8076211353316,""left"":660},{""x"":400,""y"":684.8076211353316,""width"":80,""height"":80,""top"":644.8076211353316,""right"":440,""bottom"":724.8076211353316,""left"":360}]","{""#container"":{""x"":266.42919921875,""y"":48.58407211303711,""width"":1099.9910888671875,""height"":849.9955444335938,""top"":48.58407211303711,""right"":1366.4202880859375,""bottom"":898.5796165466309,""left"":266.42919921875}}","[{'cyan': 6}, {'red': 0}, {'yellow': 8}, {'blue': 13}, {'green': 15}, {'purple': 2}]",,green
550,,,,1132.0,6.0,6.0,"[""green"",""yellow"",""blue"",""cyan"",""purple"",""red""]",cyan_1,True,"[{""x"":890,""y"":671,""t"":2},{""x"":874,""y"":662,""t"":43},{""x"":890,""y"":701,""t"":78},{""x"":932,""y"":729,""t"":105},{""x"":915,""y"":701,""t"":140},{""x"":874,""y"":697,""t"":171},{""x"":919,""y"":628,""t"":207},{""x"":957,""y"":569,""t"":239},{""x"":938,""y"":512,""t"":274},{""x"":919,""y"":466,""t"":307},{""x"":893,""y"":451,""t"":357},{""x"":861,""y"":440,""t"":378},{""x"":834,""y"":433,""t"":412},{""x"":894,""y"":422,""t"":448},{""x"":946,""y"":414,""t"":480},{""x"":993,""y"":380,""t"":516},{""x"":1032,""y"":353,""t"":552},{""x"":1037,""y"":342,""t"":580},{""x"":1019,""y"":325,""t"":625},{""x"":1012,""y"":305,""t"":652},{""x"":1035,""y"":254,""t"":682},{""x"":1054,""y"":214,""t"":720},{""x"":1165,""y"":257,""t"":750},{""x"":1228,""y"":324,""t"":798},{""x"":1289,""y"":369,""t"":818},{""x"":1287,""y"":395,""t"":862},{""x"":1282,""y"":417,""t"":890},{""x"":1343,""y"":451,""t"":923},{""x"":1370,""y"":481,""t"":953},{""x"":1333,""y"":510,""t"":1003},{""x"":1299,""y"":533,""t"":1023},{""x"":1337,""y"":555,""t"":1061},{""x"":1368,""y"":572,""t"":1096},{""x"":1376,""y"":612,""t"":1132},{""x"":1381,""y"":644,""t"":1160},{""x"":1378,""y"":652,""t"":1193},{""x"":1348,""y"":686,""t"":1226},{""x"":1321,""y"":712,""t"":1269},{""x"":1239,""y"":688,""t"":1303},{""x"":1170,""y"":666,""t"":1332},{""x"":1173,""y"":635,""t"":1363},{""x"":1177,""y"":607,""t"":1395},{""x"":1144,""y"":617,""t"":1432},{""x"":1184,""y"":622,""t"":1469},{""x"":1220,""y"":627,""t"":1505},{""x"":1237,""y"":638,""t"":1540},{""x"":1251,""y"":647,""t"":1575},{""x"":1205,""y"":670,""t"":1610},{""x"":1166,""y"":690,""t"":1634},{""x"":1116,""y"":713,""t"":1670},{""x"":1059,""y"":724,""t"":1709},{""x"":1012,""y"":732,""t"":1740},{""x"":965,""y"":741,""t"":1773},{""x"":928,""y"":748,""t"":1804},{""x"":909,""y"":751,""t"":1850},{""x"":887,""y"":756,""t"":1872},{""x"":877,""y"":737,""t"":1915},{""x"":802,""y"":684,""t"":1965}]","[{""x"":250,""y"":425,""width"":80,""height"":80,""top"":385,""right"":290,""bottom"":465,""left"":210},{""x"":400,""y"":165.1923788646684,""width"":80,""height"":80,""top"":125.1923788646684,""right"":440,""bottom"":205.1923788646684,""left"":360},{""x"":700,""y"":165.1923788646684,""width"":80,""height"":80,""top"":125.1923788646684,""right"":740,""bottom"":205.1923788646684,""left"":660},{""x"":850,""y"":425,""width"":80,""height"":80,""top"":385,""right"":890,""bottom"":465,""left"":810},{""x"":700,""y"":684.8076211353316,""width"":80,""height"":80,""top"":644.8076211353316,""right"":740,""bottom"":724.8076211353316,""left"":660},{""x"":400,""y"":684.8076211353316,""width"":80,""height"":80,""top"":644.8076211353316,""right"":440,""bottom"":724.8076211353316,""left"":360}]","{""#container"":{""x"":266.42919921875,""y"":48.58407211303711,""width"":1099.9910888671875,""height"":849.9955444335938,""top"":48.58407211303711,""right"":1366.4202880859375,""bottom"":898.5796165466309,""left"":266.42919921875}}","[{'green': 0}, {'yellow': 0}, {'blue': 5}, {'cyan': 3}, {'purple': 14}, {'red': 1}]",{'cyan_1': 3},purple
551,,,,1036.0,9.0,9.0,"[""yellow"",""red"",""green"",""purple"",""blue"",""cyan""]",green_1,True,"[{""x"":756,""y"":643,""t"":1},{""x"":742,""y"":646,""t"":39},{""x"":761,""y"":629,""t"":72},{""x"":723,""y"":596,""t"":105},{""x"":743,""y"":597,""t"":137},{""x"":766,""y"":587,""t"":172},{""x"":788,""y"":579,""t"":206},{""x"":767,""y"":560,""t"":241},{""x"":760,""y"":571,""t"":275},{""x"":796,""y"":537,""t"":309},{""x"":884,""y"":531,""t"":345},{""x"":918,""y"":515,""t"":376},{""x"":963,""y"":444,""t"":418},{""x"":1000,""y"":385,""t"":449},{""x"":1037,""y"":353,""t"":479},{""x"":1065,""y"":329,""t"":514},{""x"":1086,""y"":294,""t"":552},{""x"":1107,""y"":277,""t"":587},{""x"":1122,""y"":266,""t"":624},{""x"":1121,""y"":252,""t"":659},{""x"":1096,""y"":248,""t"":691},{""x"":1127,""y"":361,""t"":722},{""x"":1146,""y"":441,""t"":753},{""x"":1263,""y"":632,""t"":785},{""x"":1268,""y"":800,""t"":818},{""x"":1253,""y"":919,""t"":856},{""x"":1241,""y"":917,""t"":887},{""x"":1230,""y"":906,""t"":919},{""x"":1199,""y"":904,""t"":967},{""x"":1171,""y"":898,""t"":996},{""x"":1119,""y"":829,""t"":1026},{""x"":1111,""y"":755,""t"":1059},{""x"":1102,""y"":689,""t"":1089},{""x"":1119,""y"":627,""t"":1139},{""x"":1134,""y"":576,""t"":1157},{""x"":1167,""y"":578,""t"":1202},{""x"":1196,""y"":581,""t"":1233},{""x"":1231,""y"":577,""t"":1266},{""x"":1261,""y"":575,""t"":1296},{""x"":1310,""y"":554,""t"":1329},{""x"":1309,""y"":565,""t"":1366},{""x"":1313,""y"":573,""t"":1403},{""x"":1300,""y"":614,""t"":1437},{""x"":1302,""y"":653,""t"":1466},{""x"":1312,""y"":665,""t"":1499},{""x"":1328,""y"":655,""t"":1534},{""x"":1382,""y"":648,""t"":1566},{""x"":1398,""y"":640,""t"":1600},{""x"":1345,""y"":605,""t"":1639},{""x"":1341,""y"":603,""t"":1670},{""x"":1320,""y"":606,""t"":1701},{""x"":1308,""y"":595,""t"":1738},{""x"":1285,""y"":591,""t"":1770},{""x"":1161,""y"":597,""t"":1804},{""x"":1085,""y"":640,""t"":1848},{""x"":1027,""y"":653,""t"":1874},{""x"":1000,""y"":675,""t"":1907},{""x"":949,""y"":699,""t"":1955},{""x"":922,""y"":721,""t"":1976}]","[{""x"":250,""y"":425,""width"":80,""height"":80,""top"":385,""right"":290,""bottom"":465,""left"":210},{""x"":400,""y"":165.1923788646684,""width"":80,""height"":80,""top"":125.1923788646684,""right"":440,""bottom"":205.1923788646684,""left"":360},{""x"":700,""y"":165.1923788646684,""width"":80,""height"":80,""top"":125.1923788646684,""right"":740,""bottom"":205.1923788646684,""left"":660},{""x"":850,""y"":425,""width"":80,""height"":80,""top"":385,""right"":890,""bottom"":465,""left"":810},{""x"":700,""y"":684.8076211353316,""width"":80,""height"":80,""top"":644.8076211353316,""right"":740,""bottom"":724.8076211353316,""left"":660},{""x"":400,""y"":684.8076211353316,""width"":80,""height"":80,""top"":644.8076211353316,""right"":440,""bottom"":724.8076211353316,""left"":360}]","{""#container"":{""x"":266.42919921875,""y"":48.58407211303711,""width"":1099.9910888671875,""height"":849.9955444335938,""top"":48.58407211303711,""right"":1366.4202880859375,""bottom"":898.5796165466309,""left"":266.42919921875}}","[{'yellow': 0}, {'red': 0}, {'green': 2}, {'purple': 8}, {'blue': 6}, {'cyan': 4}]",{'green_1': 2},purple
552,,,,1042.0,4.0,9.0,"[""red"",""cyan"",""green"",""purple"",""yellow"",""blue""]",green,False,"[{""x"":899,""y"":718,""t"":2},{""x"":845,""y"":676,""t"":53},{""x"":777,""y"":633,""t"":83},{""x"":749,""y"":603,""t"":114},{""x"":779,""y"":644,""t"":149},{""x"":783,""y"":603,""t"":183},{""x"":776,""y"":575,""t"":211},{""x"":786,""y"":546,""t"":240},{""x"":775,""y"":529,""t"":274},{""x"":774,""y"":484,""t"":308},{""x"":775,""y"":448,""t"":352},{""x"":812,""y"":411,""t"":384},{""x"":845,""y"":383,""t"":413},{""x"":851,""y"":366,""t"":444},{""x"":855,""y"":354,""t"":477},{""x"":880,""y"":333,""t"":513},{""x"":914,""y"":319,""t"":547},{""x"":941,""y"":309,""t"":583},{""x"":948,""y"":327,""t"":615},{""x"":977,""y"":339,""t"":651},{""x"":1067,""y"":375,""t"":684},{""x"":1141,""y"":407,""t"":717},{""x"":1176,""y"":425,""t"":752},{""x"":1212,""y"":475,""t"":785},{""x"":1240,""y"":516,""t"":823},{""x"":1220,""y"":544,""t"":859},{""x"":1215,""y"":575,""t"":890},{""x"":1216,""y"":591,""t"":923},{""x"":1214,""y"":603,""t"":955},{""x"":1212,""y"":600,""t"":990},{""x"":1223,""y"":614,""t"":1024},{""x"":1214,""y"":643,""t"":1067},{""x"":1203,""y"":664,""t"":1091},{""x"":1124,""y"":684,""t"":1138},{""x"":1093,""y"":710,""t"":1159},{""x"":1067,""y"":730,""t"":1194},{""x"":1065,""y"":717,""t"":1228},{""x"":1058,""y"":702,""t"":1262},{""x"":1029,""y"":691,""t"":1294},{""x"":968,""y"":705,""t"":1341},{""x"":918,""y"":716,""t"":1370},{""x"":899,""y"":701,""t"":1403},{""x"":886,""y"":687,""t"":1433},{""x"":817,""y"":656,""t"":1468},{""x"":762,""y"":630,""t"":1498},{""x"":737,""y"":625,""t"":1532},{""x"":736,""y"":612,""t"":1577},{""x"":730,""y"":593,""t"":1611},{""x"":768,""y"":585,""t"":1646},{""x"":792,""y"":593,""t"":1670},{""x"":787,""y"":625,""t"":1708},{""x"":761,""y"":626,""t"":1741},{""x"":712,""y"":562,""t"":1775},{""x"":660,""y"":496,""t"":1804},{""x"":618,""y"":441,""t"":1839},{""x"":621,""y"":398,""t"":1872},{""x"":620,""y"":384,""t"":1917},{""x"":600,""y"":361,""t"":1940},{""x"":585,""y"":345,""t"":1979}]","[{""x"":250,""y"":425,""width"":80,""height"":80,""top"":385,""right"":290,""bottom"":465,""left"":210},{""x"":400,""y"":165.1923788646684,""width"":80,""height"":80,""top"":125.1923788646684,""right"":440,""bottom"":205.1923788646684,""left"":360},{""x"":700,""y"":165.1923788646684,""width"":80,""height"":80,""top"":125.1923788646684,""right"":740,""bottom"":205.1923788646684,""left"":660},{""x"":850,""y"":425,""width"":80,""height"":80,""top"":385,""right"":890,""bottom"":465,""left"":810},{""x"":700,""y"":684.8076211353316,""width"":80,""height"":80,""top"":644.8076211353316,""right"":740,""bottom"":724.8076211353316,""left"":660},{""x"":400,""y"":684.8076211353316,""width"":80,""height"":80,""top"":644.8076211353316,""right"":440,""bottom"":724.8076211353316,""left"":360}]","{""#container"":{""x"":266.42919921875,""y"":48.58407211303711,""width"":1099.9910888671875,""height"":849.9955444335938,""top"":48.58407211303711,""right"":1366.4202880859375,""bottom"":898.5796165466309,""left"":266.42919921875}}","[{'red': 6}, {'cyan': 0}, {'green': 5}, {'purple': 7}, {'yellow': 11}, {'blue': 6}]",{'green': 5},yellow
553,,,,1080.0,6.0,6.0,"[""green"",""purple"",""yellow"",""red"",""blue"",""cyan""]",red_1,True,"[{""x"":736,""y"":377,""t"":2},{""x"":899,""y"":382,""t"":47},{""x"":1015,""y"":408,""t"":79},{""x"":1115,""y"":422,""t"":106},{""x"":1221,""y"":440,""t"":138},{""x"":1307,""y"":469,""t"":171},{""x"":1393,""y"":507,""t"":206},{""x"":1452,""y"":533,""t"":240},{""x"":1511,""y"":535,""t"":275},{""x"":1519,""y"":537,""t"":313},{""x"":1493,""y"":545,""t"":343},{""x"":1513,""y"":513,""t"":377},{""x"":1526,""y"":484,""t"":414},{""x"":1489,""y"":469,""t"":447},{""x"":1489,""y"":447,""t"":477},{""x"":1466,""y"":429,""t"":531},{""x"":1443,""y"":416,""t"":550},{""x"":1445,""y"":414,""t"":580},{""x"":1459,""y"":396,""t"":619},{""x"":1471,""y"":382,""t"":649},{""x"":1492,""y"":373,""t"":683},{""x"":1578,""y"":399,""t"":729},{""x"":1574,""y"":418,""t"":750},{""x"":1595,""y"":429,""t"":794},{""x"":1610,""y"":438,""t"":822},{""x"":1620,""y"":446,""t"":851},{""x"":1630,""y"":470,""t"":888},{""x"":1609,""y"":501,""t"":920},{""x"":1571,""y"":499,""t"":966},{""x"":1523,""y"":496,""t"":995},{""x"":1502,""y"":485,""t"":1024},{""x"":1528,""y"":504,""t"":1057},{""x"":1513,""y"":512,""t"":1089},{""x"":1471,""y"":517,""t"":1138},{""x"":1457,""y"":526,""t"":1157},{""x"":1421,""y"":548,""t"":1202},{""x"":1418,""y"":578,""t"":1234},{""x"":1406,""y"":631,""t"":1263},{""x"":1409,""y"":649,""t"":1297},{""x"":1402,""y"":687,""t"":1328},{""x"":1413,""y"":701,""t"":1376},{""x"":1384,""y"":718,""t"":1396},{""x"":1352,""y"":736,""t"":1440},{""x"":1292,""y"":743,""t"":1470},{""x"":1243,""y"":746,""t"":1498},{""x"":1244,""y"":754,""t"":1533},{""x"":1222,""y"":696,""t"":1580},{""x"":1196,""y"":654,""t"":1601},{""x"":1177,""y"":619,""t"":1633},{""x"":1174,""y"":638,""t"":1674},{""x"":1163,""y"":651,""t"":1705},{""x"":1153,""y"":629,""t"":1735},{""x"":1120,""y"":613,""t"":1784},{""x"":1084,""y"":601,""t"":1810},{""x"":1094,""y"":572,""t"":1843},{""x"":1085,""y"":551,""t"":1876},{""x"":1077,""y"":518,""t"":1908},{""x"":1089,""y"":502,""t"":1952},{""x"":1101,""y"":490,""t"":1974}]","[{""x"":250,""y"":425,""width"":80,""height"":80,""top"":385,""right"":290,""bottom"":465,""left"":210},{""x"":400,""y"":165.1923788646684,""width"":80,""height"":80,""top"":125.1923788646684,""right"":440,""bottom"":205.1923788646684,""left"":360},{""x"":700,""y"":165.1923788646684,""width"":80,""height"":80,""top"":125.1923788646684,""right"":740,""bottom"":205.1923788646684,""left"":660},{""x"":850,""y"":425,""width"":80,""height"":80,""top"":385,""right"":890,""bottom"":465,""left"":810},{""x"":700,""y"":684.8076211353316,""width"":80,""height"":80,""top"":644.8076211353316,""right"":740,""bottom"":724.8076211353316,""left"":660},{""x"":400,""y"":684.8076211353316,""width"":80,""height"":80,""top"":644.8076211353316,""right"":440,""bottom"":724.8076211353316,""left"":360}]","{""#container"":{""x"":266.42919921875,""y"":48.58407211303711,""width"":1099.9910888671875,""height"":849.9955444335938,""top"":48.58407211303711,""right"":1366.4202880859375,""bottom"":898.5796165466309,""left"":266.42919921875}}","[{'green': 0}, {'purple': 0}, {'yellow': 0}, {'red': 10}, {'blue': 0}, {'cyan': 0}]",{'red_1': 10},red_1
554,,,,1075.0,7.0,7.0,"[""green"",""yellow"",""red"",""blue"",""cyan"",""purple""]",yellow,True,"[{""x"":1126,""y"":497,""t"":1},{""x"":1187,""y"":457,""t"":43},{""x"":1270,""y"":445,""t"":71},{""x"":1320,""y"":389,""t"":105},{""x"":1364,""y"":345,""t"":140},{""x"":1380,""y"":352,""t"":174},{""x"":1390,""y"":361,""t"":206},{""x"":1381,""y"":348,""t"":248},{""x"":1405,""y"":359,""t"":285},{""x"":1391,""y"":349,""t"":318},{""x"":1428,""y"":351,""t"":344},{""x"":1458,""y"":354,""t"":377},{""x"":1464,""y"":346,""t"":409},{""x"":1467,""y"":339,""t"":449},{""x"":1477,""y"":332,""t"":482},{""x"":1483,""y"":326,""t"":511},{""x"":1467,""y"":333,""t"":560},{""x"":1451,""y"":340,""t"":579},{""x"":1426,""y"":345,""t"":623},{""x"":1387,""y"":339,""t"":651},{""x"":1387,""y"":339,""t"":681},{""x"":1332,""y"":385,""t"":718},{""x"":1312,""y"":413,""t"":749},{""x"":1313,""y"":428,""t"":797},{""x"":1256,""y"":439,""t"":825},{""x"":1248,""y"":423,""t"":853},{""x"":1253,""y"":419,""t"":892},{""x"":1246,""y"":406,""t"":929},{""x"":1242,""y"":395,""t"":955},{""x"":1240,""y"":386,""t"":991},{""x"":1279,""y"":398,""t"":1025},{""x"":1314,""y"":408,""t"":1055},{""x"":1300,""y"":460,""t"":1097},{""x"":1345,""y"":473,""t"":1130},{""x"":1383,""y"":483,""t"":1160},{""x"":1378,""y"":510,""t"":1192},{""x"":1379,""y"":514,""t"":1236},{""x"":1398,""y"":509,""t"":1267},{""x"":1413,""y"":504,""t"":1296},{""x"":1451,""y"":512,""t"":1328},{""x"":1438,""y"":548,""t"":1377},{""x"":1424,""y"":577,""t"":1400},{""x"":1403,""y"":556,""t"":1441},{""x"":1385,""y"":537,""t"":1464},{""x"":1356,""y"":602,""t"":1509},{""x"":1332,""y"":656,""t"":1533},{""x"":1292,""y"":702,""t"":1569},{""x"":1272,""y"":694,""t"":1599},{""x"":1247,""y"":678,""t"":1634},{""x"":1231,""y"":669,""t"":1668},{""x"":1213,""y"":697,""t"":1707},{""x"":1200,""y"":720,""t"":1736},{""x"":1190,""y"":739,""t"":1776},{""x"":1168,""y"":687,""t"":1815},{""x"":1128,""y"":695,""t"":1851},{""x"":1097,""y"":701,""t"":1871},{""x"":1065,""y"":703,""t"":1906},{""x"":1034,""y"":703,""t"":1941},{""x"":1002,""y"":723,""t"":1975}]","[{""x"":250,""y"":425,""width"":80,""height"":80,""top"":385,""right"":290,""bottom"":465,""left"":210},{""x"":400,""y"":165.1923788646684,""width"":80,""height"":80,""top"":125.1923788646684,""right"":440,""bottom"":205.1923788646684,""left"":360},{""x"":700,""y"":165.1923788646684,""width"":80,""height"":80,""top"":125.1923788646684,""right"":740,""bottom"":205.1923788646684,""left"":660},{""x"":850,""y"":425,""width"":80,""height"":80,""top"":385,""right"":890,""bottom"":465,""left"":810},{""x"":700,""y"":684.8076211353316,""width"":80,""height"":80,""top"":644.8076211353316,""right"":740,""bottom"":724.8076211353316,""left"":660},{""x"":400,""y"":684.8076211353316,""width"":80,""height"":80,""top"":644.8076211353316,""right"":440,""bottom"":724.8076211353316,""left"":360}]","{""#container"":{""x"":266.42919921875,""y"":48.58407211303711,""width"":1099.9910888671875,""height"":849.9955444335938,""top"":48.58407211303711,""right"":1366.4202880859375,""bottom"":898.5796165466309,""left"":266.42919921875}}","[{'green': 0}, {'yellow': 0}, {'red': 0}, {'blue': 7}, {'cyan': 4}, {'purple': 0}]",,blue
555,,,,1070.0,7.0,7.0,"[""red"",""cyan"",""yellow"",""purple"",""green"",""blue""]",cyan_1,True,"[{""x"":1030,""y"":661,""t"":2},{""x"":1077,""y"":599,""t"":42},{""x"":1119,""y"":546,""t"":76},{""x"":1118,""y"":510,""t"":113},{""x"":1141,""y"":453,""t"":150},{""x"":1183,""y"":405,""t"":171},{""x"":1205,""y"":351,""t"":208},{""x"":1222,""y"":308,""t"":244},{""x"":1263,""y"":296,""t"":298},{""x"":1289,""y"":267,""t"":314},{""x"":1329,""y"":285,""t"":346},{""x"":1353,""y"":305,""t"":377},{""x"":1358,""y"":273,""t"":409},{""x"":1373,""y"":277,""t"":447},{""x"":1383,""y"":283,""t"":478},{""x"":1421,""y"":298,""t"":512},{""x"":1461,""y"":313,""t"":556},{""x"":1413,""y"":346,""t"":586},{""x"":1369,""y"":375,""t"":616},{""x"":1353,""y"":391,""t"":648},{""x"":1339,""y"":405,""t"":682},{""x"":1332,""y"":383,""t"":731},{""x"":1325,""y"":363,""t"":752},{""x"":1320,""y"":345,""t"":783},{""x"":1338,""y"":338,""t"":825},{""x"":1354,""y"":333,""t"":852},{""x"":1375,""y"":454,""t"":887},{""x"":1445,""y"":597,""t"":934},{""x"":1511,""y"":738,""t"":958},{""x"":1466,""y"":799,""t"":998},{""x"":1432,""y"":833,""t"":1032},{""x"":1392,""y"":838,""t"":1067},{""x"":1358,""y"":837,""t"":1098},{""x"":1306,""y"":801,""t"":1126},{""x"":1263,""y"":766,""t"":1157},{""x"":1235,""y"":749,""t"":1201},{""x"":1199,""y"":703,""t"":1234},{""x"":1173,""y"":671,""t"":1265},{""x"":1129,""y"":661,""t"":1296},{""x"":1094,""y"":653,""t"":1327},{""x"":1086,""y"":649,""t"":1373},{""x"":1082,""y"":646,""t"":1400},{""x"":1027,""y"":634,""t"":1430},{""x"":983,""y"":625,""t"":1467},{""x"":983,""y"":618,""t"":1498},{""x"":987,""y"":613,""t"":1531},{""x"":956,""y"":613,""t"":1572},{""x"":953,""y"":628,""t"":1606},{""x"":953,""y"":642,""t"":1640},{""x"":904,""y"":665,""t"":1668},{""x"":864,""y"":685,""t"":1705},{""x"":847,""y"":708,""t"":1736},{""x"":825,""y"":727,""t"":1786},{""x"":808,""y"":741,""t"":1806},{""x"":808,""y"":746,""t"":1843},{""x"":810,""y"":749,""t"":1880},{""x"":840,""y"":698,""t"":1916},{""x"":868,""y"":654,""t"":1948},{""x"":887,""y"":672,""t"":1980}]","[{""x"":250,""y"":425,""width"":80,""height"":80,""top"":385,""right"":290,""bottom"":465,""left"":210},{""x"":400,""y"":165.1923788646684,""width"":80,""height"":80,""top"":125.1923788646684,""right"":440,""bottom"":205.1923788646684,""left"":360},{""x"":700,""y"":165.1923788646684,""width"":80,""height"":80,""top"":125.1923788646684,""right"":740,""bottom"":205.1923788646684,""left"":660},{""x"":850,""y"":425,""width"":80,""height"":80,""top"":385,""right"":890,""bottom"":465,""left"":810},{""x"":700,""y"":684.8076211353316,""width"":80,""height"":80,""top"":644.8076211353316,""right"":740,""bottom"":724.8076211353316,""left"":660},{""x"":400,""y"":684.8076211353316,""width"":80,""height"":80,""top"":644.8076211353316,""right"":440,""bottom"":724.8076211353316,""left"":360}]","{""#container"":{""x"":266.42919921875,""y"":48.58407211303711,""width"":1099.9910888671875,""height"":849.9955444335938,""top"":48.58407211303711,""right"":1366.4202880859375,""bottom"":898.5796165466309,""left"":266.42919921875}}","[{'red': 0}, {'cyan': 0}, {'yellow': 0}, {'purple': 5}, {'green': 17}, {'blue': 3}]",,green
556,,,,763.0,9.0,9.0,"[""green"",""yellow"",""cyan"",""purple"",""blue"",""red""]",cyan,True,"[{""x"":918,""y"":624,""t"":1},{""x"":1015,""y"":606,""t"":54},{""x"":1100,""y"":585,""t"":86},{""x"":1170,""y"":568,""t"":116},{""x"":1280,""y"":516,""t"":148},{""x"":1383,""y"":501,""t"":177},{""x"":1452,""y"":463,""t"":206},{""x"":1466,""y"":392,""t"":241},{""x"":1449,""y"":371,""t"":273},{""x"":1383,""y"":346,""t"":320},{""x"":1369,""y"":364,""t"":350},{""x"":1337,""y"":369,""t"":376},{""x"":1287,""y"":393,""t"":416},{""x"":1243,""y"":415,""t"":444},{""x"":1234,""y"":391,""t"":478},{""x"":1252,""y"":364,""t"":525},{""x"":1296,""y"":366,""t"":550},{""x"":1308,""y"":357,""t"":588},{""x"":1340,""y"":386,""t"":623},{""x"":1335,""y"":402,""t"":649},{""x"":1348,""y"":415,""t"":686},{""x"":1356,""y"":428,""t"":725},{""x"":1361,""y"":448,""t"":762},{""x"":1364,""y"":466,""t"":794},{""x"":1350,""y"":463,""t"":823},{""x"":1338,""y"":460,""t"":855},{""x"":1360,""y"":470,""t"":885},{""x"":1436,""y"":476,""t"":935},{""x"":1501,""y"":480,""t"":955},{""x"":1554,""y"":483,""t"":987},{""x"":1624,""y"":517,""t"":1028},{""x"":1561,""y"":523,""t"":1059},{""x"":1506,""y"":524,""t"":1089},{""x"":1452,""y"":572,""t"":1138},{""x"":1414,""y"":591,""t"":1161},{""x"":1370,""y"":563,""t"":1196},{""x"":1353,""y"":548,""t"":1228},{""x"":1352,""y"":529,""t"":1264},{""x"":1353,""y"":511,""t"":1293},{""x"":1375,""y"":534,""t"":1330},{""x"":1311,""y"":575,""t"":1366},{""x"":1270,""y"":591,""t"":1402},{""x"":1279,""y"":617,""t"":1441},{""x"":1288,""y"":638,""t"":1470},{""x"":1287,""y"":675,""t"":1506},{""x"":1222,""y"":683,""t"":1539},{""x"":1168,""y"":687,""t"":1574},{""x"":1143,""y"":710,""t"":1609},{""x"":1149,""y"":721,""t"":1643},{""x"":1130,""y"":723,""t"":1680},{""x"":1117,""y"":723,""t"":1704},{""x"":1111,""y"":716,""t"":1753},{""x"":1108,""y"":710,""t"":1779},{""x"":1108,""y"":703,""t"":1811},{""x"":1091,""y"":696,""t"":1847},{""x"":1079,""y"":690,""t"":1877},{""x"":1013,""y"":689,""t"":1911},{""x"":983,""y"":667,""t"":1939}]","[{""x"":250,""y"":425,""width"":80,""height"":80,""top"":385,""right"":290,""bottom"":465,""left"":210},{""x"":400,""y"":165.1923788646684,""width"":80,""height"":80,""top"":125.1923788646684,""right"":440,""bottom"":205.1923788646684,""left"":360},{""x"":700,""y"":165.1923788646684,""width"":80,""height"":80,""top"":125.1923788646684,""right"":740,""bottom"":205.1923788646684,""left"":660},{""x"":850,""y"":425,""width"":80,""height"":80,""top"":385,""right"":890,""bottom"":465,""left"":810},{""x"":700,""y"":684.8076211353316,""width"":80,""height"":80,""top"":644.8076211353316,""right"":740,""bottom"":724.8076211353316,""left"":660},{""x"":400,""y"":684.8076211353316,""width"":80,""height"":80,""top"":644.8076211353316,""right"":440,""bottom"":724.8076211353316,""left"":360}]","{""#container"":{""x"":266.42919921875,""y"":48.58407211303711,""width"":1099.9910888671875,""height"":849.9955444335938,""top"":48.58407211303711,""right"":1366.4202880859375,""bottom"":898.5796165466309,""left"":266.42919921875}}","[{'green': 0}, {'yellow': 0}, {'cyan': 0}, {'purple': 4}, {'blue': 9}, {'red': 0}]",,blue
557,,,,718.0,9.0,9.0,"[""green"",""cyan"",""yellow"",""red"",""blue"",""purple""]",yellow,True,"[{""x"":1030,""y"":624,""t"":3},{""x"":1093,""y"":603,""t"":44},{""x"":1155,""y"":577,""t"":78},{""x"":1146,""y"":587,""t"":110},{""x"":1146,""y"":592,""t"":141},{""x"":1145,""y"":597,""t"":178},{""x"":1108,""y"":591,""t"":216},{""x"":1084,""y"":578,""t"":239},{""x"":1062,""y"":583,""t"":276},{""x"":1070,""y"":557,""t"":336},{""x"":1064,""y"":528,""t"":350},{""x"":1109,""y"":468,""t"":385},{""x"":1148,""y"":419,""t"":413},{""x"":1165,""y"":403,""t"":445},{""x"":1203,""y"":388,""t"":490},{""x"":1234,""y"":378,""t"":512},{""x"":1259,""y"":371,""t"":554},{""x"":1291,""y"":345,""t"":584},{""x"":1265,""y"":362,""t"":615},{""x"":1241,""y"":379,""t"":648},{""x"":1285,""y"":375,""t"":696},{""x"":1321,""y"":372,""t"":725},{""x"":1336,""y"":361,""t"":756},{""x"":1347,""y"":353,""t"":785},{""x"":1371,""y"":368,""t"":818},{""x"":1370,""y"":353,""t"":854},{""x"":1381,""y"":360,""t"":885},{""x"":1382,""y"":375,""t"":932},{""x"":1409,""y"":378,""t"":955},{""x"":1419,""y"":383,""t"":989},{""x"":1426,""y"":387,""t"":1025},{""x"":1407,""y"":406,""t"":1057},{""x"":1383,""y"":431,""t"":1105},{""x"":1362,""y"":451,""t"":1132},{""x"":1389,""y"":492,""t"":1166},{""x"":1383,""y"":535,""t"":1193},{""x"":1383,""y"":554,""t"":1228},{""x"":1382,""y"":568,""t"":1259},{""x"":1372,""y"":611,""t"":1296},{""x"":1340,""y"":641,""t"":1328},{""x"":1326,""y"":675,""t"":1375},{""x"":1272,""y"":695,""t"":1396},{""x"":1227,""y"":708,""t"":1439},{""x"":1242,""y"":722,""t"":1471},{""x"":1257,""y"":731,""t"":1498},{""x"":1227,""y"":742,""t"":1533},{""x"":1203,""y"":749,""t"":1566},{""x"":1175,""y"":763,""t"":1600},{""x"":1164,""y"":758,""t"":1640},{""x"":1156,""y"":761,""t"":1677},{""x"":1135,""y"":771,""t"":1711},{""x"":1119,""y"":778,""t"":1741},{""x"":1110,""y"":777,""t"":1773},{""x"":1109,""y"":790,""t"":1803},{""x"":1113,""y"":768,""t"":1850},{""x"":1079,""y"":743,""t"":1876},{""x"":1051,""y"":702,""t"":1913},{""x"":1046,""y"":656,""t"":1952},{""x"":1027,""y"":630,""t"":1977}]","[{""x"":250,""y"":425,""width"":80,""height"":80,""top"":385,""right"":290,""bottom"":465,""left"":210},{""x"":400,""y"":165.1923788646684,""width"":80,""height"":80,""top"":125.1923788646684,""right"":440,""bottom"":205.1923788646684,""left"":360},{""x"":700,""y"":165.1923788646684,""width"":80,""height"":80,""top"":125.1923788646684,""right"":740,""bottom"":205.1923788646684,""left"":660},{""x"":850,""y"":425,""width"":80,""height"":80,""top"":385,""right"":890,""bottom"":465,""left"":810},{""x"":700,""y"":684.8076211353316,""width"":80,""height"":80,""top"":644.8076211353316,""right"":740,""bottom"":724.8076211353316,""left"":660},{""x"":400,""y"":684.8076211353316,""width"":80,""height"":80,""top"":644.8076211353316,""right"":440,""bottom"":724.8076211353316,""left"":360}]","{""#container"":{""x"":266.42919921875,""y"":48.58407211303711,""width"":1099.9910888671875,""height"":849.9955444335938,""top"":48.58407211303711,""right"":1366.4202880859375,""bottom"":898.5796165466309,""left"":266.42919921875}}","[{'green': 0}, {'cyan': 0}, {'yellow': 0}, {'red': 14}, {'blue': 5}, {'purple': 0}]",,red
558,黎钰,22.0,女,,,,,,,,,,,,
559,,,,954.0,3.0,3.0,"[""blue"",""cyan"",""green"",""red"",""yellow"",""purple""]",yellow,True,"[{""x"":947,""y"":617,""t"":3},{""x"":932,""y"":703,""t"":37},{""x"":958,""y"":754,""t"":74},{""x"":961,""y"":774,""t"":107},{""x"":962,""y"":773,""t"":141},{""x"":976,""y"":766,""t"":181},{""x"":961,""y"":764,""t"":207},{""x"":976,""y"":744,""t"":242},{""x"":963,""y"":779,""t"":277},{""x"":966,""y"":772,""t"":309},{""x"":951,""y"":773,""t"":344},{""x"":943,""y"":761,""t"":391},{""x"":963,""y"":777,""t"":414},{""x"":961,""y"":836,""t"":445},{""x"":912,""y"":993,""t"":485},{""x"":876,""y"":1125,""t"":512},{""x"":816,""y"":1252,""t"":548},{""x"":803,""y"":1284,""t"":581},{""x"":810,""y"":1240,""t"":626},{""x"":831,""y"":1185,""t"":654},{""x"":854,""y"":1129,""t"":684},{""x"":874,""y"":1034,""t"":722},{""x"":893,""y"":956,""t"":753},{""x"":907,""y"":888,""t"":800},{""x"":905,""y"":845,""t"":824},{""x"":909,""y"":794,""t"":855},{""x"":910,""y"":735,""t"":895},{""x"":904,""y"":672,""t"":922},{""x"":900,""y"":669,""t"":971},{""x"":902,""y"":643,""t"":995},{""x"":920,""y"":597,""t"":1025},{""x"":912,""y"":622,""t"":1065},{""x"":906,""y"":623,""t"":1092},{""x"":954,""y"":624,""t"":1128},{""x"":1006,""y"":605,""t"":1160},{""x"":1028,""y"":597,""t"":1204},{""x"":1055,""y"":596,""t"":1228},{""x"":1073,""y"":581,""t"":1267},{""x"":1088,""y"":588,""t"":1296},{""x"":1131,""y"":565,""t"":1330},{""x"":1150,""y"":549,""t"":1375},{""x"":1146,""y"":530,""t"":1399},{""x"":1092,""y"":518,""t"":1438},{""x"":1055,""y"":494,""t"":1465},{""x"":1005,""y"":480,""t"":1502},{""x"":993,""y"":472,""t"":1534},{""x"":1012,""y"":480,""t"":1573},{""x"":1032,""y"":506,""t"":1600},{""x"":1072,""y"":552,""t"":1637},{""x"":1113,""y"":586,""t"":1668},{""x"":1157,""y"":605,""t"":1707},{""x"":1189,""y"":619,""t"":1739},{""x"":1175,""y"":684,""t"":1781},{""x"":1155,""y"":683,""t"":1804},{""x"":1084,""y"":694,""t"":1844},{""x"":1018,""y"":686,""t"":1874},{""x"":948,""y"":675,""t"":1908},{""x"":900,""y"":672,""t"":1941}]","[{""x"":250,""y"":425,""width"":80,""height"":80,""top"":385,""right"":290,""bottom"":465,""left"":210},{""x"":400,""y"":165.1923788646684,""width"":80,""height"":80,""top"":125.1923788646684,""right"":440,""bottom"":205.1923788646684,""left"":360},{""x"":700,""y"":165.1923788646684,""width"":80,""height"":80,""top"":125.1923788646684,""right"":740,""bottom"":205.1923788646684,""left"":660},{""x"":850,""y"":425,""width"":80,""height"":80,""top"":385,""right"":890,""bottom"":465,""left"":810},{""x"":700,""y"":684.8076211353316,""width"":80,""height"":80,""top"":644.8076211353316,""right"":740,""bottom"":724.8076211353316,""left"":660},{""x"":400,""y"":684.8076211353316,""width"":80,""height"":80,""top"":644.8076211353316,""right"":440,""bottom"":724.8076211353316,""left"":360}]","{""#container"":{""x"":410,""y"":129.390625,""width"":1100,""height"":850,""top"":129.390625,""right"":1510,""bottom"":979.390625,""left"":410}}","[{'blue': 0}, {'cyan': 0}, {'green': 0}, {'red': 5}, {'yellow': 4}, {'purple': 6}]",{'yellow': 4},purple
560,,,,619.0,1.0,1.0,"[""red"",""blue"",""cyan"",""purple"",""green"",""yellow""]",yellow,True,"[{""x"":896,""y"":770,""t"":3},{""x"":916,""y"":814,""t"":37},{""x"":943,""y"":856,""t"":82},{""x"":966,""y"":858,""t"":110},{""x"":973,""y"":845,""t"":140},{""x"":996,""y"":845,""t"":176},{""x"":1012,""y"":826,""t"":208},{""x"":1036,""y"":804,""t"":255},{""x"":1036,""y"":789,""t"":278},{""x"":1053,""y"":788,""t"":310},{""x"":1059,""y"":792,""t"":348},{""x"":1052,""y"":754,""t"":377},{""x"":1057,""y"":744,""t"":426},{""x"":1060,""y"":729,""t"":453},{""x"":1058,""y"":747,""t"":481},{""x"":1018,""y"":911,""t"":520},{""x"":986,""y"":1077,""t"":548},{""x"":947,""y"":1175,""t"":582},{""x"":928,""y"":1144,""t"":622},{""x"":913,""y"":1112,""t"":649},{""x"":872,""y"":1082,""t"":692},{""x"":833,""y"":1050,""t"":719},{""x"":798,""y"":1039,""t"":752},{""x"":762,""y"":996,""t"":786},{""x"":740,""y"":964,""t"":830},{""x"":736,""y"":936,""t"":855},{""x"":730,""y"":882,""t"":888},{""x"":785,""y"":864,""t"":925},{""x"":849,""y"":847,""t"":957},{""x"":920,""y"":841,""t"":990},{""x"":978,""y"":834,""t"":1035},{""x"":1035,""y"":847,""t"":1060},{""x"":1077,""y"":834,""t"":1092},{""x"":1113,""y"":846,""t"":1131},{""x"":1124,""y"":815,""t"":1160},{""x"":1148,""y"":817,""t"":1198},{""x"":1156,""y"":810,""t"":1226},{""x"":1183,""y"":829,""t"":1262},{""x"":1204,""y"":832,""t"":1302},{""x"":1223,""y"":863,""t"":1329},{""x"":1207,""y"":920,""t"":1365},{""x"":1136,""y"":1104,""t"":1398},{""x"":1045,""y"":1275,""t"":1445},{""x"":965,""y"":1407,""t"":1467},{""x"":898,""y"":1508,""t"":1500},{""x"":885,""y"":1542,""t"":1535},{""x"":870,""y"":1501,""t"":1570},{""x"":892,""y"":1455,""t"":1602},{""x"":936,""y"":1369,""t"":1649},{""x"":965,""y"":1268,""t"":1676},{""x"":989,""y"":1183,""t"":1704},{""x"":1011,""y"":1090,""t"":1741},{""x"":1033,""y"":1007,""t"":1772},{""x"":1059,""y"":949,""t"":1820},{""x"":1090,""y"":875,""t"":1847},{""x"":1102,""y"":817,""t"":1874},{""x"":1106,""y"":781,""t"":1915},{""x"":1111,""y"":779,""t"":1943},{""x"":1109,""y"":735,""t"":1979}]","[{""x"":250,""y"":425,""width"":80,""height"":80,""top"":385,""right"":290,""bottom"":465,""left"":210},{""x"":400,""y"":165.1923788646684,""width"":80,""height"":80,""top"":125.1923788646684,""right"":440,""bottom"":205.1923788646684,""left"":360},{""x"":700,""y"":165.1923788646684,""width"":80,""height"":80,""top"":125.1923788646684,""right"":740,""bottom"":205.1923788646684,""left"":660},{""x"":850,""y"":425,""width"":80,""height"":80,""top"":385,""right"":890,""bottom"":465,""left"":810},{""x"":700,""y"":684.8076211353316,""width"":80,""height"":80,""top"":644.8076211353316,""right"":740,""bottom"":724.8076211353316,""left"":660},{""x"":400,""y"":684.8076211353316,""width"":80,""height"":80,""top"":644.8076211353316,""right"":440,""bottom"":724.8076211353316,""left"":360}]","{""#container"":{""x"":410,""y"":129.390625,""width"":1100,""height"":850,""top"":129.390625,""right"":1510,""bottom"":979.390625,""left"":410}}","[{'red': 0}, {'blue': 0}, {'cyan': 0}, {'purple': 0}, {'green': 29}, {'yellow': 8}]",{'yellow': 8},green
562,,,,666.0,3.0,3.0,"[""purple"",""green"",""yellow"",""cyan"",""blue"",""red""]",blue_1,True,"[{""x"":1013,""y"":693,""t"":3},{""x"":995,""y"":663,""t"":38},{""x"":993,""y"":629,""t"":76},{""x"":970,""y"":632,""t"":105},{""x"":972,""y"":657,""t"":154},{""x"":978,""y"":684,""t"":182},{""x"":949,""y"":642,""t"":209},{""x"":943,""y"":645,""t"":242},{""x"":949,""y"":640,""t"":278},{""x"":954,""y"":643,""t"":310},{""x"":959,""y"":625,""t"":356},{""x"":974,""y"":640,""t"":378},{""x"":974,""y"":662,""t"":418},{""x"":992,""y"":679,""t"":446},{""x"":1010,""y"":703,""t"":481},{""x"":994,""y"":673,""t"":526},{""x"":969,""y"":686,""t"":558},{""x"":933,""y"":679,""t"":585},{""x"":902,""y"":676,""t"":616},{""x"":888,""y"":657,""t"":660},{""x"":874,""y"":631,""t"":685},{""x"":866,""y"":630,""t"":718},{""x"":821,""y"":635,""t"":756},{""x"":783,""y"":640,""t"":784},{""x"":744,""y"":640,""t"":822},{""x"":710,""y"":654,""t"":853},{""x"":688,""y"":653,""t"":900},{""x"":677,""y"":661,""t"":927},{""x"":670,""y"":649,""t"":956},{""x"":659,""y"":653,""t"":991},{""x"":646,""y"":648,""t"":1023},{""x"":663,""y"":653,""t"":1059},{""x"":635,""y"":649,""t"":1092},{""x"":627,""y"":645,""t"":1138},{""x"":672,""y"":677,""t"":1161},{""x"":710,""y"":683,""t"":1201},{""x"":742,""y"":688,""t"":1225},{""x"":791,""y"":697,""t"":1262},{""x"":822,""y"":698,""t"":1300},{""x"":847,""y"":699,""t"":1327},{""x"":872,""y"":717,""t"":1364},{""x"":873,""y"":706,""t"":1403},{""x"":878,""y"":711,""t"":1432},{""x"":879,""y"":719,""t"":1466},{""x"":864,""y"":709,""t"":1513},{""x"":868,""y"":705,""t"":1536},{""x"":858,""y"":694,""t"":1568},{""x"":860,""y"":689,""t"":1604},{""x"":861,""y"":686,""t"":1633},{""x"":827,""y"":693,""t"":1670},{""x"":858,""y"":681,""t"":1715},{""x"":908,""y"":655,""t"":1739},{""x"":948,""y"":622,""t"":1772},{""x"":979,""y"":587,""t"":1811},{""x"":1017,""y"":562,""t"":1839},{""x"":1038,""y"":535,""t"":1889},{""x"":1060,""y"":540,""t"":1912},{""x"":1077,""y"":544,""t"":1942},{""x"":1091,""y"":546,""t"":1983}]","[{""x"":250,""y"":425,""width"":80,""height"":80,""top"":385,""right"":290,""bottom"":465,""left"":210},{""x"":400,""y"":165.1923788646684,""width"":80,""height"":80,""top"":125.1923788646684,""right"":440,""bottom"":205.1923788646684,""left"":360},{""x"":700,""y"":165.1923788646684,""width"":80,""height"":80,""top"":125.1923788646684,""right"":740,""bottom"":205.1923788646684,""left"":660},{""x"":850,""y"":425,""width"":80,""height"":80,""top"":385,""right"":890,""bottom"":465,""left"":810},{""x"":700,""y"":684.8076211353316,""width"":80,""height"":80,""top"":644.8076211353316,""right"":740,""bottom"":724.8076211353316,""left"":660},{""x"":400,""y"":684.8076211353316,""width"":80,""height"":80,""top"":644.8076211353316,""right"":440,""bottom"":724.8076211353316,""left"":360}]","{""#container"":{""x"":410,""y"":129.390625,""width"":1100,""height"":850,""top"":129.390625,""right"":1510,""bottom"":979.390625,""left"":410}}","[{'purple': 13}, {'green': 0}, {'yellow': 0}, {'cyan': 0}, {'blue': 1}, {'red': 15}]",{'blue_1': 1},red
563,,,,683.0,6.0,6.0,"[""yellow"",""cyan"",""red"",""blue"",""green"",""purple""]",blue_1,True,"[{""x"":1081,""y"":605,""t"":3},{""x"":1072,""y"":619,""t"":38},{""x"":1064,""y"":656,""t"":76},{""x"":1050,""y"":671,""t"":106},{""x"":1041,""y"":696,""t"":154},{""x"":1030,""y"":698,""t"":177},{""x"":1019,""y"":700,""t"":208},{""x"":1015,""y"":712,""t"":249},{""x"":1010,""y"":712,""t"":276},{""x"":1010,""y"":682,""t"":311},{""x"":995,""y"":666,""t"":343},{""x"":980,""y"":645,""t"":381},{""x"":968,""y"":627,""t"":410},{""x"":946,""y"":627,""t"":455},{""x"":915,""y"":631,""t"":482},{""x"":898,""y"":624,""t"":514},{""x"":880,""y"":639,""t"":557},{""x"":874,""y"":648,""t"":579},{""x"":837,""y"":882,""t"":621},{""x"":813,""y"":1088,""t"":647},{""x"":787,""y"":1238,""t"":685},{""x"":778,""y"":1360,""t"":715},{""x"":764,""y"":1419,""t"":754},{""x"":777,""y"":1329,""t"":787},{""x"":794,""y"":1246,""t"":832},{""x"":815,""y"":1155,""t"":857},{""x"":832,""y"":1074,""t"":887},{""x"":833,""y"":1001,""t"":924},{""x"":834,""y"":938,""t"":955},{""x"":814,""y"":876,""t"":989},{""x"":828,""y"":802,""t"":1033},{""x"":888,""y"":766,""t"":1057},{""x"":928,""y"":732,""t"":1096},{""x"":972,""y"":708,""t"":1126},{""x"":1011,""y"":679,""t"":1159},{""x"":1042,""y"":664,""t"":1207},{""x"":1077,""y"":624,""t"":1234},{""x"":1112,""y"":594,""t"":1261},{""x"":1120,""y"":560,""t"":1301},{""x"":1128,""y"":549,""t"":1330},{""x"":1136,""y"":528,""t"":1364},{""x"":1149,""y"":541,""t"":1412},{""x"":1144,""y"":532,""t"":1440},{""x"":1138,""y"":530,""t"":1469},{""x"":1127,""y"":541,""t"":1500},{""x"":1126,""y"":531,""t"":1538},{""x"":1133,""y"":522,""t"":1567},{""x"":1121,""y"":523,""t"":1617},{""x"":1110,""y"":522,""t"":1643},{""x"":1111,""y"":527,""t"":1670},{""x"":1105,""y"":556,""t"":1710},{""x"":1101,""y"":562,""t"":1737},{""x"":1100,""y"":575,""t"":1773},{""x"":1094,""y"":572,""t"":1820},{""x"":1115,""y"":581,""t"":1843},{""x"":1111,""y"":593,""t"":1874},{""x"":1111,""y"":573,""t"":1914},{""x"":1126,""y"":594,""t"":1942},{""x"":1136,""y"":651,""t"":1976}]","[{""x"":250,""y"":425,""width"":80,""height"":80,""top"":385,""right"":290,""bottom"":465,""left"":210},{""x"":400,""y"":165.1923788646684,""width"":80,""height"":80,""top"":125.1923788646684,""right"":440,""bottom"":205.1923788646684,""left"":360},{""x"":700,""y"":165.1923788646684,""width"":80,""height"":80,""top"":125.1923788646684,""right"":740,""bottom"":205.1923788646684,""left"":660},{""x"":850,""y"":425,""width"":80,""height"":80,""top"":385,""right"":890,""bottom"":465,""left"":810},{""x"":700,""y"":684.8076211353316,""width"":80,""height"":80,""top"":644.8076211353316,""right"":740,""bottom"":724.8076211353316,""left"":660},{""x"":400,""y"":684.8076211353316,""width"":80,""height"":80,""top"":644.8076211353316,""right"":440,""bottom"":724.8076211353316,""left"":360}]","{""#container"":{""x"":410,""y"":129.390625,""width"":1100,""height"":850,""top"":129.390625,""right"":1510,""bottom"":979.390625,""left"":410}}","[{'yellow': 0}, {'cyan': 0}, {'red': 0}, {'blue': 12}, {'green': 5}, {'purple': 6}]",{'blue_1': 12},blue_1
564,,,,706.0,9.0,9.0,"[""cyan"",""blue"",""red"",""green"",""purple"",""yellow""]",red,True,"[{""x"":1089,""y"":696,""t"":3},{""x"":1047,""y"":674,""t"":39},{""x"":1019,""y"":654,""t"":78},{""x"":1010,""y"":664,""t"":106},{""x"":985,""y"":655,""t"":140},{""x"":962,""y"":647,""t"":187},{""x"":945,""y"":662,""t"":215},{""x"":964,""y"":651,""t"":242},{""x"":965,""y"":630,""t"":279},{""x"":965,""y"":643,""t"":310},{""x"":932,""y"":798,""t"":352},{""x"":903,""y"":936,""t"":377},{""x"":859,""y"":1134,""t"":412},{""x"":808,""y"":1287,""t"":450},{""x"":760,""y"":1394,""t"":481},{""x"":719,""y"":1492,""t"":527},{""x"":698,""y"":1552,""t"":550},{""x"":685,""y"":1607,""t"":582},{""x"":691,""y"":1627,""t"":622},{""x"":714,""y"":1601,""t"":649},{""x"":759,""y"":1546,""t"":685},{""x"":786,""y"":1414,""t"":720},{""x"":822,""y"":1272,""t"":752},{""x"":834,""y"":1132,""t"":792},{""x"":848,""y"":977,""t"":820},{""x"":860,""y"":849,""t"":852},{""x"":854,""y"":748,""t"":896},{""x"":871,""y"":671,""t"":923},{""x"":871,""y"":604,""t"":959},{""x"":871,""y"":556,""t"":989},{""x"":906,""y"":487,""t"":1024},{""x"":955,""y"":458,""t"":1073},{""x"":999,""y"":460,""t"":1097},{""x"":1046,""y"":427,""t"":1126},{""x"":1086,""y"":429,""t"":1163},{""x"":1103,""y"":436,""t"":1193},{""x"":1120,""y"":432,""t"":1240},{""x"":1132,""y"":433,""t"":1260},{""x"":1134,""y"":455,""t"":1295},{""x"":1142,""y"":477,""t"":1335},{""x"":1175,""y"":495,""t"":1363},{""x"":1197,""y"":514,""t"":1398},{""x"":1219,""y"":516,""t"":1446},{""x"":1214,""y"":532,""t"":1469},{""x"":1214,""y"":540,""t"":1500},{""x"":1202,""y"":549,""t"":1541},{""x"":1200,""y"":560,""t"":1567},{""x"":1218,""y"":571,""t"":1603},{""x"":1222,""y"":617,""t"":1650},{""x"":1236,""y"":615,""t"":1672},{""x"":1245,""y"":618,""t"":1704},{""x"":1258,""y"":645,""t"":1743},{""x"":1255,""y"":674,""t"":1773},{""x"":1249,""y"":708,""t"":1820},{""x"":1214,""y"":691,""t"":1845},{""x"":1149,""y"":660,""t"":1874},{""x"":1096,""y"":629,""t"":1912},{""x"":1043,""y"":616,""t"":1942},{""x"":1003,""y"":649,""t"":1976}]","[{""x"":250,""y"":425,""width"":80,""height"":80,""top"":385,""right"":290,""bottom"":465,""left"":210},{""x"":400,""y"":165.1923788646684,""width"":80,""height"":80,""top"":125.1923788646684,""right"":440,""bottom"":205.1923788646684,""left"":360},{""x"":700,""y"":165.1923788646684,""width"":80,""height"":80,""top"":125.1923788646684,""right"":740,""bottom"":205.1923788646684,""left"":660},{""x"":850,""y"":425,""width"":80,""height"":80,""top"":385,""right"":890,""bottom"":465,""left"":810},{""x"":700,""y"":684.8076211353316,""width"":80,""height"":80,""top"":644.8076211353316,""right"":740,""bottom"":724.8076211353316,""left"":660},{""x"":400,""y"":684.8076211353316,""width"":80,""height"":80,""top"":644.8076211353316,""right"":440,""bottom"":724.8076211353316,""left"":360}]","{""#container"":{""x"":410,""y"":129.390625,""width"":1100,""height"":850,""top"":129.390625,""right"":1510,""bottom"":979.390625,""left"":410}}","[{'cyan': 0}, {'blue': 0}, {'red': 5}, {'green': 15}, {'purple': 1}, {'yellow': 3}]",{'red': 5},green
565,,,,661.0,7.0,7.0,"[""cyan"",""blue"",""red"",""purple"",""green"",""yellow""]",blue,True,"[{""x"":987,""y"":642,""t"":3},{""x"":980,""y"":641,""t"":38},{""x"":972,""y"":620,""t"":76},{""x"":953,""y"":597,""t"":106},{""x"":946,""y"":590,""t"":153},{""x"":933,""y"":593,""t"":177},{""x"":952,""y"":607,""t"":208},{""x"":974,""y"":597,""t"":248},{""x"":979,""y"":577,""t"":276},{""x"":989,""y"":577,""t"":312},{""x"":989,""y"":601,""t"":344},{""x"":993,""y"":609,""t"":378},{""x"":995,""y"":621,""t"":423},{""x"":993,""y"":678,""t"":446},{""x"":968,""y"":754,""t"":484},{""x"":920,""y"":954,""t"":514},{""x"":862,""y"":1145,""t"":550},{""x"":805,""y"":1276,""t"":581},{""x"":754,""y"":1382,""t"":617},{""x"":711,""y"":1473,""t"":650},{""x"":698,""y"":1532,""t"":692},{""x"":716,""y"":1584,""t"":718},{""x"":741,""y"":1586,""t"":754},{""x"":764,""y"":1517,""t"":787},{""x"":799,""y"":1407,""t"":834},{""x"":830,""y"":1284,""t"":857},{""x"":862,""y"":1166,""t"":885},{""x"":886,""y"":1066,""t"":921},{""x"":910,""y"":983,""t"":960},{""x"":925,""y"":915,""t"":990},{""x"":943,""y"":843,""t"":1038},{""x"":963,""y"":777,""t"":1062},{""x"":977,""y"":716,""t"":1092},{""x"":987,""y"":663,""t"":1129},{""x"":999,""y"":634,""t"":1159},{""x"":1011,""y"":610,""t"":1206},{""x"":985,""y"":585,""t"":1228},{""x"":911,""y"":577,""t"":1270},{""x"":847,""y"":573,""t"":1298},{""x"":795,""y"":569,""t"":1330},{""x"":743,""y"":555,""t"":1379},{""x"":695,""y"":551,""t"":1405},{""x"":668,""y"":540,""t"":1432},{""x"":653,""y"":534,""t"":1474},{""x"":765,""y"":566,""t"":1501},{""x"":871,""y"":599,""t"":1537},{""x"":934,""y"":623,""t"":1568},{""x"":992,""y"":653,""t"":1610},{""x"":1056,""y"":677,""t"":1633},{""x"":1113,""y"":700,""t"":1679},{""x"":1164,""y"":677,""t"":1703},{""x"":1197,""y"":670,""t"":1740},{""x"":1220,""y"":619,""t"":1772},{""x"":1241,""y"":603,""t"":1817},{""x"":1237,""y"":568,""t"":1839},{""x"":1218,""y"":532,""t"":1879},{""x"":1213,""y"":497,""t"":1909},{""x"":1201,""y"":484,""t"":1943},{""x"":1194,""y"":479,""t"":1977}]","[{""x"":250,""y"":425,""width"":80,""height"":80,""top"":385,""right"":290,""bottom"":465,""left"":210},{""x"":400,""y"":165.1923788646684,""width"":80,""height"":80,""top"":125.1923788646684,""right"":440,""bottom"":205.1923788646684,""left"":360},{""x"":700,""y"":165.1923788646684,""width"":80,""height"":80,""top"":125.1923788646684,""right"":740,""bottom"":205.1923788646684,""left"":660},{""x"":850,""y"":425,""width"":80,""height"":80,""top"":385,""right"":890,""bottom"":465,""left"":810},{""x"":700,""y"":684.8076211353316,""width"":80,""height"":80,""top"":644.8076211353316,""right"":740,""bottom"":724.8076211353316,""left"":660},{""x"":400,""y"":684.8076211353316,""width"":80,""height"":80,""top"":644.8076211353316,""right"":440,""bottom"":724.8076211353316,""left"":360}]","{""#container"":{""x"":410,""y"":129.390625,""width"":1100,""height"":850,""top"":129.390625,""right"":1510,""bottom"":979.390625,""left"":410}}","[{'cyan': 6}, {'blue': 0}, {'red': 0}, {'purple': 8}, {'green': 3}, {'yellow': 1}]",,purple
566,,,,677.0,1.0,1.0,"[""red"",""cyan"",""purple"",""yellow"",""green"",""blue""]",blue_1,True,"[{""x"":1162,""y"":511,""t"":3},{""x"":1128,""y"":534,""t"":38},{""x"":1085,""y"":566,""t"":78},{""x"":1062,""y"":560,""t"":105},{""x"":1041,""y"":575,""t"":139},{""x"":1008,""y"":563,""t"":186},{""x"":984,""y"":576,""t"":210},{""x"":969,""y"":588,""t"":241},{""x"":960,""y"":582,""t"":281},{""x"":936,""y"":569,""t"":310},{""x"":933,""y"":572,""t"":344},{""x"":841,""y"":597,""t"":384},{""x"":764,""y"":618,""t"":409},{""x"":704,""y"":617,""t"":448},{""x"":657,""y"":616,""t"":478},{""x"":681,""y"":590,""t"":517},{""x"":695,""y"":580,""t"":546},{""x"":765,""y"":545,""t"":592},{""x"":829,""y"":514,""t"":615},{""x"":880,""y"":480,""t"":656},{""x"":924,""y"":451,""t"":682},{""x"":962,""y"":435,""t"":720},{""x"":992,""y"":411,""t"":752},{""x"":907,""y"":435,""t"":801},{""x"":822,""y"":451,""t"":824},{""x"":743,""y"":464,""t"":853},{""x"":708,""y"":483,""t"":895},{""x"":676,""y"":498,""t"":922},{""x"":652,""y"":510,""t"":956},{""x"":601,""y"":504,""t"":990},{""x"":632,""y"":502,""t"":1024},{""x"":658,""y"":471,""t"":1066},{""x"":697,""y"":466,""t"":1093},{""x"":723,""y"":448,""t"":1130},{""x"":752,""y"":434,""t"":1160},{""x"":774,""y"":431,""t"":1193},{""x"":794,""y"":430,""t"":1240},{""x"":807,""y"":427,""t"":1264},{""x"":894,""y"":480,""t"":1295},{""x"":950,""y"":570,""t"":1335},{""x"":1001,""y"":640,""t"":1364},{""x"":1043,""y"":717,""t"":1413},{""x"":1072,""y"":787,""t"":1436},{""x"":1088,""y"":856,""t"":1466},{""x"":1047,""y"":896,""t"":1507},{""x"":1031,""y"":922,""t"":1534},{""x"":1020,""y"":924,""t"":1570},{""x"":1011,""y"":941,""t"":1602},{""x"":1002,""y"":937,""t"":1647},{""x"":995,""y"":920,""t"":1671},{""x"":997,""y"":947,""t"":1709},{""x"":1019,""y"":964,""t"":1739},{""x"":1012,""y"":988,""t"":1773},{""x"":1028,""y"":992,""t"":1819},{""x"":1040,""y"":995,""t"":1846},{""x"":1046,""y"":994,""t"":1875},{""x"":1027,""y"":1075,""t"":1913},{""x"":972,""y"":1183,""t"":1941},{""x"":907,""y"":1293,""t"":1976}]","[{""x"":250,""y"":425,""width"":80,""height"":80,""top"":385,""right"":290,""bottom"":465,""left"":210},{""x"":400,""y"":165.1923788646684,""width"":80,""height"":80,""top"":125.1923788646684,""right"":440,""bottom"":205.1923788646684,""left"":360},{""x"":700,""y"":165.1923788646684,""width"":80,""height"":80,""top"":125.1923788646684,""right"":740,""bottom"":205.1923788646684,""left"":660},{""x"":850,""y"":425,""width"":80,""height"":80,""top"":385,""right"":890,""bottom"":465,""left"":810},{""x"":700,""y"":684.8076211353316,""width"":80,""height"":80,""top"":644.8076211353316,""right"":740,""bottom"":724.8076211353316,""left"":660},{""x"":400,""y"":684.8076211353316,""width"":80,""height"":80,""top"":644.8076211353316,""right"":440,""bottom"":724.8076211353316,""left"":360}]","{""#container"":{""x"":410,""y"":129.390625,""width"":1100,""height"":850,""top"":129.390625,""right"":1510,""bottom"":979.390625,""left"":410}}","[{'red': 15}, {'cyan': 3}, {'purple': 0}, {'yellow': 2}, {'green': 6}, {'blue': 0}]",,red
567,,,,571.0,1.0,1.0,"[""purple"",""yellow"",""cyan"",""blue"",""green"",""red""]",red_1,True,"[{""x"":898,""y"":1142,""t"":3},{""x"":918,""y"":1006,""t"":37},{""x"":907,""y"":888,""t"":72},{""x"":916,""y"":757,""t"":109},{""x"":918,""y"":673,""t"":140},{""x"":934,""y"":618,""t"":184},{""x"":947,""y"":576,""t"":209},{""x"":959,""y"":534,""t"":241},{""x"":968,""y"":508,""t"":279},{""x"":979,""y"":488,""t"":310},{""x"":978,""y"":479,""t"":344},{""x"":919,""y"":504,""t"":390},{""x"":851,""y"":514,""t"":416},{""x"":804,""y"":505,""t"":446},{""x"":763,""y"":518,""t"":482},{""x"":739,""y"":532,""t"":515},{""x"":713,""y"":539,""t"":560},{""x"":682,""y"":556,""t"":584},{""x"":658,""y"":572,""t"":614},{""x"":714,""y"":559,""t"":655},{""x"":777,""y"":543,""t"":684},{""x"":832,""y"":546,""t"":718},{""x"":871,""y"":567,""t"":766},{""x"":905,""y"":567,""t"":788},{""x"":939,""y"":592,""t"":820},{""x"":967,""y"":600,""t"":858},{""x"":999,""y"":609,""t"":888},{""x"":997,""y"":626,""t"":935},{""x"":1012,""y"":625,""t"":958},{""x"":1015,""y"":616,""t"":990},{""x"":1023,""y"":646,""t"":1029},{""x"":1005,""y"":749,""t"":1057},{""x"":980,""y"":972,""t"":1106},{""x"":898,""y"":1145,""t"":1129},{""x"":848,""y"":1286,""t"":1160},{""x"":793,""y"":1395,""t"":1201},{""x"":755,""y"":1496,""t"":1227},{""x"":739,""y"":1564,""t"":1264},{""x"":746,""y"":1585,""t"":1296},{""x"":772,""y"":1514,""t"":1336},{""x"":797,""y"":1449,""t"":1361},{""x"":827,""y"":1340,""t"":1405},{""x"":834,""y"":1224,""t"":1433},{""x"":853,""y"":1107,""t"":1467},{""x"":888,""y"":1001,""t"":1501},{""x"":892,""y"":883,""t"":1544},{""x"":903,""y"":776,""t"":1566},{""x"":905,""y"":699,""t"":1608},{""x"":927,""y"":609,""t"":1636},{""x"":990,""y"":503,""t"":1672},{""x"":1050,""y"":407,""t"":1704},{""x"":1084,""y"":334,""t"":1752},{""x"":1126,""y"":277,""t"":1774},{""x"":1156,""y"":271,""t"":1806},{""x"":1168,""y"":235,""t"":1846},{""x"":1179,""y"":207,""t"":1875},{""x"":1186,""y"":190,""t"":1909},{""x"":1223,""y"":206,""t"":1944},{""x"":1267,""y"":246,""t"":1974}]","[{""x"":250,""y"":425,""width"":80,""height"":80,""top"":385,""right"":290,""bottom"":465,""left"":210},{""x"":400,""y"":165.1923788646684,""width"":80,""height"":80,""top"":125.1923788646684,""right"":440,""bottom"":205.1923788646684,""left"":360},{""x"":700,""y"":165.1923788646684,""width"":80,""height"":80,""top"":125.1923788646684,""right"":740,""bottom"":205.1923788646684,""left"":660},{""x"":850,""y"":425,""width"":80,""height"":80,""top"":385,""right"":890,""bottom"":465,""left"":810},{""x"":700,""y"":684.8076211353316,""width"":80,""height"":80,""top"":644.8076211353316,""right"":740,""bottom"":724.8076211353316,""left"":660},{""x"":400,""y"":684.8076211353316,""width"":80,""height"":80,""top"":644.8076211353316,""right"":440,""bottom"":724.8076211353316,""left"":360}]","{""#container"":{""x"":410,""y"":129.390625,""width"":1100,""height"":850,""top"":129.390625,""right"":1510,""bottom"":979.390625,""left"":410}}","[{'purple': 7}, {'yellow': 0}, {'cyan': 8}, {'blue': 0}, {'green': 1}, {'red': 5}]",{'red_1': 5},cyan
568,,,,835.0,3.0,3.0,"[""cyan"",""red"",""green"",""purple"",""yellow"",""blue""]",yellow_1,True,"[{""x"":1197,""y"":410,""t"":3},{""x"":1149,""y"":511,""t"":38},{""x"":1102,""y"":615,""t"":77},{""x"":1075,""y"":690,""t"":106},{""x"":1034,""y"":697,""t"":141},{""x"":1029,""y"":729,""t"":186},{""x"":1011,""y"":755,""t"":209},{""x"":1004,""y"":773,""t"":242},{""x"":1010,""y"":734,""t"":279},{""x"":986,""y"":700,""t"":309},{""x"":979,""y"":684,""t"":343},{""x"":952,""y"":632,""t"":390},{""x"":938,""y"":602,""t"":418},{""x"":916,""y"":590,""t"":445},{""x"":872,""y"":565,""t"":484},{""x"":836,""y"":569,""t"":514},{""x"":809,""y"":575,""t"":559},{""x"":792,""y"":575,""t"":583},{""x"":797,""y"":561,""t"":616},{""x"":796,""y"":545,""t"":655},{""x"":798,""y"":531,""t"":681},{""x"":796,""y"":530,""t"":719},{""x"":805,""y"":534,""t"":752},{""x"":802,""y"":514,""t"":798},{""x"":799,""y"":533,""t"":821},{""x"":793,""y"":521,""t"":854},{""x"":789,""y"":532,""t"":891},{""x"":767,""y"":538,""t"":922},{""x"":735,""y"":556,""t"":959},{""x"":710,""y"":571,""t"":987},{""x"":669,""y"":584,""t"":1023},{""x"":641,""y"":577,""t"":1061},{""x"":598,""y"":584,""t"":1092},{""x"":580,""y"":588,""t"":1135},{""x"":567,""y"":591,""t"":1159},{""x"":558,""y"":593,""t"":1193},{""x"":560,""y"":581,""t"":1231},{""x"":564,""y"":573,""t"":1259},{""x"":572,""y"":590,""t"":1295},{""x"":584,""y"":588,""t"":1345},{""x"":602,""y"":605,""t"":1367},{""x"":636,""y"":643,""t"":1397},{""x"":696,""y"":683,""t"":1436},{""x"":756,""y"":724,""t"":1465},{""x"":803,""y"":758,""t"":1515},{""x"":845,""y"":778,""t"":1537},{""x"":879,""y"":792,""t"":1565},{""x"":874,""y"":807,""t"":1607},{""x"":903,""y"":805,""t"":1635},{""x"":892,""y"":821,""t"":1671},{""x"":877,""y"":817,""t"":1705},{""x"":883,""y"":820,""t"":1751},{""x"":867,""y"":807,""t"":1775},{""x"":877,""y"":827,""t"":1806},{""x"":907,""y"":818,""t"":1845},{""x"":919,""y"":891,""t"":1874},{""x"":896,""y"":1064,""t"":1909},{""x"":877,""y"":1215,""t"":1956},{""x"":888,""y"":1297,""t"":1979}]","[{""x"":250,""y"":425,""width"":80,""height"":80,""top"":385,""right"":290,""bottom"":465,""left"":210},{""x"":400,""y"":165.1923788646684,""width"":80,""height"":80,""top"":125.1923788646684,""right"":440,""bottom"":205.1923788646684,""left"":360},{""x"":700,""y"":165.1923788646684,""width"":80,""height"":80,""top"":125.1923788646684,""right"":740,""bottom"":205.1923788646684,""left"":660},{""x"":850,""y"":425,""width"":80,""height"":80,""top"":385,""right"":890,""bottom"":465,""left"":810},{""x"":700,""y"":684.8076211353316,""width"":80,""height"":80,""top"":644.8076211353316,""right"":740,""bottom"":724.8076211353316,""left"":660},{""x"":400,""y"":684.8076211353316,""width"":80,""height"":80,""top"":644.8076211353316,""right"":440,""bottom"":724.8076211353316,""left"":360}]","{""#container"":{""x"":410,""y"":129.390625,""width"":1100,""height"":850,""top"":129.390625,""right"":1510,""bottom"":979.390625,""left"":410}}","[{'cyan': 26}, {'red': 0}, {'green': 1}, {'purple': 1}, {'yellow': 6}, {'blue': 13}]",{'yellow_1': 6},cyan
569,,,,757.0,7.0,7.0,"[""green"",""red"",""cyan"",""yellow"",""purple"",""blue""]",red,True,"[{""x"":900,""y"":1167,""t"":3},{""x"":911,""y"":1045,""t"":38},{""x"":934,""y"":937,""t"":78},{""x"":946,""y"":810,""t"":107},{""x"":951,""y"":731,""t"":141},{""x"":957,""y"":659,""t"":188},{""x"":944,""y"":601,""t"":212},{""x"":923,""y"":531,""t"":241},{""x"":916,""y"":496,""t"":283},{""x"":909,""y"":467,""t"":312},{""x"":921,""y"":457,""t"":343},{""x"":957,""y"":432,""t"":377},{""x"":944,""y"":433,""t"":424},{""x"":930,""y"":423,""t"":452},{""x"":928,""y"":420,""t"":480},{""x"":928,""y"":423,""t"":519},{""x"":928,""y"":430,""t"":548},{""x"":914,""y"":444,""t"":582},{""x"":911,""y"":437,""t"":629},{""x"":912,""y"":439,""t"":653},{""x"":915,""y"":455,""t"":684},{""x"":929,""y"":459,""t"":723},{""x"":950,""y"":470,""t"":751},{""x"":957,""y"":468,""t"":785},{""x"":964,""y"":487,""t"":831},{""x"":990,""y"":495,""t"":855},{""x"":1002,""y"":495,""t"":888},{""x"":1013,""y"":504,""t"":926},{""x"":1016,""y"":508,""t"":957},{""x"":1019,""y"":498,""t"":993},{""x"":1020,""y"":490,""t"":1021},{""x"":1041,""y"":507,""t"":1068},{""x"":1034,""y"":511,""t"":1091},{""x"":1028,""y"":498,""t"":1129},{""x"":1037,""y"":504,""t"":1159},{""x"":1033,""y"":504,""t"":1201},{""x"":1029,""y"":505,""t"":1225},{""x"":1015,""y"":512,""t"":1265},{""x"":1003,""y"":518,""t"":1293},{""x"":988,""y"":513,""t"":1329},{""x"":983,""y"":517,""t"":1366},{""x"":978,""y"":519,""t"":1395},{""x"":982,""y"":530,""t"":1441},{""x"":986,""y"":539,""t"":1464},{""x"":991,""y"":537,""t"":1505},{""x"":994,""y"":543,""t"":1531},{""x"":1003,""y"":534,""t"":1569},{""x"":1005,""y"":526,""t"":1601},{""x"":1014,""y"":513,""t"":1637},{""x"":1014,""y"":507,""t"":1682},{""x"":1023,""y"":501,""t"":1710},{""x"":1030,""y"":496,""t"":1737},{""x"":1010,""y"":493,""t"":1776},{""x"":992,""y"":490,""t"":1803},{""x"":990,""y"":498,""t"":1841},{""x"":996,""y"":527,""t"":1873},{""x"":983,""y"":528,""t"":1916},{""x"":967,""y"":520,""t"":1944},{""x"":975,""y"":512,""t"":1976}]","[{""x"":250,""y"":425,""width"":80,""height"":80,""top"":385,""right"":290,""bottom"":465,""left"":210},{""x"":400,""y"":165.1923788646684,""width"":80,""height"":80,""top"":125.1923788646684,""right"":440,""bottom"":205.1923788646684,""left"":360},{""x"":700,""y"":165.1923788646684,""width"":80,""height"":80,""top"":125.1923788646684,""right"":740,""bottom"":205.1923788646684,""left"":660},{""x"":850,""y"":425,""width"":80,""height"":80,""top"":385,""right"":890,""bottom"":465,""left"":810},{""x"":700,""y"":684.8076211353316,""width"":80,""height"":80,""top"":644.8076211353316,""right"":740,""bottom"":724.8076211353316,""left"":660},{""x"":400,""y"":684.8076211353316,""width"":80,""height"":80,""top"":644.8076211353316,""right"":440,""bottom"":724.8076211353316,""left"":360}]","{""#container"":{""x"":410,""y"":129.390625,""width"":1100,""height"":850,""top"":129.390625,""right"":1510,""bottom"":979.390625,""left"":410}}","[{'green': 0}, {'red': 0}, {'cyan': 0}, {'yellow': 0}, {'purple': 0}, {'blue': 1}]",,blue
570,,,,617.0,9.0,9.0,"[""purple"",""yellow"",""green"",""red"",""blue"",""cyan""]",green_1,True,"[{""x"":968,""y"":551,""t"":3},{""x"":980,""y"":588,""t"":37},{""x"":969,""y"":585,""t"":77},{""x"":969,""y"":587,""t"":106},{""x"":978,""y"":588,""t"":146},{""x"":985,""y"":588,""t"":172},{""x"":988,""y"":583,""t"":217},{""x"":994,""y"":593,""t"":245},{""x"":1013,""y"":594,""t"":276},{""x"":1007,""y"":589,""t"":312},{""x"":1014,""y"":573,""t"":344},{""x"":1025,""y"":579,""t"":386},{""x"":1034,""y"":584,""t"":411},{""x"":1032,""y"":609,""t"":445},{""x"":958,""y"":842,""t"":482},{""x"":889,""y"":1052,""t"":511},{""x"":839,""y"":1237,""t"":563},{""x"":799,""y"":1386,""t"":588},{""x"":775,""y"":1495,""t"":615},{""x"":738,""y"":1559,""t"":657},{""x"":729,""y"":1621,""t"":684},{""x"":729,""y"":1621,""t"":720},{""x"":749,""y"":1605,""t"":752},{""x"":748,""y"":1478,""t"":786},{""x"":753,""y"":1319,""t"":829},{""x"":756,""y"":1187,""t"":853},{""x"":755,""y"":1047,""t"":891},{""x"":752,""y"":947,""t"":922},{""x"":757,""y"":835,""t"":970},{""x"":761,""y"":756,""t"":991},{""x"":773,""y"":684,""t"":1025},{""x"":791,""y"":605,""t"":1058},{""x"":802,""y"":549,""t"":1094},{""x"":829,""y"":500,""t"":1127},{""x"":811,""y"":454,""t"":1172},{""x"":809,""y"":425,""t"":1197},{""x"":777,""y"":413,""t"":1227},{""x"":764,""y"":405,""t"":1268},{""x"":760,""y"":385,""t"":1296},{""x"":756,""y"":372,""t"":1345},{""x"":751,""y"":369,""t"":1369},{""x"":735,""y"":352,""t"":1397},{""x"":740,""y"":337,""t"":1439},{""x"":739,""y"":322,""t"":1467},{""x"":739,""y"":321,""t"":1500},{""x"":728,""y"":315,""t"":1534},{""x"":723,""y"":318,""t"":1581},{""x"":711,""y"":322,""t"":1609},{""x"":707,""y"":315,""t"":1636},{""x"":696,""y"":324,""t"":1675},{""x"":692,""y"":332,""t"":1705},{""x"":709,""y"":339,""t"":1746},{""x"":724,""y"":346,""t"":1771},{""x"":729,""y"":345,""t"":1806},{""x"":744,""y"":379,""t"":1845},{""x"":764,""y"":391,""t"":1874},{""x"":812,""y"":404,""t"":1908},{""x"":808,""y"":404,""t"":1954},{""x"":853,""y"":413,""t"":1977}]","[{""x"":250,""y"":425,""width"":80,""height"":80,""top"":385,""right"":290,""bottom"":465,""left"":210},{""x"":400,""y"":165.1923788646684,""width"":80,""height"":80,""top"":125.1923788646684,""right"":440,""bottom"":205.1923788646684,""left"":360},{""x"":700,""y"":165.1923788646684,""width"":80,""height"":80,""top"":125.1923788646684,""right"":740,""bottom"":205.1923788646684,""left"":660},{""x"":850,""y"":425,""width"":80,""height"":80,""top"":385,""right"":890,""bottom"":465,""left"":810},{""x"":700,""y"":684.8076211353316,""width"":80,""height"":80,""top"":644.8076211353316,""right"":740,""bottom"":724.8076211353316,""left"":660},{""x"":400,""y"":684.8076211353316,""width"":80,""height"":80,""top"":644.8076211353316,""right"":440,""bottom"":724.8076211353316,""left"":360}]","{""#container"":{""x"":410,""y"":129.390625,""width"":1100,""height"":850,""top"":129.390625,""right"":1510,""bottom"":979.390625,""left"":410}}","[{'purple': 2}, {'yellow': 24}, {'green': 0}, {'red': 0}, {'blue': 0}, {'cyan': 4}]",,yellow
571,,,,923.0,6.0,6.0,"[""green"",""cyan"",""blue"",""red"",""purple"",""yellow""]",red,True,"[{""x"":879,""y"":514,""t"":3},{""x"":917,""y"":559,""t"":37},{""x"":950,""y"":607,""t"":78},{""x"":979,""y"":637,""t"":105},{""x"":982,""y"":622,""t"":141},{""x"":986,""y"":642,""t"":175},{""x"":987,""y"":632,""t"":220},{""x"":1000,""y"":625,""t"":243},{""x"":1001,""y"":616,""t"":276},{""x"":986,""y"":614,""t"":313},{""x"":974,""y"":599,""t"":344},{""x"":976,""y"":606,""t"":391},{""x"":975,""y"":659,""t"":419},{""x"":935,""y"":888,""t"":446},{""x"":881,""y"":1075,""t"":486},{""x"":825,""y"":1224,""t"":514},{""x"":775,""y"":1335,""t"":549},{""x"":730,""y"":1435,""t"":581},{""x"":688,""y"":1519,""t"":624},{""x"":676,""y"":1589,""t"":652},{""x"":680,""y"":1627,""t"":683},{""x"":701,""y"":1620,""t"":723},{""x"":707,""y"":1572,""t"":751},{""x"":733,""y"":1478,""t"":798},{""x"":752,""y"":1336,""t"":825},{""x"":763,""y"":1204,""t"":854},{""x"":765,""y"":1070,""t"":890},{""x"":751,""y"":948,""t"":921},{""x"":737,""y"":835,""t"":960},{""x"":726,""y"":744,""t"":987},{""x"":716,""y"":674,""t"":1024},{""x"":716,""y"":606,""t"":1063},{""x"":700,""y"":555,""t"":1090},{""x"":693,""y"":523,""t"":1136},{""x"":693,""y"":516,""t"":1160},{""x"":690,""y"":503,""t"":1200},{""x"":689,""y"":497,""t"":1225},{""x"":699,""y"":492,""t"":1264},{""x"":716,""y"":484,""t"":1296},{""x"":730,""y"":470,""t"":1343},{""x"":747,""y"":472,""t"":1366},{""x"":756,""y"":478,""t"":1398},{""x"":748,""y"":490,""t"":1436},{""x"":731,""y"":505,""t"":1467},{""x"":734,""y"":535,""t"":1505},{""x"":737,""y"":562,""t"":1531},{""x"":719,""y"":565,""t"":1568},{""x"":710,""y"":571,""t"":1608},{""x"":691,""y"":584,""t"":1635},{""x"":698,""y"":600,""t"":1670},{""x"":778,""y"":591,""t"":1716},{""x"":898,""y"":583,""t"":1738},{""x"":997,""y"":580,""t"":1779},{""x"":1069,""y"":560,""t"":1806},{""x"":1127,""y"":548,""t"":1842},{""x"":1171,""y"":540,""t"":1874},{""x"":1195,""y"":543,""t"":1921},{""x"":1221,""y"":527,""t"":1943},{""x"":1229,""y"":535,""t"":1982}]","[{""x"":250,""y"":425,""width"":80,""height"":80,""top"":385,""right"":290,""bottom"":465,""left"":210},{""x"":400,""y"":165.1923788646684,""width"":80,""height"":80,""top"":125.1923788646684,""right"":440,""bottom"":205.1923788646684,""left"":360},{""x"":700,""y"":165.1923788646684,""width"":80,""height"":80,""top"":125.1923788646684,""right"":740,""bottom"":205.1923788646684,""left"":660},{""x"":850,""y"":425,""width"":80,""height"":80,""top"":385,""right"":890,""bottom"":465,""left"":810},{""x"":700,""y"":684.8076211353316,""width"":80,""height"":80,""top"":644.8076211353316,""right"":740,""bottom"":724.8076211353316,""left"":660},{""x"":400,""y"":684.8076211353316,""width"":80,""height"":80,""top"":644.8076211353316,""right"":440,""bottom"":724.8076211353316,""left"":360}]","{""#container"":{""x"":410,""y"":129.390625,""width"":1100,""height"":850,""top"":129.390625,""right"":1510,""bottom"":979.390625,""left"":410}}","[{'green': 21}, {'cyan': 0}, {'blue': 0}, {'red': 5}, {'purple': 0}, {'yellow': 4}]",{'red': 5},green
572,,,,655.0,7.0,7.0,"[""red"",""yellow"",""blue"",""green"",""purple"",""cyan""]",yellow_1,True,"[{""x"":1200,""y"":533,""t"":3},{""x"":1150,""y"":558,""t"":38},{""x"":1114,""y"":558,""t"":85},{""x"":1085,""y"":566,""t"":111},{""x"":1059,""y"":572,""t"":139},{""x"":1043,""y"":574,""t"":175},{""x"":1022,""y"":584,""t"":211},{""x"":1015,""y"":585,""t"":242},{""x"":993,""y"":554,""t"":289},{""x"":983,""y"":550,""t"":312},{""x"":962,""y"":625,""t"":343},{""x"":902,""y"":812,""t"":382},{""x"":843,""y"":1025,""t"":412},{""x"":794,""y"":1189,""t"":445},{""x"":747,""y"":1338,""t"":492},{""x"":740,""y"":1425,""t"":515},{""x"":741,""y"":1481,""t"":548},{""x"":719,""y"":1465,""t"":587},{""x"":699,""y"":1392,""t"":617},{""x"":705,""y"":1300,""t"":650},{""x"":718,""y"":1192,""t"":696},{""x"":720,""y"":1078,""t"":718},{""x"":729,""y"":965,""t"":759},{""x"":725,""y"":852,""t"":787},{""x"":721,""y"":776,""t"":823},{""x"":734,""y"":720,""t"":854},{""x"":750,""y"":647,""t"":903},{""x"":782,""y"":626,""t"":926},{""x"":820,""y"":611,""t"":957},{""x"":857,""y"":608,""t"":999},{""x"":880,""y"":592,""t"":1025},{""x"":888,""y"":586,""t"":1063},{""x"":903,""y"":580,""t"":1092},{""x"":907,""y"":576,""t"":1126},{""x"":915,""y"":567,""t"":1167},{""x"":915,""y"":570,""t"":1192},{""x"":946,""y"":631,""t"":1231},{""x"":971,""y"":685,""t"":1260},{""x"":999,""y"":705,""t"":1298},{""x"":1018,""y"":759,""t"":1330},{""x"":1024,""y"":790,""t"":1375},{""x"":1040,""y"":804,""t"":1396},{""x"":1048,""y"":815,""t"":1438},{""x"":1036,""y"":784,""t"":1466},{""x"":1024,""y"":776,""t"":1502},{""x"":1020,""y"":760,""t"":1534},{""x"":1015,""y"":713,""t"":1567},{""x"":1010,""y"":708,""t"":1612},{""x"":1031,""y"":637,""t"":1640},{""x"":1060,""y"":573,""t"":1668},{""x"":1086,""y"":520,""t"":1706},{""x"":1088,""y"":480,""t"":1739},{""x"":1105,""y"":425,""t"":1775},{""x"":1119,""y"":381,""t"":1804},{""x"":1138,""y"":346,""t"":1839},{""x"":1156,""y"":319,""t"":1879},{""x"":1145,""y"":301,""t"":1907},{""x"":1141,""y"":292,""t"":1942}]","[{""x"":250,""y"":425,""width"":80,""height"":80,""top"":385,""right"":290,""bottom"":465,""left"":210},{""x"":400,""y"":165.1923788646684,""width"":80,""height"":80,""top"":125.1923788646684,""right"":440,""bottom"":205.1923788646684,""left"":360},{""x"":700,""y"":165.1923788646684,""width"":80,""height"":80,""top"":125.1923788646684,""right"":740,""bottom"":205.1923788646684,""left"":660},{""x"":850,""y"":425,""width"":80,""height"":80,""top"":385,""right"":890,""bottom"":465,""left"":810},{""x"":700,""y"":684.8076211353316,""width"":80,""height"":80,""top"":644.8076211353316,""right"":740,""bottom"":724.8076211353316,""left"":660},{""x"":400,""y"":684.8076211353316,""width"":80,""height"":80,""top"":644.8076211353316,""right"":440,""bottom"":724.8076211353316,""left"":360}]","{""#container"":{""x"":410,""y"":129.390625,""width"":1100,""height"":850,""top"":129.390625,""right"":1510,""bottom"":979.390625,""left"":410}}","[{'red': 2}, {'yellow': 0}, {'blue': 6}, {'green': 3}, {'purple': 9}, {'cyan': 4}]",,purple
573,,,,1251.0,1.0,1.0,"[""red"",""cyan"",""yellow"",""blue"",""green"",""purple""]",purple_1,True,"[{""x"":1109,""y"":383,""t"":3},{""x"":1074,""y"":459,""t"":38},{""x"":1037,""y"":522,""t"":76},{""x"":1016,""y"":559,""t"":107},{""x"":993,""y"":607,""t"":149},{""x"":976,""y"":645,""t"":171},{""x"":956,""y"":670,""t"":213},{""x"":950,""y"":686,""t"":239},{""x"":933,""y"":677,""t"":277},{""x"":929,""y"":688,""t"":309},{""x"":927,""y"":687,""t"":358},{""x"":927,""y"":688,""t"":382},{""x"":916,""y"":649,""t"":411},{""x"":914,""y"":672,""t"":453},{""x"":874,""y"":883,""t"":479},{""x"":825,""y"":1088,""t"":515},{""x"":797,""y"":1256,""t"":549},{""x"":757,""y"":1371,""t"":579},{""x"":697,""y"":1419,""t"":624},{""x"":664,""y"":1510,""t"":650},{""x"":657,""y"":1576,""t"":687},{""x"":673,""y"":1632,""t"":718},{""x"":684,""y"":1633,""t"":765},{""x"":685,""y"":1602,""t"":788},{""x"":689,""y"":1516,""t"":821},{""x"":696,""y"":1381,""t"":859},{""x"":720,""y"":1273,""t"":887},{""x"":741,""y"":1149,""t"":923},{""x"":763,""y"":1063,""t"":969},{""x"":786,""y"":952,""t"":995},{""x"":786,""y"":846,""t"":1023},{""x"":787,""y"":771,""t"":1062},{""x"":786,""y"":723,""t"":1092},{""x"":769,""y"":665,""t"":1139},{""x"":755,""y"":626,""t"":1163},{""x"":752,""y"":590,""t"":1194},{""x"":753,""y"":574,""t"":1233},{""x"":745,""y"":561,""t"":1261},{""x"":761,""y"":563,""t"":1296},{""x"":749,""y"":564,""t"":1344},{""x"":745,""y"":564,""t"":1368},{""x"":750,""y"":552,""t"":1398},{""x"":757,""y"":569,""t"":1438},{""x"":764,""y"":564,""t"":1467},{""x"":756,""y"":583,""t"":1501},{""x"":761,""y"":593,""t"":1534},{""x"":749,""y"":614,""t"":1573},{""x"":754,""y"":601,""t"":1600},{""x"":767,""y"":604,""t"":1637},{""x"":745,""y"":593,""t"":1671},{""x"":758,""y"":586,""t"":1707},{""x"":763,""y"":583,""t"":1735},{""x"":760,""y"":595,""t"":1781},{""x"":758,""y"":606,""t"":1806},{""x"":748,""y"":617,""t"":1840},{""x"":736,""y"":604,""t"":1877},{""x"":709,""y"":593,""t"":1908},{""x"":704,""y"":588,""t"":1941}]","[{""x"":250,""y"":425,""width"":80,""height"":80,""top"":385,""right"":290,""bottom"":465,""left"":210},{""x"":400,""y"":165.1923788646684,""width"":80,""height"":80,""top"":125.1923788646684,""right"":440,""bottom"":205.1923788646684,""left"":360},{""x"":700,""y"":165.1923788646684,""width"":80,""height"":80,""top"":125.1923788646684,""right"":740,""bottom"":205.1923788646684,""left"":660},{""x"":850,""y"":425,""width"":80,""height"":80,""top"":385,""right"":890,""bottom"":465,""left"":810},{""x"":700,""y"":684.8076211353316,""width"":80,""height"":80,""top"":644.8076211353316,""right"":740,""bottom"":724.8076211353316,""left"":660},{""x"":400,""y"":684.8076211353316,""width"":80,""height"":80,""top"":644.8076211353316,""right"":440,""bottom"":724.8076211353316,""left"":360}]","{""#container"":{""x"":410,""y"":129.390625,""width"":1100,""height"":850,""top"":129.390625,""right"":1510,""bottom"":979.390625,""left"":410}}","[{'red': 24}, {'cyan': 0}, {'yellow': 1}, {'blue': 0}, {'green': 0}, {'purple': 5}]",{'purple_1': 5},red
574,,,,699.0,7.0,7.0,"[""red"",""cyan"",""green"",""yellow"",""blue"",""purple""]",cyan,True,"[{""x"":760,""y"":613,""t"":3},{""x"":795,""y"":579,""t"":38},{""x"":837,""y"":587,""t"":85},{""x"":868,""y"":570,""t"":112},{""x"":903,""y"":565,""t"":140},{""x"":922,""y"":569,""t"":179},{""x"":934,""y"":562,""t"":207},{""x"":955,""y"":571,""t"":254},{""x"":971,""y"":579,""t"":276},{""x"":994,""y"":576,""t"":310},{""x"":989,""y"":590,""t"":350},{""x"":981,""y"":615,""t"":375},{""x"":959,""y"":762,""t"":413},{""x"":916,""y"":983,""t"":445},{""x"":881,""y"":1172,""t"":492},{""x"":849,""y"":1296,""t"":519},{""x"":832,""y"":1391,""t"":548},{""x"":793,""y"":1390,""t"":586},{""x"":772,""y"":1323,""t"":616},{""x"":731,""y"":1214,""t"":654},{""x"":697,""y"":1117,""t"":682},{""x"":681,""y"":1015,""t"":718},{""x"":659,""y"":915,""t"":756},{""x"":643,""y"":831,""t"":783},{""x"":631,""y"":747,""t"":819},{""x"":626,""y"":680,""t"":862},{""x"":621,""y"":631,""t"":888},{""x"":625,""y"":613,""t"":926},{""x"":631,""y"":603,""t"":953},{""x"":669,""y"":600,""t"":990},{""x"":688,""y"":603,""t"":1024},{""x"":749,""y"":603,""t"":1071},{""x"":787,""y"":594,""t"":1093},{""x"":773,""y"":597,""t"":1126},{""x"":774,""y"":615,""t"":1165},{""x"":774,""y"":632,""t"":1192},{""x"":815,""y"":629,""t"":1230},{""x"":869,""y"":642,""t"":1259},{""x"":937,""y"":648,""t"":1305},{""x"":983,""y"":657,""t"":1330},{""x"":1020,""y"":663,""t"":1368},{""x"":1046,""y"":670,""t"":1397},{""x"":1027,""y"":633,""t"":1446},{""x"":1001,""y"":609,""t"":1469},{""x"":981,""y"":564,""t"":1500},{""x"":956,""y"":561,""t"":1540},{""x"":928,""y"":518,""t"":1568},{""x"":908,""y"":499,""t"":1603},{""x"":877,""y"":467,""t"":1637},{""x"":876,""y"":448,""t"":1680},{""x"":873,""y"":428,""t"":1703},{""x"":900,""y"":428,""t"":1742},{""x"":943,""y"":455,""t"":1771},{""x"":977,""y"":435,""t"":1820},{""x"":1000,""y"":452,""t"":1847},{""x"":1028,""y"":435,""t"":1874},{""x"":1043,""y"":438,""t"":1914},{""x"":1057,""y"":449,""t"":1941},{""x"":1056,""y"":457,""t"":1989}]","[{""x"":250,""y"":425,""width"":80,""height"":80,""top"":385,""right"":290,""bottom"":465,""left"":210},{""x"":400,""y"":165.1923788646684,""width"":80,""height"":80,""top"":125.1923788646684,""right"":440,""bottom"":205.1923788646684,""left"":360},{""x"":700,""y"":165.1923788646684,""width"":80,""height"":80,""top"":125.1923788646684,""right"":740,""bottom"":205.1923788646684,""left"":660},{""x"":850,""y"":425,""width"":80,""height"":80,""top"":385,""right"":890,""bottom"":465,""left"":810},{""x"":700,""y"":684.8076211353316,""width"":80,""height"":80,""top"":644.8076211353316,""right"":740,""bottom"":724.8076211353316,""left"":660},{""x"":400,""y"":684.8076211353316,""width"":80,""height"":80,""top"":644.8076211353316,""right"":440,""bottom"":724.8076211353316,""left"":360}]","{""#container"":{""x"":410,""y"":129.390625,""width"":1100,""height"":850,""top"":129.390625,""right"":1510,""bottom"":979.390625,""left"":410}}","[{'red': 13}, {'cyan': 1}, {'green': 0}, {'yellow': 0}, {'blue': 0}, {'purple': 0}]",{'cyan': 1},red
575,,,,545.0,4.0,4.0,"[""yellow"",""cyan"",""red"",""blue"",""green"",""purple""]",yellow_1,True,"[{""x"":1020,""y"":503,""t"":3},{""x"":1010,""y"":547,""t"":38},{""x"":998,""y"":550,""t"":71},{""x"":997,""y"":588,""t"":108},{""x"":1003,""y"":606,""t"":140},{""x"":994,""y"":621,""t"":186},{""x"":1003,""y"":604,""t"":214},{""x"":1004,""y"":618,""t"":243},{""x"":1005,""y"":602,""t"":280},{""x"":1002,""y"":562,""t"":310},{""x"":997,""y"":535,""t"":358},{""x"":984,""y"":540,""t"":382},{""x"":989,""y"":597,""t"":411},{""x"":943,""y"":841,""t"":452},{""x"":892,""y"":1049,""t"":479},{""x"":839,""y"":1238,""t"":515},{""x"":778,""y"":1352,""t"":548},{""x"":719,""y"":1434,""t"":591},{""x"":672,""y"":1482,""t"":616},{""x"":639,""y"":1524,""t"":655},{""x"":622,""y"":1568,""t"":684},{""x"":633,""y"":1617,""t"":720},{""x"":666,""y"":1641,""t"":759},{""x"":696,""y"":1653,""t"":783},{""x"":712,""y"":1624,""t"":829},{""x"":743,""y"":1574,""t"":853},{""x"":756,""y"":1480,""t"":892},{""x"":774,""y"":1366,""t"":921},{""x"":762,""y"":1219,""t"":967},{""x"":750,""y"":1100,""t"":989},{""x"":787,""y"":1007,""t"":1031},{""x"":801,""y"":924,""t"":1058},{""x"":823,""y"":856,""t"":1094},{""x"":852,""y"":801,""t"":1126},{""x"":876,""y"":743,""t"":1170},{""x"":884,""y"":710,""t"":1193},{""x"":887,""y"":681,""t"":1232},{""x"":878,""y"":679,""t"":1262},{""x"":886,""y"":675,""t"":1295},{""x"":865,""y"":672,""t"":1335},{""x"":847,""y"":666,""t"":1364},{""x"":837,""y"":660,""t"":1399},{""x"":835,""y"":662,""t"":1431},{""x"":826,""y"":674,""t"":1467},{""x"":832,""y"":663,""t"":1500},{""x"":813,""y"":665,""t"":1546},{""x"":796,""y"":668,""t"":1566},{""x"":773,""y"":670,""t"":1607},{""x"":757,""y"":667,""t"":1636},{""x"":765,""y"":651,""t"":1669},{""x"":755,""y"":667,""t"":1703},{""x"":743,""y"":674,""t"":1747},{""x"":731,""y"":665,""t"":1771},{""x"":719,""y"":662,""t"":1810},{""x"":760,""y"":632,""t"":1840},{""x"":824,""y"":654,""t"":1887},{""x"":889,""y"":651,""t"":1914},{""x"":943,""y"":664,""t"":1941},{""x"":987,""y"":676,""t"":1975}]","[{""x"":250,""y"":425,""width"":80,""height"":80,""top"":385,""right"":290,""bottom"":465,""left"":210},{""x"":400,""y"":165.1923788646684,""width"":80,""height"":80,""top"":125.1923788646684,""right"":440,""bottom"":205.1923788646684,""left"":360},{""x"":700,""y"":165.1923788646684,""width"":80,""height"":80,""top"":125.1923788646684,""right"":740,""bottom"":205.1923788646684,""left"":660},{""x"":850,""y"":425,""width"":80,""height"":80,""top"":385,""right"":890,""bottom"":465,""left"":810},{""x"":700,""y"":684.8076211353316,""width"":80,""height"":80,""top"":644.8076211353316,""right"":740,""bottom"":724.8076211353316,""left"":660},{""x"":400,""y"":684.8076211353316,""width"":80,""height"":80,""top"":644.8076211353316,""right"":440,""bottom"":724.8076211353316,""left"":360}]","{""#container"":{""x"":410,""y"":129.390625,""width"":1100,""height"":850,""top"":129.390625,""right"":1510,""bottom"":979.390625,""left"":410}}","[{'yellow': 7}, {'cyan': 0}, {'red': 0}, {'blue': 0}, {'green': 0}, {'purple': 10}]",{'yellow_1': 7},purple
576,,,,624.0,1.0,1.0,"[""blue"",""red"",""purple"",""yellow"",""green"",""cyan""]",cyan_1,True,"[{""x"":1006,""y"":657,""t"":3},{""x"":1015,""y"":661,""t"":38},{""x"":1010,""y"":644,""t"":75},{""x"":1016,""y"":642,""t"":106},{""x"":1018,""y"":654,""t"":153},{""x"":1014,""y"":652,""t"":176},{""x"":1013,""y"":653,""t"":207},{""x"":1020,""y"":655,""t"":249},{""x"":1020,""y"":636,""t"":276},{""x"":1019,""y"":631,""t"":312},{""x"":1017,""y"":633,""t"":343},{""x"":1016,""y"":625,""t"":382},{""x"":1016,""y"":619,""t"":409},{""x"":1007,""y"":630,""t"":446},{""x"":997,""y"":625,""t"":486},{""x"":952,""y"":782,""t"":513},{""x"":914,""y"":916,""t"":545},{""x"":863,""y"":1097,""t"":590},{""x"":824,""y"":1250,""t"":614},{""x"":769,""y"":1357,""t"":654},{""x"":725,""y"":1440,""t"":681},{""x"":732,""y"":1523,""t"":718},{""x"":746,""y"":1559,""t"":766},{""x"":785,""y"":1543,""t"":793},{""x"":809,""y"":1466,""t"":819},{""x"":836,""y"":1330,""t"":861},{""x"":859,""y"":1181,""t"":888},{""x"":868,""y"":1033,""t"":924},{""x"":875,""y"":923,""t"":955},{""x"":882,""y"":806,""t"":990},{""x"":882,""y"":701,""t"":1033},{""x"":905,""y"":620,""t"":1059},{""x"":907,""y"":559,""t"":1091},{""x"":913,""y"":536,""t"":1127},{""x"":921,""y"":507,""t"":1172},{""x"":936,""y"":470,""t"":1196},{""x"":927,""y"":453,""t"":1227},{""x"":929,""y"":436,""t"":1265},{""x"":928,""y"":450,""t"":1296},{""x"":927,""y"":467,""t"":1343},{""x"":899,""y"":475,""t"":1367},{""x"":898,""y"":489,""t"":1398},{""x"":898,""y"":494,""t"":1436},{""x"":908,""y"":494,""t"":1466},{""x"":923,""y"":503,""t"":1514},{""x"":921,""y"":522,""t"":1543},{""x"":923,""y"":520,""t"":1567},{""x"":923,""y"":516,""t"":1608},{""x"":940,""y"":509,""t"":1636},{""x"":937,""y"":508,""t"":1671},{""x"":929,""y"":524,""t"":1703},{""x"":929,""y"":526,""t"":1749},{""x"":930,""y"":544,""t"":1772},{""x"":937,""y"":550,""t"":1810},{""x"":926,""y"":535,""t"":1841},{""x"":921,""y"":546,""t"":1886},{""x"":916,""y"":535,""t"":1910},{""x"":914,""y"":542,""t"":1942},{""x"":901,""y"":772,""t"":1981}]","[{""x"":250,""y"":425,""width"":80,""height"":80,""top"":385,""right"":290,""bottom"":465,""left"":210},{""x"":400,""y"":165.1923788646684,""width"":80,""height"":80,""top"":125.1923788646684,""right"":440,""bottom"":205.1923788646684,""left"":360},{""x"":700,""y"":165.1923788646684,""width"":80,""height"":80,""top"":125.1923788646684,""right"":740,""bottom"":205.1923788646684,""left"":660},{""x"":850,""y"":425,""width"":80,""height"":80,""top"":385,""right"":890,""bottom"":465,""left"":810},{""x"":700,""y"":684.8076211353316,""width"":80,""height"":80,""top"":644.8076211353316,""right"":740,""bottom"":724.8076211353316,""left"":660},{""x"":400,""y"":684.8076211353316,""width"":80,""height"":80,""top"":644.8076211353316,""right"":440,""bottom"":724.8076211353316,""left"":360}]","{""#container"":{""x"":410,""y"":129.390625,""width"":1100,""height"":850,""top"":129.390625,""right"":1510,""bottom"":979.390625,""left"":410}}","[{'blue': 0}, {'red': 0}, {'purple': 0}, {'yellow': 0}, {'green': 0}, {'cyan': 6}]",{'cyan_1': 6},cyan_1
577,,,,1128.0,6.0,6.0,"[""purple"",""blue"",""red"",""yellow"",""cyan"",""green""]",yellow_1,True,"[{""x"":900,""y"":771,""t"":3},{""x"":906,""y"":755,""t"":37},{""x"":917,""y"":734,""t"":84},{""x"":920,""y"":718,""t"":110},{""x"":927,""y"":699,""t"":140},{""x"":939,""y"":684,""t"":179},{""x"":948,""y"":656,""t"":208},{""x"":950,""y"":620,""t"":256},{""x"":946,""y"":584,""t"":282},{""x"":948,""y"":549,""t"":309},{""x"":948,""y"":547,""t"":351},{""x"":965,""y"":548,""t"":377},{""x"":976,""y"":556,""t"":414},{""x"":969,""y"":550,""t"":446},{""x"":982,""y"":551,""t"":490},{""x"":973,""y"":537,""t"":514},{""x"":973,""y"":525,""t"":551},{""x"":971,""y"":510,""t"":582},{""x"":966,""y"":500,""t"":622},{""x"":962,""y"":492,""t"":648},{""x"":931,""y"":497,""t"":693},{""x"":855,""y"":504,""t"":718},{""x"":808,""y"":525,""t"":755},{""x"":782,""y"":530,""t"":786},{""x"":743,""y"":544,""t"":830},{""x"":731,""y"":538,""t"":851},{""x"":693,""y"":555,""t"":894},{""x"":666,""y"":571,""t"":921},{""x"":670,""y"":570,""t"":958},{""x"":678,""y"":544,""t"":990},{""x"":678,""y"":505,""t"":1036},{""x"":680,""y"":472,""t"":1056},{""x"":685,""y"":438,""t"":1097},{""x"":695,""y"":411,""t"":1126},{""x"":706,""y"":392,""t"":1161},{""x"":713,""y"":387,""t"":1198},{""x"":719,""y"":385,""t"":1225},{""x"":733,""y"":365,""t"":1262},{""x"":750,""y"":357,""t"":1299},{""x"":760,""y"":349,""t"":1330},{""x"":760,""y"":321,""t"":1377},{""x"":765,""y"":315,""t"":1400},{""x"":772,""y"":316,""t"":1432},{""x"":777,""y"":318,""t"":1468},{""x"":813,""y"":325,""t"":1500},{""x"":842,""y"":348,""t"":1534},{""x"":881,""y"":352,""t"":1580},{""x"":889,""y"":343,""t"":1603},{""x"":913,""y"":342,""t"":1644},{""x"":929,""y"":349,""t"":1671},{""x"":946,""y"":350,""t"":1703},{""x"":1046,""y"":383,""t"":1751},{""x"":1118,""y"":411,""t"":1772},{""x"":1167,""y"":419,""t"":1813},{""x"":1215,""y"":441,""t"":1840},{""x"":1259,""y"":450,""t"":1876},{""x"":1276,""y"":458,""t"":1909},{""x"":1295,""y"":462,""t"":1955},{""x"":1307,""y"":465,""t"":1978}]","[{""x"":250,""y"":425,""width"":80,""height"":80,""top"":385,""right"":290,""bottom"":465,""left"":210},{""x"":400,""y"":165.1923788646684,""width"":80,""height"":80,""top"":125.1923788646684,""right"":440,""bottom"":205.1923788646684,""left"":360},{""x"":700,""y"":165.1923788646684,""width"":80,""height"":80,""top"":125.1923788646684,""right"":740,""bottom"":205.1923788646684,""left"":660},{""x"":850,""y"":425,""width"":80,""height"":80,""top"":385,""right"":890,""bottom"":465,""left"":810},{""x"":700,""y"":684.8076211353316,""width"":80,""height"":80,""top"":644.8076211353316,""right"":740,""bottom"":724.8076211353316,""left"":660},{""x"":400,""y"":684.8076211353316,""width"":80,""height"":80,""top"":644.8076211353316,""right"":440,""bottom"":724.8076211353316,""left"":360}]","{""#container"":{""x"":410,""y"":129.390625,""width"":1100,""height"":850,""top"":129.390625,""right"":1510,""bottom"":979.390625,""left"":410}}","[{'purple': 11}, {'blue': 17}, {'red': 3}, {'yellow': 5}, {'cyan': 0}, {'green': 4}]",{'yellow_1': 5},blue
578,,,,846.0,1.0,1.0,"[""blue"",""purple"",""green"",""red"",""cyan"",""yellow""]",yellow_1,True,"[{""x"":1231,""y"":474,""t"":3},{""x"":1166,""y"":474,""t"":38},{""x"":1114,""y"":481,""t"":78},{""x"":1070,""y"":535,""t"":105},{""x"":1031,""y"":564,""t"":140},{""x"":1002,""y"":586,""t"":188},{""x"":975,""y"":618,""t"":211},{""x"":956,""y"":580,""t"":242},{""x"":938,""y"":564,""t"":283},{""x"":933,""y"":592,""t"":310},{""x"":943,""y"":608,""t"":347},{""x"":941,""y"":612,""t"":378},{""x"":915,""y"":832,""t"":426},{""x"":864,""y"":1064,""t"":450},{""x"":818,""y"":1238,""t"":480},{""x"":756,""y"":1361,""t"":521},{""x"":711,""y"":1456,""t"":548},{""x"":672,""y"":1522,""t"":585},{""x"":650,""y"":1571,""t"":615},{""x"":643,""y"":1607,""t"":663},{""x"":645,""y"":1650,""t"":685},{""x"":691,""y"":1651,""t"":718},{""x"":712,""y"":1604,""t"":754},{""x"":733,""y"":1507,""t"":787},{""x"":742,""y"":1374,""t"":832},{""x"":747,""y"":1250,""t"":857},{""x"":749,""y"":1122,""t"":888},{""x"":779,""y"":968,""t"":927},{""x"":802,""y"":835,""t"":955},{""x"":820,""y"":751,""t"":991},{""x"":841,""y"":679,""t"":1037},{""x"":843,""y"":609,""t"":1059},{""x"":842,""y"":556,""t"":1093},{""x"":864,""y"":499,""t"":1130},{""x"":890,""y"":453,""t"":1159},{""x"":913,""y"":410,""t"":1193},{""x"":937,""y"":394,""t"":1233},{""x"":956,""y"":386,""t"":1259},{""x"":961,""y"":372,""t"":1297},{""x"":967,""y"":360,""t"":1327},{""x"":938,""y"":373,""t"":1366},{""x"":916,""y"":405,""t"":1397},{""x"":914,""y"":431,""t"":1441},{""x"":912,""y"":455,""t"":1464},{""x"":910,""y"":478,""t"":1505},{""x"":886,""y"":505,""t"":1531},{""x"":888,""y"":540,""t"":1569},{""x"":891,""y"":570,""t"":1599},{""x"":881,""y"":594,""t"":1635},{""x"":888,""y"":572,""t"":1682},{""x"":889,""y"":577,""t"":1710},{""x"":884,""y"":578,""t"":1737},{""x"":870,""y"":606,""t"":1776},{""x"":860,""y"":605,""t"":1805},{""x"":853,""y"":608,""t"":1841},{""x"":872,""y"":578,""t"":1873},{""x"":879,""y"":543,""t"":1919},{""x"":857,""y"":546,""t"":1941},{""x"":865,""y"":529,""t"":1982}]","[{""x"":250,""y"":425,""width"":80,""height"":80,""top"":385,""right"":290,""bottom"":465,""left"":210},{""x"":400,""y"":165.1923788646684,""width"":80,""height"":80,""top"":125.1923788646684,""right"":440,""bottom"":205.1923788646684,""left"":360},{""x"":700,""y"":165.1923788646684,""width"":80,""height"":80,""top"":125.1923788646684,""right"":740,""bottom"":205.1923788646684,""left"":660},{""x"":850,""y"":425,""width"":80,""height"":80,""top"":385,""right"":890,""bottom"":465,""left"":810},{""x"":700,""y"":684.8076211353316,""width"":80,""height"":80,""top"":644.8076211353316,""right"":740,""bottom"":724.8076211353316,""left"":660},{""x"":400,""y"":684.8076211353316,""width"":80,""height"":80,""top"":644.8076211353316,""right"":440,""bottom"":724.8076211353316,""left"":360}]","{""#container"":{""x"":410,""y"":129.390625,""width"":1100,""height"":850,""top"":129.390625,""right"":1510,""bottom"":979.390625,""left"":410}}","[{'blue': 0}, {'purple': 0}, {'green': 0}, {'red': 2}, {'cyan': 0}, {'yellow': 4}]",{'yellow_1': 4},yellow_1
579,,,,490.0,4.0,4.0,"[""cyan"",""yellow"",""blue"",""red"",""purple"",""green""]",cyan,True,"[{""x"":899,""y"":533,""t"":3},{""x"":912,""y"":536,""t"":44},{""x"":924,""y"":526,""t"":71},{""x"":955,""y"":523,""t"":107},{""x"":957,""y"":530,""t"":153},{""x"":966,""y"":546,""t"":179},{""x"":960,""y"":538,""t"":208},{""x"":976,""y"":552,""t"":247},{""x"":980,""y"":548,""t"":276},{""x"":983,""y"":540,""t"":323},{""x"":997,""y"":553,""t"":350},{""x"":992,""y"":580,""t"":378},{""x"":960,""y"":720,""t"":417},{""x"":915,""y"":942,""t"":446},{""x"":854,""y"":1123,""t"":481},{""x"":810,""y"":1261,""t"":528},{""x"":763,""y"":1379,""t"":551},{""x"":737,""y"":1480,""t"":581},{""x"":730,""y"":1574,""t"":620},{""x"":745,""y"":1621,""t"":650},{""x"":752,""y"":1574,""t"":693},{""x"":760,""y"":1520,""t"":718},{""x"":767,""y"":1416,""t"":752},{""x"":759,""y"":1284,""t"":790},{""x"":749,""y"":1151,""t"":819},{""x"":741,""y"":1025,""t"":853},{""x"":742,""y"":909,""t"":899},{""x"":744,""y"":814,""t"":924},{""x"":745,""y"":738,""t"":956},{""x"":737,""y"":689,""t"":997},{""x"":730,""y"":654,""t"":1022},{""x"":733,""y"":617,""t"":1061},{""x"":735,""y"":591,""t"":1090},{""x"":732,""y"":543,""t"":1126},{""x"":746,""y"":535,""t"":1163},{""x"":737,""y"":520,""t"":1194},{""x"":725,""y"":516,""t"":1241},{""x"":720,""y"":507,""t"":1267},{""x"":718,""y"":494,""t"":1296},{""x"":716,""y"":486,""t"":1332},{""x"":723,""y"":489,""t"":1364},{""x"":742,""y"":480,""t"":1397},{""x"":755,""y"":483,""t"":1443},{""x"":768,""y"":488,""t"":1470},{""x"":809,""y"":532,""t"":1500},{""x"":862,""y"":566,""t"":1538},{""x"":896,""y"":591,""t"":1568},{""x"":921,""y"":592,""t"":1616},{""x"":943,""y"":600,""t"":1637},{""x"":951,""y"":619,""t"":1670},{""x"":965,""y"":618,""t"":1710},{""x"":975,""y"":622,""t"":1738},{""x"":980,""y"":598,""t"":1774},{""x"":932,""y"":594,""t"":1806},{""x"":882,""y"":593,""t"":1854},{""x"":841,""y"":571,""t"":1875},{""x"":813,""y"":567,""t"":1908},{""x"":768,""y"":555,""t"":1947},{""x"":734,""y"":554,""t"":1976}]","[{""x"":250,""y"":425,""width"":80,""height"":80,""top"":385,""right"":290,""bottom"":465,""left"":210},{""x"":400,""y"":165.1923788646684,""width"":80,""height"":80,""top"":125.1923788646684,""right"":440,""bottom"":205.1923788646684,""left"":360},{""x"":700,""y"":165.1923788646684,""width"":80,""height"":80,""top"":125.1923788646684,""right"":740,""bottom"":205.1923788646684,""left"":660},{""x"":850,""y"":425,""width"":80,""height"":80,""top"":385,""right"":890,""bottom"":465,""left"":810},{""x"":700,""y"":684.8076211353316,""width"":80,""height"":80,""top"":644.8076211353316,""right"":740,""bottom"":724.8076211353316,""left"":660},{""x"":400,""y"":684.8076211353316,""width"":80,""height"":80,""top"":644.8076211353316,""right"":440,""bottom"":724.8076211353316,""left"":360}]","{""#container"":{""x"":410,""y"":129.390625,""width"":1100,""height"":850,""top"":129.390625,""right"":1510,""bottom"":979.390625,""left"":410}}","[{'cyan': 16}, {'yellow': 0}, {'blue': 0}, {'red': 0}, {'purple': 0}, {'green': 4}]",{'cyan': 16},cyan
580,,,,724.0,4.0,4.0,"[""purple"",""blue"",""green"",""yellow"",""red"",""cyan""]",purple,True,"[{""x"":775,""y"":551,""t"":3},{""x"":803,""y"":584,""t"":38},{""x"":829,""y"":600,""t"":82},{""x"":863,""y"":595,""t"":111},{""x"":892,""y"":622,""t"":140},{""x"":919,""y"":631,""t"":176},{""x"":933,""y"":633,""t"":207},{""x"":946,""y"":642,""t"":255},{""x"":952,""y"":640,""t"":278},{""x"":951,""y"":643,""t"":310},{""x"":942,""y"":657,""t"":348},{""x"":908,""y"":890,""t"":378},{""x"":868,""y"":1084,""t"":425},{""x"":814,""y"":1236,""t"":454},{""x"":762,""y"":1356,""t"":480},{""x"":708,""y"":1435,""t"":520},{""x"":697,""y"":1502,""t"":548},{""x"":678,""y"":1569,""t"":583},{""x"":702,""y"":1586,""t"":622},{""x"":726,""y"":1588,""t"":649},{""x"":752,""y"":1517,""t"":686},{""x"":774,""y"":1450,""t"":715},{""x"":798,""y"":1343,""t"":756},{""x"":806,""y"":1217,""t"":786},{""x"":805,""y"":1080,""t"":831},{""x"":798,""y"":938,""t"":855},{""x"":806,""y"":845,""t"":888},{""x"":814,""y"":773,""t"":926},{""x"":817,""y"":708,""t"":958},{""x"":821,""y"":666,""t"":990},{""x"":823,""y"":632,""t"":1037},{""x"":802,""y"":585,""t"":1058},{""x"":815,""y"":564,""t"":1099},{""x"":826,""y"":552,""t"":1125},{""x"":829,""y"":558,""t"":1162},{""x"":806,""y"":557,""t"":1194},{""x"":787,""y"":535,""t"":1230},{""x"":770,""y"":519,""t"":1260},{""x"":743,""y"":508,""t"":1302},{""x"":733,""y"":495,""t"":1330},{""x"":707,""y"":499,""t"":1364},{""x"":701,""y"":500,""t"":1412},{""x"":698,""y"":488,""t"":1434},{""x"":694,""y"":491,""t"":1466},{""x"":691,""y"":490,""t"":1504},{""x"":693,""y"":491,""t"":1534},{""x"":735,""y"":501,""t"":1582},{""x"":788,""y"":480,""t"":1606},{""x"":825,""y"":469,""t"":1636},{""x"":853,""y"":463,""t"":1675},{""x"":875,""y"":447,""t"":1704},{""x"":901,""y"":447,""t"":1751},{""x"":909,""y"":457,""t"":1775},{""x"":922,""y"":464,""t"":1806},{""x"":928,""y"":457,""t"":1846},{""x"":937,""y"":455,""t"":1875},{""x"":958,""y"":470,""t"":1909},{""x"":953,""y"":470,""t"":1942}]","[{""x"":250,""y"":425,""width"":80,""height"":80,""top"":385,""right"":290,""bottom"":465,""left"":210},{""x"":400,""y"":165.1923788646684,""width"":80,""height"":80,""top"":125.1923788646684,""right"":440,""bottom"":205.1923788646684,""left"":360},{""x"":700,""y"":165.1923788646684,""width"":80,""height"":80,""top"":125.1923788646684,""right"":740,""bottom"":205.1923788646684,""left"":660},{""x"":850,""y"":425,""width"":80,""height"":80,""top"":385,""right"":890,""bottom"":465,""left"":810},{""x"":700,""y"":684.8076211353316,""width"":80,""height"":80,""top"":644.8076211353316,""right"":740,""bottom"":724.8076211353316,""left"":660},{""x"":400,""y"":684.8076211353316,""width"":80,""height"":80,""top"":644.8076211353316,""right"":440,""bottom"":724.8076211353316,""left"":360}]","{""#container"":{""x"":410,""y"":129.390625,""width"":1100,""height"":850,""top"":129.390625,""right"":1510,""bottom"":979.390625,""left"":410}}","[{'purple': 16}, {'blue': 0}, {'green': 0}, {'yellow': 0}, {'red': 0}, {'cyan': 6}]",{'purple': 16},purple
581,,,,699.0,7.0,7.0,"[""cyan"",""red"",""purple"",""green"",""blue"",""yellow""]",red_1,True,"[{""x"":961,""y"":516,""t"":3},{""x"":966,""y"":532,""t"":38},{""x"":968,""y"":524,""t"":78},{""x"":960,""y"":513,""t"":105},{""x"":948,""y"":525,""t"":140},{""x"":931,""y"":532,""t"":187},{""x"":938,""y"":521,""t"":216},{""x"":934,""y"":517,""t"":243},{""x"":942,""y"":529,""t"":275},{""x"":958,""y"":542,""t"":313},{""x"":948,""y"":548,""t"":344},{""x"":941,""y"":530,""t"":394},{""x"":952,""y"":527,""t"":412},{""x"":968,""y"":525,""t"":457},{""x"":937,""y"":676,""t"":487},{""x"":889,""y"":925,""t"":515},{""x"":814,""y"":1106,""t"":548},{""x"":764,""y"":1265,""t"":594},{""x"":730,""y"":1386,""t"":617},{""x"":703,""y"":1496,""t"":649},{""x"":684,""y"":1568,""t"":688},{""x"":696,""y"":1623,""t"":717},{""x"":722,""y"":1618,""t"":766},{""x"":739,""y"":1602,""t"":789},{""x"":760,""y"":1511,""t"":820},{""x"":779,""y"":1366,""t"":859},{""x"":793,""y"":1235,""t"":888},{""x"":797,""y"":1080,""t"":922},{""x"":811,""y"":904,""t"":962},{""x"":823,""y"":758,""t"":988},{""x"":829,""y"":648,""t"":1026},{""x"":824,""y"":574,""t"":1055},{""x"":827,""y"":492,""t"":1095},{""x"":829,""y"":431,""t"":1123},{""x"":833,""y"":380,""t"":1170},{""x"":839,""y"":356,""t"":1192},{""x"":849,""y"":356,""t"":1234},{""x"":856,""y"":362,""t"":1261},{""x"":868,""y"":355,""t"":1298},{""x"":878,""y"":345,""t"":1327},{""x"":906,""y"":392,""t"":1377},{""x"":945,""y"":451,""t"":1400},{""x"":990,""y"":485,""t"":1432},{""x"":1012,""y"":526,""t"":1471},{""x"":1021,""y"":563,""t"":1499},{""x"":1027,""y"":593,""t"":1532},{""x"":1046,""y"":605,""t"":1570},{""x"":1061,""y"":613,""t"":1600},{""x"":1077,""y"":610,""t"":1644},{""x"":1086,""y"":619,""t"":1669},{""x"":1100,""y"":635,""t"":1707},{""x"":1109,""y"":636,""t"":1738},{""x"":1113,""y"":639,""t"":1787},{""x"":1114,""y"":634,""t"":1814},{""x"":1102,""y"":636,""t"":1841},{""x"":1095,""y"":629,""t"":1874},{""x"":1096,""y"":617,""t"":1923},{""x"":1098,""y"":611,""t"":1946},{""x"":1100,""y"":604,""t"":1976}]","[{""x"":250,""y"":425,""width"":80,""height"":80,""top"":385,""right"":290,""bottom"":465,""left"":210},{""x"":400,""y"":165.1923788646684,""width"":80,""height"":80,""top"":125.1923788646684,""right"":440,""bottom"":205.1923788646684,""left"":360},{""x"":700,""y"":165.1923788646684,""width"":80,""height"":80,""top"":125.1923788646684,""right"":740,""bottom"":205.1923788646684,""left"":660},{""x"":850,""y"":425,""width"":80,""height"":80,""top"":385,""right"":890,""bottom"":465,""left"":810},{""x"":700,""y"":684.8076211353316,""width"":80,""height"":80,""top"":644.8076211353316,""right"":740,""bottom"":724.8076211353316,""left"":660},{""x"":400,""y"":684.8076211353316,""width"":80,""height"":80,""top"":644.8076211353316,""right"":440,""bottom"":724.8076211353316,""left"":360}]","{""#container"":{""x"":410,""y"":129.390625,""width"":1100,""height"":850,""top"":129.390625,""right"":1510,""bottom"":979.390625,""left"":410}}","[{'cyan': 0}, {'red': 8}, {'purple': 0}, {'green': 0}, {'blue': 0}, {'yellow': 3}]",{'red_1': 8},red_1
582,,,,625.0,6.0,6.0,"[""blue"",""cyan"",""red"",""purple"",""green"",""yellow""]",purple,True,"[{""x"":1048,""y"":574,""t"":3},{""x"":1011,""y"":542,""t"":39},{""x"":973,""y"":525,""t"":71},{""x"":945,""y"":505,""t"":108},{""x"":936,""y"":508,""t"":140},{""x"":922,""y"":489,""t"":188},{""x"":928,""y"":492,""t"":215},{""x"":940,""y"":479,""t"":241},{""x"":945,""y"":468,""t"":281},{""x"":950,""y"":451,""t"":310},{""x"":955,""y"":439,""t"":341},{""x"":943,""y"":456,""t"":388},{""x"":938,""y"":480,""t"":411},{""x"":920,""y"":503,""t"":450},{""x"":905,""y"":650,""t"":480},{""x"":876,""y"":901,""t"":527},{""x"":829,""y"":1127,""t"":550},{""x"":801,""y"":1299,""t"":582},{""x"":778,""y"":1468,""t"":621},{""x"":742,""y"":1571,""t"":650},{""x"":718,""y"":1655,""t"":695},{""x"":709,""y"":1704,""t"":718},{""x"":721,""y"":1690,""t"":753},{""x"":738,""y"":1642,""t"":793},{""x"":748,""y"":1537,""t"":819},{""x"":756,""y"":1396,""t"":856},{""x"":739,""y"":1258,""t"":889},{""x"":763,""y"":1107,""t"":934},{""x"":747,""y"":943,""t"":957},{""x"":769,""y"":832,""t"":991},{""x"":773,""y"":715,""t"":1028},{""x"":795,""y"":623,""t"":1058},{""x"":778,""y"":560,""t"":1105},{""x"":789,""y"":511,""t"":1134},{""x"":791,""y"":490,""t"":1161},{""x"":858,""y"":479,""t"":1194},{""x"":969,""y"":476,""t"":1231},{""x"":1053,""y"":447,""t"":1262},{""x"":1127,""y"":452,""t"":1303},{""x"":1186,""y"":461,""t"":1328},{""x"":1222,""y"":472,""t"":1368},{""x"":1227,""y"":489,""t"":1395},{""x"":1181,""y"":487,""t"":1431},{""x"":1139,""y"":463,""t"":1479},{""x"":1090,""y"":469,""t"":1504},{""x"":1029,""y"":462,""t"":1535},{""x"":988,""y"":441,""t"":1574},{""x"":955,""y"":434,""t"":1601},{""x"":930,""y"":419,""t"":1637},{""x"":905,""y"":425,""t"":1671},{""x"":893,""y"":441,""t"":1701},{""x"":880,""y"":454,""t"":1745},{""x"":881,""y"":458,""t"":1772},{""x"":871,""y"":447,""t"":1808},{""x"":865,""y"":439,""t"":1840},{""x"":867,""y"":446,""t"":1884},{""x"":870,""y"":452,""t"":1906},{""x"":876,""y"":442,""t"":1943},{""x"":882,""y"":467,""t"":1976}]","[{""x"":250,""y"":425,""width"":80,""height"":80,""top"":385,""right"":290,""bottom"":465,""left"":210},{""x"":400,""y"":165.1923788646684,""width"":80,""height"":80,""top"":125.1923788646684,""right"":440,""bottom"":205.1923788646684,""left"":360},{""x"":700,""y"":165.1923788646684,""width"":80,""height"":80,""top"":125.1923788646684,""right"":740,""bottom"":205.1923788646684,""left"":660},{""x"":850,""y"":425,""width"":80,""height"":80,""top"":385,""right"":890,""bottom"":465,""left"":810},{""x"":700,""y"":684.8076211353316,""width"":80,""height"":80,""top"":644.8076211353316,""right"":740,""bottom"":724.8076211353316,""left"":660},{""x"":400,""y"":684.8076211353316,""width"":80,""height"":80,""top"":644.8076211353316,""right"":440,""bottom"":724.8076211353316,""left"":360}]","{""#container"":{""x"":410,""y"":129.390625,""width"":1100,""height"":850,""top"":129.390625,""right"":1510,""bottom"":979.390625,""left"":410}}","[{'blue': 3}, {'cyan': 0}, {'red': 0}, {'purple': 4}, {'green': 0}, {'yellow': 4}]",{'purple': 4},purple
583,,,,669.0,9.0,9.0,"[""yellow"",""green"",""red"",""cyan"",""blue"",""purple""]",red_1,True,"[{""x"":880,""y"":476,""t"":3},{""x"":907,""y"":479,""t"":36},{""x"":908,""y"":494,""t"":78},{""x"":922,""y"":522,""t"":105},{""x"":914,""y"":504,""t"":140},{""x"":909,""y"":506,""t"":174},{""x"":909,""y"":497,""t"":208},{""x"":909,""y"":491,""t"":256},{""x"":908,""y"":493,""t"":283},{""x"":910,""y"":475,""t"":310},{""x"":909,""y"":488,""t"":349},{""x"":911,""y"":489,""t"":378},{""x"":937,""y"":515,""t"":412},{""x"":922,""y"":585,""t"":446},{""x"":909,""y"":820,""t"":490},{""x"":862,""y"":1053,""t"":518},{""x"":828,""y"":1242,""t"":549},{""x"":792,""y"":1400,""t"":582},{""x"":758,""y"":1501,""t"":630},{""x"":738,""y"":1578,""t"":657},{""x"":735,""y"":1609,""t"":683},{""x"":752,""y"":1564,""t"":726},{""x"":774,""y"":1478,""t"":753},{""x"":775,""y"":1355,""t"":786},{""x"":787,""y"":1219,""t"":820},{""x"":795,""y"":1085,""t"":868},{""x"":807,""y"":944,""t"":896},{""x"":813,""y"":826,""t"":923},{""x"":837,""y"":714,""t"":963},{""x"":857,""y"":638,""t"":990},{""x"":864,""y"":571,""t"":1025},{""x"":876,""y"":516,""t"":1070},{""x"":890,""y"":504,""t"":1094},{""x"":902,""y"":476,""t"":1126},{""x"":911,""y"":471,""t"":1165},{""x"":912,""y"":460,""t"":1194},{""x"":915,""y"":464,""t"":1229},{""x"":909,""y"":451,""t"":1276},{""x"":908,""y"":447,""t"":1302},{""x"":905,""y"":443,""t"":1330},{""x"":903,""y"":443,""t"":1369},{""x"":897,""y"":442,""t"":1398},{""x"":887,""y"":432,""t"":1433},{""x"":879,""y"":445,""t"":1471},{""x"":872,""y"":457,""t"":1498},{""x"":857,""y"":649,""t"":1534},{""x"":826,""y"":925,""t"":1572},{""x"":814,""y"":1146,""t"":1602},{""x"":795,""y"":1326,""t"":1634},{""x"":805,""y"":1392,""t"":1678},{""x"":814,""y"":1439,""t"":1702},{""x"":816,""y"":1326,""t"":1742},{""x"":805,""y"":1274,""t"":1770},{""x"":798,""y"":1134,""t"":1806},{""x"":807,""y"":1012,""t"":1855},{""x"":798,""y"":895,""t"":1877},{""x"":799,""y"":777,""t"":1907},{""x"":801,""y"":666,""t"":1947},{""x"":795,""y"":584,""t"":1976}]","[{""x"":250,""y"":425,""width"":80,""height"":80,""top"":385,""right"":290,""bottom"":465,""left"":210},{""x"":400,""y"":165.1923788646684,""width"":80,""height"":80,""top"":125.1923788646684,""right"":440,""bottom"":205.1923788646684,""left"":360},{""x"":700,""y"":165.1923788646684,""width"":80,""height"":80,""top"":125.1923788646684,""right"":740,""bottom"":205.1923788646684,""left"":660},{""x"":850,""y"":425,""width"":80,""height"":80,""top"":385,""right"":890,""bottom"":465,""left"":810},{""x"":700,""y"":684.8076211353316,""width"":80,""height"":80,""top"":644.8076211353316,""right"":740,""bottom"":724.8076211353316,""left"":660},{""x"":400,""y"":684.8076211353316,""width"":80,""height"":80,""top"":644.8076211353316,""right"":440,""bottom"":724.8076211353316,""left"":360}]","{""#container"":{""x"":410,""y"":129.390625,""width"":1100,""height"":850,""top"":129.390625,""right"":1510,""bottom"":979.390625,""left"":410}}","[{'yellow': 1}, {'green': 0}, {'red': 0}, {'cyan': 0}, {'blue': 0}, {'purple': 8}]",,purple
584,,,,931.0,9.0,9.0,"[""red"",""yellow"",""blue"",""cyan"",""purple"",""green""]",blue_1,True,"[{""x"":820,""y"":516,""t"":3},{""x"":856,""y"":454,""t"":38},{""x"":897,""y"":386,""t"":78},{""x"":926,""y"":368,""t"":107},{""x"":942,""y"":369,""t"":140},{""x"":956,""y"":383,""t"":173},{""x"":974,""y"":371,""t"":219},{""x"":988,""y"":366,""t"":247},{""x"":998,""y"":349,""t"":275},{""x"":983,""y"":466,""t"":313},{""x"":921,""y"":736,""t"":344},{""x"":874,""y"":973,""t"":380},{""x"":834,""y"":1169,""t"":409},{""x"":806,""y"":1333,""t"":455},{""x"":778,""y"":1481,""t"":479},{""x"":753,""y"":1566,""t"":517},{""x"":746,""y"":1647,""t"":548},{""x"":729,""y"":1642,""t"":581},{""x"":728,""y"":1618,""t"":620},{""x"":729,""y"":1543,""t"":650},{""x"":715,""y"":1402,""t"":684},{""x"":693,""y"":1241,""t"":723},{""x"":682,""y"":1090,""t"":751},{""x"":669,""y"":942,""t"":786},{""x"":664,""y"":816,""t"":834},{""x"":660,""y"":714,""t"":855},{""x"":655,""y"":638,""t"":888},{""x"":659,""y"":563,""t"":924},{""x"":663,""y"":507,""t"":953},{""x"":680,""y"":465,""t"":1003},{""x"":684,""y"":441,""t"":1030},{""x"":697,""y"":418,""t"":1058},{""x"":696,""y"":408,""t"":1094},{""x"":698,""y"":408,""t"":1126},{""x"":702,""y"":416,""t"":1171},{""x"":707,""y"":438,""t"":1195},{""x"":760,""y"":420,""t"":1228},{""x"":805,""y"":428,""t"":1266},{""x"":851,""y"":407,""t"":1296},{""x"":885,""y"":412,""t"":1344},{""x"":900,""y"":399,""t"":1371},{""x"":917,""y"":405,""t"":1399},{""x"":933,""y"":416,""t"":1437},{""x"":936,""y"":429,""t"":1465},{""x"":939,""y"":437,""t"":1501},{""x"":930,""y"":436,""t"":1548},{""x"":934,""y"":449,""t"":1575},{""x"":955,""y"":478,""t"":1601},{""x"":962,""y"":480,""t"":1642},{""x"":964,""y"":477,""t"":1671},{""x"":954,""y"":485,""t"":1704},{""x"":950,""y"":482,""t"":1750},{""x"":932,""y"":476,""t"":1777},{""x"":927,""y"":475,""t"":1806},{""x"":919,""y"":465,""t"":1845},{""x"":917,""y"":458,""t"":1874},{""x"":910,""y"":444,""t"":1916},{""x"":904,""y"":433,""t"":1940},{""x"":910,""y"":444,""t"":1980}]","[{""x"":250,""y"":425,""width"":80,""height"":80,""top"":385,""right"":290,""bottom"":465,""left"":210},{""x"":400,""y"":165.1923788646684,""width"":80,""height"":80,""top"":125.1923788646684,""right"":440,""bottom"":205.1923788646684,""left"":360},{""x"":700,""y"":165.1923788646684,""width"":80,""height"":80,""top"":125.1923788646684,""right"":740,""bottom"":205.1923788646684,""left"":660},{""x"":850,""y"":425,""width"":80,""height"":80,""top"":385,""right"":890,""bottom"":465,""left"":810},{""x"":700,""y"":684.8076211353316,""width"":80,""height"":80,""top"":644.8076211353316,""right"":740,""bottom"":724.8076211353316,""left"":660},{""x"":400,""y"":684.8076211353316,""width"":80,""height"":80,""top"":644.8076211353316,""right"":440,""bottom"":724.8076211353316,""left"":360}]","{""#container"":{""x"":410,""y"":129.390625,""width"":1100,""height"":850,""top"":129.390625,""right"":1510,""bottom"":979.390625,""left"":410}}","[{'red': 8}, {'yellow': 7}, {'blue': 2}, {'cyan': 0}, {'purple': 0}, {'green': 2}]",{'blue_1': 2},red
585,,,,551.0,4.0,4.0,"[""green"",""purple"",""cyan"",""red"",""yellow"",""blue""]",green_1,True,"[{""x"":912,""y"":441,""t"":3},{""x"":915,""y"":447,""t"":38},{""x"":928,""y"":473,""t"":79},{""x"":945,""y"":486,""t"":105},{""x"":952,""y"":500,""t"":142},{""x"":965,""y"":495,""t"":174},{""x"":970,""y"":498,""t"":219},{""x"":972,""y"":490,""t"":243},{""x"":984,""y"":488,""t"":275},{""x"":995,""y"":504,""t"":313},{""x"":969,""y"":562,""t"":343},{""x"":917,""y"":844,""t"":384},{""x"":878,""y"":1095,""t"":410},{""x"":816,""y"":1268,""t"":448},{""x"":770,""y"":1402,""t"":477},{""x"":756,""y"":1516,""t"":517},{""x"":741,""y"":1620,""t"":548},{""x"":745,""y"":1656,""t"":596},{""x"":768,""y"":1642,""t"":624},{""x"":788,""y"":1620,""t"":648},{""x"":788,""y"":1552,""t"":687},{""x"":786,""y"":1427,""t"":719},{""x"":783,""y"":1294,""t"":751},{""x"":775,""y"":1116,""t"":798},{""x"":764,""y"":936,""t"":824},{""x"":764,""y"":787,""t"":854},{""x"":822,""y"":682,""t"":891},{""x"":888,""y"":560,""t"":922},{""x"":935,""y"":442,""t"":967},{""x"":968,""y"":352,""t"":994},{""x"":994,""y"":278,""t"":1023},{""x"":1013,""y"":222,""t"":1061},{""x"":1030,""y"":178,""t"":1092},{""x"":1042,""y"":154,""t"":1139},{""x"":1050,""y"":135,""t"":1166},{""x"":1054,""y"":147,""t"":1194},{""x"":1060,""y"":151,""t"":1235},{""x"":1061,""y"":153,""t"":1262},{""x"":1063,""y"":177,""t"":1296},{""x"":1070,""y"":180,""t"":1342},{""x"":1078,""y"":226,""t"":1369},{""x"":1079,""y"":300,""t"":1398},{""x"":1078,""y"":351,""t"":1436},{""x"":1068,""y"":380,""t"":1466},{""x"":1065,""y"":394,""t"":1513},{""x"":1069,""y"":442,""t"":1536},{""x"":1065,""y"":473,""t"":1567},{""x"":1062,""y"":475,""t"":1607},{""x"":1068,""y"":497,""t"":1636},{""x"":1065,""y"":522,""t"":1679},{""x"":1067,""y"":522,""t"":1702},{""x"":1071,""y"":533,""t"":1743},{""x"":1073,""y"":545,""t"":1769},{""x"":1076,""y"":542,""t"":1811},{""x"":1081,""y"":560,""t"":1840},{""x"":1089,""y"":596,""t"":1874},{""x"":1065,""y"":666,""t"":1919},{""x"":1007,""y"":869,""t"":1944},{""x"":939,""y"":1105,""t"":1975}]","[{""x"":250,""y"":425,""width"":80,""height"":80,""top"":385,""right"":290,""bottom"":465,""left"":210},{""x"":400,""y"":165.1923788646684,""width"":80,""height"":80,""top"":125.1923788646684,""right"":440,""bottom"":205.1923788646684,""left"":360},{""x"":700,""y"":165.1923788646684,""width"":80,""height"":80,""top"":125.1923788646684,""right"":740,""bottom"":205.1923788646684,""left"":660},{""x"":850,""y"":425,""width"":80,""height"":80,""top"":385,""right"":890,""bottom"":465,""left"":810},{""x"":700,""y"":684.8076211353316,""width"":80,""height"":80,""top"":644.8076211353316,""right"":740,""bottom"":724.8076211353316,""left"":660},{""x"":400,""y"":684.8076211353316,""width"":80,""height"":80,""top"":644.8076211353316,""right"":440,""bottom"":724.8076211353316,""left"":360}]","{""#container"":{""x"":410,""y"":129.390625,""width"":1100,""height"":850,""top"":129.390625,""right"":1510,""bottom"":979.390625,""left"":410}}","[{'green': 0}, {'purple': 0}, {'cyan': 11}, {'red': 0}, {'yellow': 1}, {'blue': 4}]",,cyan
586,,,,731.0,6.0,6.0,"[""cyan"",""blue"",""purple"",""yellow"",""red"",""green""]",yellow,True,"[{""x"":921,""y"":1018,""t"":3},{""x"":900,""y"":924,""t"":37},{""x"":883,""y"":831,""t"":76},{""x"":881,""y"":759,""t"":106},{""x"":883,""y"":677,""t"":140},{""x"":894,""y"":615,""t"":186},{""x"":905,""y"":566,""t"":213},{""x"":895,""y"":516,""t"":242},{""x"":899,""y"":473,""t"":280},{""x"":897,""y"":431,""t"":310},{""x"":891,""y"":407,""t"":358},{""x"":892,""y"":388,""t"":386},{""x"":896,""y"":369,""t"":409},{""x"":906,""y"":380,""t"":452},{""x"":903,""y"":361,""t"":480},{""x"":901,""y"":364,""t"":515},{""x"":913,""y"":378,""t"":549},{""x"":917,""y"":382,""t"":595},{""x"":929,""y"":408,""t"":621},{""x"":919,""y"":410,""t"":651},{""x"":936,""y"":422,""t"":684},{""x"":946,""y"":433,""t"":719},{""x"":962,""y"":439,""t"":752},{""x"":972,""y"":463,""t"":798},{""x"":980,""y"":477,""t"":822},{""x"":989,""y"":476,""t"":854},{""x"":982,""y"":486,""t"":891},{""x"":989,""y"":493,""t"":921},{""x"":981,""y"":490,""t"":969},{""x"":991,""y"":475,""t"":996},{""x"":1046,""y"":457,""t"":1025},{""x"":1101,""y"":464,""t"":1063},{""x"":1119,""y"":449,""t"":1093},{""x"":1144,""y"":469,""t"":1127},{""x"":1160,""y"":453,""t"":1163},{""x"":1161,""y"":479,""t"":1194},{""x"":1180,""y"":489,""t"":1236},{""x"":1188,""y"":498,""t"":1262},{""x"":1204,""y"":507,""t"":1299},{""x"":1227,""y"":514,""t"":1331},{""x"":1235,""y"":527,""t"":1372},{""x"":1257,""y"":517,""t"":1399},{""x"":1183,""y"":524,""t"":1436},{""x"":1080,""y"":520,""t"":1466},{""x"":975,""y"":507,""t"":1500},{""x"":886,""y"":516,""t"":1535},{""x"":804,""y"":528,""t"":1582},{""x"":738,""y"":542,""t"":1606},{""x"":688,""y"":556,""t"":1636},{""x"":654,""y"":574,""t"":1675},{""x"":678,""y"":557,""t"":1704},{""x"":758,""y"":559,""t"":1737},{""x"":855,""y"":518,""t"":1772},{""x"":910,""y"":496,""t"":1815},{""x"":978,""y"":472,""t"":1840},{""x"":1039,""y"":458,""t"":1878},{""x"":1098,""y"":472,""t"":1908},{""x"":1123,""y"":459,""t"":1955},{""x"":1159,""y"":442,""t"":1979}]","[{""x"":250,""y"":425,""width"":80,""height"":80,""top"":385,""right"":290,""bottom"":465,""left"":210},{""x"":400,""y"":165.1923788646684,""width"":80,""height"":80,""top"":125.1923788646684,""right"":440,""bottom"":205.1923788646684,""left"":360},{""x"":700,""y"":165.1923788646684,""width"":80,""height"":80,""top"":125.1923788646684,""right"":740,""bottom"":205.1923788646684,""left"":660},{""x"":850,""y"":425,""width"":80,""height"":80,""top"":385,""right"":890,""bottom"":465,""left"":810},{""x"":700,""y"":684.8076211353316,""width"":80,""height"":80,""top"":644.8076211353316,""right"":740,""bottom"":724.8076211353316,""left"":660},{""x"":400,""y"":684.8076211353316,""width"":80,""height"":80,""top"":644.8076211353316,""right"":440,""bottom"":724.8076211353316,""left"":360}]","{""#container"":{""x"":410,""y"":129.390625,""width"":1100,""height"":850,""top"":129.390625,""right"":1510,""bottom"":979.390625,""left"":410}}","[{'cyan': 6}, {'blue': 8}, {'purple': 0}, {'yellow': 10}, {'red': 0}, {'green': 3}]",{'yellow': 10},yellow
587,,,,618.0,9.0,3.0,"[""yellow"",""blue"",""green"",""red"",""cyan"",""purple""]",cyan_1,False,"[{""x"":1119,""y"":432,""t"":3},{""x"":1097,""y"":422,""t"":39},{""x"":1057,""y"":440,""t"":78},{""x"":1041,""y"":418,""t"":107},{""x"":1035,""y"":379,""t"":144},{""x"":1007,""y"":357,""t"":172},{""x"":990,""y"":334,""t"":208},{""x"":963,""y"":371,""t"":248},{""x"":955,""y"":412,""t"":277},{""x"":957,""y"":417,""t"":310},{""x"":967,""y"":427,""t"":358},{""x"":955,""y"":428,""t"":385},{""x"":944,""y"":435,""t"":409},{""x"":922,""y"":688,""t"":448},{""x"":908,""y"":902,""t"":478},{""x"":846,""y"":1107,""t"":517},{""x"":804,""y"":1289,""t"":548},{""x"":765,""y"":1429,""t"":596},{""x"":739,""y"":1538,""t"":623},{""x"":737,""y"":1611,""t"":652},{""x"":738,""y"":1619,""t"":683},{""x"":751,""y"":1578,""t"":722},{""x"":776,""y"":1492,""t"":752},{""x"":807,""y"":1354,""t"":799},{""x"":822,""y"":1193,""t"":826},{""x"":833,""y"":1043,""t"":854},{""x"":853,""y"":892,""t"":894},{""x"":865,""y"":772,""t"":921},{""x"":845,""y"":665,""t"":958},{""x"":861,""y"":562,""t"":991},{""x"":872,""y"":485,""t"":1033},{""x"":873,""y"":439,""t"":1061},{""x"":870,""y"":416,""t"":1092},{""x"":859,""y"":395,""t"":1128},{""x"":862,""y"":374,""t"":1160},{""x"":864,""y"":366,""t"":1206},{""x"":872,""y"":344,""t"":1233},{""x"":876,""y"":337,""t"":1261},{""x"":873,""y"":338,""t"":1300},{""x"":870,""y"":339,""t"":1331},{""x"":875,""y"":352,""t"":1364},{""x"":876,""y"":385,""t"":1408},{""x"":872,""y"":388,""t"":1432},{""x"":875,""y"":384,""t"":1465},{""x"":879,""y"":396,""t"":1504},{""x"":881,""y"":384,""t"":1534},{""x"":891,""y"":373,""t"":1568},{""x"":893,""y"":380,""t"":1614},{""x"":900,""y"":375,""t"":1640},{""x"":906,""y"":384,""t"":1670},{""x"":911,""y"":393,""t"":1706},{""x"":896,""y"":392,""t"":1738},{""x"":878,""y"":388,""t"":1776},{""x"":862,""y"":385,""t"":1805},{""x"":851,""y"":389,""t"":1841},{""x"":839,""y"":390,""t"":1880},{""x"":860,""y"":382,""t"":1909},{""x"":867,""y"":396,""t"":1943},{""x"":873,""y"":403,""t"":1984}]","[{""x"":250,""y"":425,""width"":80,""height"":80,""top"":385,""right"":290,""bottom"":465,""left"":210},{""x"":400,""y"":165.1923788646684,""width"":80,""height"":80,""top"":125.1923788646684,""right"":440,""bottom"":205.1923788646684,""left"":360},{""x"":700,""y"":165.1923788646684,""width"":80,""height"":80,""top"":125.1923788646684,""right"":740,""bottom"":205.1923788646684,""left"":660},{""x"":850,""y"":425,""width"":80,""height"":80,""top"":385,""right"":890,""bottom"":465,""left"":810},{""x"":700,""y"":684.8076211353316,""width"":80,""height"":80,""top"":644.8076211353316,""right"":740,""bottom"":724.8076211353316,""left"":660},{""x"":400,""y"":684.8076211353316,""width"":80,""height"":80,""top"":644.8076211353316,""right"":440,""bottom"":724.8076211353316,""left"":360}]","{""#container"":{""x"":410,""y"":129.390625,""width"":1100,""height"":850,""top"":129.390625,""right"":1510,""bottom"":979.390625,""left"":410}}","[{'yellow': 0}, {'blue': 27}, {'green': 6}, {'red': 0}, {'cyan': 0}, {'purple': 3}]",,blue
588,,,,984.0,7.0,7.0,"[""red"",""yellow"",""purple"",""cyan"",""green"",""blue""]",yellow,True,"[{""x"":884,""y"":419,""t"":3},{""x"":891,""y"":431,""t"":45},{""x"":876,""y"":408,""t"":72},{""x"":883,""y"":426,""t"":108},{""x"":893,""y"":431,""t"":140},{""x"":880,""y"":433,""t"":174},{""x"":875,""y"":427,""t"":218},{""x"":882,""y"":388,""t"":246},{""x"":888,""y"":355,""t"":273},{""x"":892,""y"":359,""t"":312},{""x"":889,""y"":365,""t"":343},{""x"":889,""y"":381,""t"":382},{""x"":890,""y"":370,""t"":410},{""x"":889,""y"":392,""t"":446},{""x"":890,""y"":370,""t"":482},{""x"":887,""y"":389,""t"":515},{""x"":878,""y"":398,""t"":560},{""x"":877,""y"":398,""t"":587},{""x"":879,""y"":410,""t"":615},{""x"":880,""y"":410,""t"":652},{""x"":880,""y"":409,""t"":682},{""x"":882,""y"":418,""t"":718},{""x"":887,""y"":425,""t"":761},{""x"":891,""y"":424,""t"":786},{""x"":886,""y"":423,""t"":824},{""x"":880,""y"":423,""t"":854},{""x"":882,""y"":433,""t"":888},{""x"":899,""y"":426,""t"":934},{""x"":906,""y"":448,""t"":962},{""x"":913,""y"":427,""t"":991},{""x"":920,""y"":432,""t"":1030},{""x"":929,""y"":436,""t"":1059},{""x"":925,""y"":423,""t"":1092},{""x"":908,""y"":419,""t"":1138},{""x"":897,""y"":428,""t"":1160},{""x"":903,""y"":430,""t"":1201},{""x"":890,""y"":417,""t"":1228},{""x"":892,""y"":401,""t"":1263},{""x"":890,""y"":397,""t"":1295},{""x"":895,""y"":410,""t"":1340},{""x"":899,""y"":418,""t"":1364},{""x"":903,""y"":412,""t"":1403},{""x"":901,""y"":404,""t"":1432},{""x"":898,""y"":407,""t"":1466},{""x"":896,""y"":422,""t"":1513},{""x"":911,""y"":411,""t"":1536},{""x"":909,""y"":395,""t"":1568},{""x"":928,""y"":414,""t"":1606},{""x"":924,""y"":422,""t"":1636},{""x"":930,""y"":408,""t"":1670},{""x"":934,""y"":405,""t"":1710},{""x"":942,""y"":404,""t"":1736},{""x"":942,""y"":421,""t"":1773},{""x"":939,""y"":415,""t"":1803},{""x"":934,""y"":430,""t"":1841},{""x"":931,""y"":437,""t"":1886},{""x"":936,""y"":430,""t"":1907},{""x"":930,""y"":446,""t"":1942},{""x"":940,""y"":451,""t"":1982}]","[{""x"":250,""y"":425,""width"":80,""height"":80,""top"":385,""right"":290,""bottom"":465,""left"":210},{""x"":400,""y"":165.1923788646684,""width"":80,""height"":80,""top"":125.1923788646684,""right"":440,""bottom"":205.1923788646684,""left"":360},{""x"":700,""y"":165.1923788646684,""width"":80,""height"":80,""top"":125.1923788646684,""right"":740,""bottom"":205.1923788646684,""left"":660},{""x"":850,""y"":425,""width"":80,""height"":80,""top"":385,""right"":890,""bottom"":465,""left"":810},{""x"":700,""y"":684.8076211353316,""width"":80,""height"":80,""top"":644.8076211353316,""right"":740,""bottom"":724.8076211353316,""left"":660},{""x"":400,""y"":684.8076211353316,""width"":80,""height"":80,""top"":644.8076211353316,""right"":440,""bottom"":724.8076211353316,""left"":360}]","{""#container"":{""x"":410,""y"":129.390625,""width"":1100,""height"":850,""top"":129.390625,""right"":1510,""bottom"":979.390625,""left"":410}}","[{'red': 0}, {'yellow': 28}, {'purple': 0}, {'cyan': 0}, {'green': 0}, {'blue': 0}]",{'yellow': 28},yellow
589,,,,1133.0,3.0,3.0,"[""cyan"",""green"",""red"",""yellow"",""purple"",""blue""]",purple,True,"[{""x"":922,""y"":426,""t"":3},{""x"":928,""y"":424,""t"":38},{""x"":922,""y"":427,""t"":77},{""x"":913,""y"":448,""t"":106},{""x"":918,""y"":459,""t"":141},{""x"":911,""y"":459,""t"":187},{""x"":906,""y"":438,""t"":213},{""x"":887,""y"":423,""t"":242},{""x"":882,""y"":432,""t"":281},{""x"":889,""y"":458,""t"":310},{""x"":902,""y"":457,""t"":344},{""x"":920,""y"":447,""t"":381},{""x"":935,""y"":438,""t"":409},{""x"":943,""y"":452,""t"":456},{""x"":955,""y"":445,""t"":483},{""x"":942,""y"":493,""t"":513},{""x"":915,""y"":767,""t"":549},{""x"":865,""y"":1009,""t"":589},{""x"":816,""y"":1210,""t"":616},{""x"":782,""y"":1376,""t"":653},{""x"":749,""y"":1479,""t"":682},{""x"":730,""y"":1557,""t"":717},{""x"":733,""y"":1584,""t"":754},{""x"":759,""y"":1529,""t"":786},{""x"":773,""y"":1484,""t"":827},{""x"":789,""y"":1359,""t"":854},{""x"":799,""y"":1167,""t"":893},{""x"":806,""y"":1028,""t"":919},{""x"":815,""y"":863,""t"":957},{""x"":823,""y"":743,""t"":989},{""x"":839,""y"":636,""t"":1036},{""x"":850,""y"":555,""t"":1062},{""x"":862,""y"":486,""t"":1093},{""x"":858,""y"":426,""t"":1130},{""x"":847,""y"":384,""t"":1160},{""x"":850,""y"":344,""t"":1209},{""x"":853,""y"":316,""t"":1236},{""x"":913,""y"":324,""t"":1263},{""x"":980,""y"":330,""t"":1297},{""x"":1020,""y"":343,""t"":1336},{""x"":1028,""y"":348,""t"":1365},{""x"":1054,""y"":332,""t"":1399},{""x"":1083,""y"":347,""t"":1446},{""x"":1097,""y"":329,""t"":1472},{""x"":1102,""y"":315,""t"":1500},{""x"":1106,""y"":333,""t"":1542},{""x"":1108,""y"":325,""t"":1569},{""x"":1115,""y"":349,""t"":1604},{""x"":1113,""y"":372,""t"":1636},{""x"":1109,""y"":366,""t"":1681},{""x"":1097,""y"":363,""t"":1710},{""x"":1094,""y"":347,""t"":1737},{""x"":1093,""y"":354,""t"":1774},{""x"":1091,""y"":363,""t"":1805},{""x"":1087,""y"":370,""t"":1852},{""x"":1080,""y"":369,""t"":1880},{""x"":1073,""y"":376,""t"":1908},{""x"":1068,""y"":360,""t"":1946},{""x"":1068,""y"":341,""t"":1976}]","[{""x"":250,""y"":425,""width"":80,""height"":80,""top"":385,""right"":290,""bottom"":465,""left"":210},{""x"":400,""y"":165.1923788646684,""width"":80,""height"":80,""top"":125.1923788646684,""right"":440,""bottom"":205.1923788646684,""left"":360},{""x"":700,""y"":165.1923788646684,""width"":80,""height"":80,""top"":125.1923788646684,""right"":740,""bottom"":205.1923788646684,""left"":660},{""x"":850,""y"":425,""width"":80,""height"":80,""top"":385,""right"":890,""bottom"":465,""left"":810},{""x"":700,""y"":684.8076211353316,""width"":80,""height"":80,""top"":644.8076211353316,""right"":740,""bottom"":724.8076211353316,""left"":660},{""x"":400,""y"":684.8076211353316,""width"":80,""height"":80,""top"":644.8076211353316,""right"":440,""bottom"":724.8076211353316,""left"":360}]","{""#container"":{""x"":410,""y"":129.390625,""width"":1100,""height"":850,""top"":129.390625,""right"":1510,""bottom"":979.390625,""left"":410}}","[{'cyan': 0}, {'green': 6}, {'red': 21}, {'yellow': 0}, {'purple': 0}, {'blue': 3}]",,red
590,,,,1140.0,9.0,9.0,"[""green"",""red"",""purple"",""blue"",""cyan"",""yellow""]",purple,True,"[{""x"":1029,""y"":355,""t"":3},{""x"":995,""y"":342,""t"":38},{""x"":975,""y"":344,""t"":79},{""x"":970,""y"":351,""t"":107},{""x"":930,""y"":356,""t"":154},{""x"":911,""y"":353,""t"":182},{""x"":896,""y"":336,""t"":209},{""x"":906,""y"":351,""t"":249},{""x"":895,""y"":330,""t"":276},{""x"":876,""y"":333,""t"":312},{""x"":861,""y"":334,""t"":344},{""x"":820,""y"":334,""t"":391},{""x"":783,""y"":334,""t"":420},{""x"":773,""y"":325,""t"":446},{""x"":749,""y"":315,""t"":486},{""x"":734,""y"":310,""t"":514},{""x"":782,""y"":256,""t"":549},{""x"":808,""y"":228,""t"":590},{""x"":830,""y"":206,""t"":614},{""x"":860,""y"":182,""t"":654},{""x"":887,""y"":156,""t"":682},{""x"":902,""y"":116,""t"":718},{""x"":879,""y"":118,""t"":765},{""x"":858,""y"":121,""t"":790},{""x"":828,""y"":131,""t"":820},{""x"":804,""y"":158,""t"":859},{""x"":792,""y"":166,""t"":887},{""x"":803,""y"":174,""t"":922},{""x"":806,""y"":202,""t"":958},{""x"":839,""y"":234,""t"":988},{""x"":847,""y"":261,""t"":1033},{""x"":874,""y"":273,""t"":1058},{""x"":878,""y"":291,""t"":1097},{""x"":879,""y"":405,""t"":1126},{""x"":877,""y"":672,""t"":1160},{""x"":860,""y"":961,""t"":1199},{""x"":846,""y"":1200,""t"":1226},{""x"":811,""y"":1377,""t"":1262},{""x"":790,""y"":1530,""t"":1301},{""x"":783,""y"":1629,""t"":1330},{""x"":787,""y"":1657,""t"":1365},{""x"":803,""y"":1649,""t"":1411},{""x"":826,""y"":1571,""t"":1439},{""x"":848,""y"":1430,""t"":1465},{""x"":869,""y"":1287,""t"":1506},{""x"":924,""y"":1094,""t"":1533},{""x"":950,""y"":914,""t"":1569},{""x"":976,""y"":741,""t"":1615},{""x"":994,""y"":592,""t"":1638},{""x"":991,""y"":477,""t"":1670},{""x"":1006,""y"":381,""t"":1707},{""x"":994,""y"":313,""t"":1738},{""x"":998,""y"":242,""t"":1784},{""x"":1001,""y"":203,""t"":1808},{""x"":998,""y"":154,""t"":1840},{""x"":995,""y"":133,""t"":1878},{""x"":986,""y"":133,""t"":1908},{""x"":982,""y"":149,""t"":1942},{""x"":967,""y"":153,""t"":1990}]","[{""x"":250,""y"":425,""width"":80,""height"":80,""top"":385,""right"":290,""bottom"":465,""left"":210},{""x"":400,""y"":165.1923788646684,""width"":80,""height"":80,""top"":125.1923788646684,""right"":440,""bottom"":205.1923788646684,""left"":360},{""x"":700,""y"":165.1923788646684,""width"":80,""height"":80,""top"":125.1923788646684,""right"":740,""bottom"":205.1923788646684,""left"":660},{""x"":850,""y"":425,""width"":80,""height"":80,""top"":385,""right"":890,""bottom"":465,""left"":810},{""x"":700,""y"":684.8076211353316,""width"":80,""height"":80,""top"":644.8076211353316,""right"":740,""bottom"":724.8076211353316,""left"":660},{""x"":400,""y"":684.8076211353316,""width"":80,""height"":80,""top"":644.8076211353316,""right"":440,""bottom"":724.8076211353316,""left"":360}]","{""#container"":{""x"":410,""y"":129.390625,""width"":1100,""height"":850,""top"":129.390625,""right"":1510,""bottom"":979.390625,""left"":410}}","[{'green': 0}, {'red': 25}, {'purple': 7}, {'blue': 0}, {'cyan': 0}, {'yellow': 0}]",{'purple': 7},red
591,,,,664.0,3.0,3.0,"[""blue"",""cyan"",""yellow"",""purple"",""green"",""red""]",green,True,"[{""x"":969,""y"":189,""t"":3},{""x"":950,""y"":216,""t"":38},{""x"":931,""y"":228,""t"":77},{""x"":927,""y"":254,""t"":107},{""x"":915,""y"":270,""t"":141},{""x"":915,""y"":276,""t"":173},{""x"":912,""y"":295,""t"":217},{""x"":909,""y"":291,""t"":241},{""x"":925,""y"":288,""t"":281},{""x"":930,""y"":321,""t"":310},{""x"":923,""y"":328,""t"":344},{""x"":912,""y"":444,""t"":381},{""x"":903,""y"":542,""t"":409},{""x"":864,""y"":840,""t"":445},{""x"":830,""y"":1104,""t"":483},{""x"":796,""y"":1310,""t"":513},{""x"":770,""y"":1479,""t"":561},{""x"":754,""y"":1594,""t"":585},{""x"":751,""y"":1664,""t"":615},{""x"":755,""y"":1694,""t"":656},{""x"":763,""y"":1683,""t"":684},{""x"":766,""y"":1600,""t"":719},{""x"":790,""y"":1483,""t"":752},{""x"":816,""y"":1373,""t"":797},{""x"":829,""y"":1239,""t"":821},{""x"":851,""y"":1124,""t"":859},{""x"":860,""y"":1026,""t"":888},{""x"":868,""y"":946,""t"":937},{""x"":897,""y"":896,""t"":960},{""x"":934,""y"":844,""t"":989},{""x"":968,""y"":798,""t"":1029},{""x"":995,""y"":771,""t"":1057},{""x"":1018,""y"":766,""t"":1093},{""x"":1042,""y"":760,""t"":1125},{""x"":1111,""y"":713,""t"":1172},{""x"":1162,""y"":621,""t"":1199},{""x"":1214,""y"":546,""t"":1228},{""x"":1262,""y"":486,""t"":1266},{""x"":1310,""y"":438,""t"":1295},{""x"":1316,""y"":383,""t"":1341},{""x"":1321,""y"":360,""t"":1366},{""x"":1320,""y"":356,""t"":1397},{""x"":1315,""y"":353,""t"":1436},{""x"":1275,""y"":312,""t"":1466},{""x"":1238,""y"":268,""t"":1499},{""x"":1186,""y"":232,""t"":1533},{""x"":1155,""y"":202,""t"":1576},{""x"":1123,""y"":190,""t"":1601},{""x"":1097,""y"":170,""t"":1641},{""x"":1093,""y"":180,""t"":1670},{""x"":1072,""y"":177,""t"":1709},{""x"":1042,""y"":178,""t"":1735},{""x"":1014,""y"":192,""t"":1773},{""x"":945,""y"":183,""t"":1805},{""x"":875,""y"":188,""t"":1845},{""x"":806,""y"":193,""t"":1875},{""x"":764,""y"":194,""t"":1923},{""x"":732,""y"":195,""t"":1944},{""x"":723,""y"":199,""t"":1975}]","[{""x"":250,""y"":425,""width"":80,""height"":80,""top"":385,""right"":290,""bottom"":465,""left"":210},{""x"":400,""y"":165.1923788646684,""width"":80,""height"":80,""top"":125.1923788646684,""right"":440,""bottom"":205.1923788646684,""left"":360},{""x"":700,""y"":165.1923788646684,""width"":80,""height"":80,""top"":125.1923788646684,""right"":740,""bottom"":205.1923788646684,""left"":660},{""x"":850,""y"":425,""width"":80,""height"":80,""top"":385,""right"":890,""bottom"":465,""left"":810},{""x"":700,""y"":684.8076211353316,""width"":80,""height"":80,""top"":644.8076211353316,""right"":740,""bottom"":724.8076211353316,""left"":660},{""x"":400,""y"":684.8076211353316,""width"":80,""height"":80,""top"":644.8076211353316,""right"":440,""bottom"":724.8076211353316,""left"":360}]","{""#container"":{""x"":410,""y"":129.390625,""width"":1100,""height"":850,""top"":129.390625,""right"":1510,""bottom"":979.390625,""left"":410}}","[{'blue': 0}, {'cyan': 14}, {'yellow': 9}, {'purple': 4}, {'green': 5}, {'red': 4}]",{'green': 5},cyan
592,,,,596.0,4.0,6.0,"[""cyan"",""red"",""yellow"",""green"",""blue"",""purple""]",green_1,False,"[{""x"":756,""y"":257,""t"":3},{""x"":785,""y"":284,""t"":46},{""x"":813,""y"":305,""t"":71},{""x"":835,""y"":326,""t"":105},{""x"":856,""y"":344,""t"":142},{""x"":892,""y"":344,""t"":174},{""x"":915,""y"":344,""t"":220},{""x"":922,""y"":343,""t"":248},{""x"":920,""y"":339,""t"":276},{""x"":910,""y"":337,""t"":314},{""x"":858,""y"":317,""t"":344},{""x"":824,""y"":312,""t"":393},{""x"":796,""y"":298,""t"":417},{""x"":770,""y"":281,""t"":444},{""x"":752,""y"":272,""t"":487},{""x"":736,""y"":272,""t"":514},{""x"":719,""y"":265,""t"":550},{""x"":720,""y"":269,""t"":582},{""x"":704,""y"":296,""t"":630},{""x"":705,""y"":330,""t"":657},{""x"":687,""y"":364,""t"":684},{""x"":667,""y"":377,""t"":723},{""x"":666,""y"":406,""t"":752},{""x"":664,""y"":432,""t"":787},{""x"":663,""y"":457,""t"":834},{""x"":665,""y"":489,""t"":861},{""x"":667,""y"":508,""t"":888},{""x"":706,""y"":492,""t"":929},{""x"":784,""y"":495,""t"":955},{""x"":828,""y"":473,""t"":990},{""x"":883,""y"":477,""t"":1036},{""x"":932,""y"":460,""t"":1060},{""x"":970,""y"":450,""t"":1092},{""x"":990,""y"":467,""t"":1131},{""x"":1017,""y"":454,""t"":1160},{""x"":1024,""y"":455,""t"":1195},{""x"":1023,""y"":467,""t"":1240},{""x"":1024,""y"":466,""t"":1264},{""x"":1029,""y"":461,""t"":1296},{""x"":1031,""y"":484,""t"":1336},{""x"":1022,""y"":499,""t"":1364},{""x"":1013,""y"":487,""t"":1398},{""x"":1045,""y"":450,""t"":1438},{""x"":1064,""y"":442,""t"":1464},{""x"":1090,""y"":431,""t"":1502},{""x"":1110,""y"":422,""t"":1532},{""x"":1135,""y"":402,""t"":1571},{""x"":1144,""y"":389,""t"":1601},{""x"":1167,""y"":375,""t"":1647},{""x"":1173,""y"":349,""t"":1669},{""x"":1170,""y"":355,""t"":1710},{""x"":1164,""y"":313,""t"":1737},{""x"":1157,""y"":284,""t"":1773},{""x"":1147,""y"":267,""t"":1806},{""x"":1141,""y"":265,""t"":1850},{""x"":1138,""y"":261,""t"":1878},{""x"":1122,""y"":245,""t"":1907},{""x"":1116,""y"":321,""t"":1944},{""x"":1116,""y"":379,""t"":1973}]","[{""x"":250,""y"":425,""width"":80,""height"":80,""top"":385,""right"":290,""bottom"":465,""left"":210},{""x"":400,""y"":165.1923788646684,""width"":80,""height"":80,""top"":125.1923788646684,""right"":440,""bottom"":205.1923788646684,""left"":360},{""x"":700,""y"":165.1923788646684,""width"":80,""height"":80,""top"":125.1923788646684,""right"":740,""bottom"":205.1923788646684,""left"":660},{""x"":850,""y"":425,""width"":80,""height"":80,""top"":385,""right"":890,""bottom"":465,""left"":810},{""x"":700,""y"":684.8076211353316,""width"":80,""height"":80,""top"":644.8076211353316,""right"":740,""bottom"":724.8076211353316,""left"":660},{""x"":400,""y"":684.8076211353316,""width"":80,""height"":80,""top"":644.8076211353316,""right"":440,""bottom"":724.8076211353316,""left"":360}]","{""#container"":{""x"":410,""y"":129.390625,""width"":1100,""height"":850,""top"":129.390625,""right"":1510,""bottom"":979.390625,""left"":410}}","[{'cyan': 7}, {'red': 21}, {'yellow': 15}, {'green': 0}, {'blue': 0}, {'purple': 0}]",,red
593,,,,929.0,9.0,9.0,"[""purple"",""yellow"",""cyan"",""blue"",""green"",""red""]",cyan_1,True,"[{""x"":1083,""y"":391,""t"":3},{""x"":1064,""y"":419,""t"":38},{""x"":1049,""y"":452,""t"":86},{""x"":1039,""y"":496,""t"":109},{""x"":1018,""y"":508,""t"":140},{""x"":995,""y"":506,""t"":180},{""x"":984,""y"":504,""t"":208},{""x"":971,""y"":496,""t"":243},{""x"":979,""y"":509,""t"":286},{""x"":988,""y"":519,""t"":308},{""x"":972,""y"":518,""t"":352},{""x"":946,""y"":650,""t"":379},{""x"":907,""y"":903,""t"":413},{""x"":855,""y"":1118,""t"":446},{""x"":809,""y"":1306,""t"":494},{""x"":764,""y"":1440,""t"":520},{""x"":768,""y"":1527,""t"":547},{""x"":742,""y"":1552,""t"":587},{""x"":741,""y"":1519,""t"":615},{""x"":717,""y"":1365,""t"":655},{""x"":698,""y"":1230,""t"":682},{""x"":681,""y"":1110,""t"":727},{""x"":657,""y"":975,""t"":752},{""x"":655,""y"":854,""t"":790},{""x"":648,""y"":767,""t"":821},{""x"":628,""y"":687,""t"":862},{""x"":612,""y"":625,""t"":886},{""x"":606,""y"":579,""t"":926},{""x"":599,""y"":535,""t"":956},{""x"":605,""y"":490,""t"":990},{""x"":598,""y"":477,""t"":1024},{""x"":602,""y"":463,""t"":1070},{""x"":605,""y"":453,""t"":1097},{""x"":609,""y"":450,""t"":1124},{""x"":629,""y"":487,""t"":1164},{""x"":658,""y"":514,""t"":1194},{""x"":689,""y"":522,""t"":1230},{""x"":726,""y"":541,""t"":1260},{""x"":757,""y"":549,""t"":1303},{""x"":783,""y"":589,""t"":1330},{""x"":791,""y"":602,""t"":1366},{""x"":804,""y"":626,""t"":1398},{""x"":843,""y"":634,""t"":1444},{""x"":866,""y"":656,""t"":1471},{""x"":875,""y"":663,""t"":1498},{""x"":884,""y"":682,""t"":1534},{""x"":878,""y"":683,""t"":1570},{""x"":872,""y"":667,""t"":1602},{""x"":846,""y"":645,""t"":1648},{""x"":827,""y"":606,""t"":1675},{""x"":824,""y"":559,""t"":1703},{""x"":807,""y"":536,""t"":1742},{""x"":812,""y"":510,""t"":1772},{""x"":875,""y"":495,""t"":1819},{""x"":961,""y"":490,""t"":1848},{""x"":1015,""y"":506,""t"":1873},{""x"":1061,""y"":534,""t"":1915},{""x"":1095,""y"":549,""t"":1942},{""x"":1113,""y"":558,""t"":1975}]","[{""x"":250,""y"":425,""width"":80,""height"":80,""top"":385,""right"":290,""bottom"":465,""left"":210},{""x"":400,""y"":165.1923788646684,""width"":80,""height"":80,""top"":125.1923788646684,""right"":440,""bottom"":205.1923788646684,""left"":360},{""x"":700,""y"":165.1923788646684,""width"":80,""height"":80,""top"":125.1923788646684,""right"":740,""bottom"":205.1923788646684,""left"":660},{""x"":850,""y"":425,""width"":80,""height"":80,""top"":385,""right"":890,""bottom"":465,""left"":810},{""x"":700,""y"":684.8076211353316,""width"":80,""height"":80,""top"":644.8076211353316,""right"":740,""bottom"":724.8076211353316,""left"":660},{""x"":400,""y"":684.8076211353316,""width"":80,""height"":80,""top"":644.8076211353316,""right"":440,""bottom"":724.8076211353316,""left"":360}]","{""#container"":{""x"":410,""y"":129.390625,""width"":1100,""height"":850,""top"":129.390625,""right"":1510,""bottom"":979.390625,""left"":410}}","[{'purple': 17}, {'yellow': 0}, {'cyan': 2}, {'blue': 1}, {'green': 0}, {'red': 2}]",{'cyan_1': 2},purple
594,,,,705.0,7.0,7.0,"[""cyan"",""purple"",""green"",""blue"",""red"",""yellow""]",purple_1,True,"[{""x"":1067,""y"":529,""t"":3},{""x"":1056,""y"":506,""t"":37},{""x"":1036,""y"":482,""t"":78},{""x"":1025,""y"":452,""t"":106},{""x"":1006,""y"":429,""t"":141},{""x"":987,""y"":400,""t"":173},{""x"":974,""y"":391,""t"":219},{""x"":964,""y"":385,""t"":243},{""x"":959,""y"":374,""t"":275},{""x"":954,""y"":371,""t"":315},{""x"":949,""y"":367,""t"":344},{""x"":941,""y"":375,""t"":377},{""x"":926,""y"":480,""t"":418},{""x"":915,""y"":564,""t"":443},{""x"":857,""y"":823,""t"":489},{""x"":829,""y"":1089,""t"":513},{""x"":785,""y"":1264,""t"":551},{""x"":746,""y"":1403,""t"":581},{""x"":725,""y"":1498,""t"":627},{""x"":704,""y"":1589,""t"":655},{""x"":697,""y"":1647,""t"":685},{""x"":725,""y"":1630,""t"":722},{""x"":750,""y"":1605,""t"":749},{""x"":761,""y"":1527,""t"":786},{""x"":764,""y"":1381,""t"":834},{""x"":755,""y"":1272,""t"":861},{""x"":759,""y"":1129,""t"":885},{""x"":755,""y"":1046,""t"":926},{""x"":755,""y"":959,""t"":956},{""x"":768,""y"":867,""t"":990},{""x"":773,""y"":769,""t"":1026},{""x"":777,""y"":691,""t"":1055},{""x"":769,""y"":622,""t"":1101},{""x"":773,""y"":573,""t"":1127},{""x"":767,""y"":548,""t"":1163},{""x"":749,""y"":506,""t"":1193},{""x"":740,""y"":469,""t"":1242},{""x"":744,""y"":467,""t"":1263},{""x"":747,""y"":476,""t"":1296},{""x"":744,""y"":492,""t"":1330},{""x"":745,""y"":481,""t"":1366},{""x"":748,""y"":498,""t"":1398},{""x"":734,""y"":483,""t"":1445},{""x"":739,""y"":463,""t"":1472},{""x"":740,""y"":435,""t"":1500},{""x"":748,""y"":396,""t"":1537},{""x"":750,""y"":388,""t"":1568},{""x"":756,""y"":348,""t"":1615},{""x"":747,""y"":314,""t"":1643},{""x"":760,""y"":301,""t"":1670},{""x"":758,""y"":280,""t"":1708},{""x"":756,""y"":269,""t"":1738},{""x"":820,""y"":288,""t"":1784},{""x"":894,""y"":321,""t"":1812},{""x"":942,""y"":366,""t"":1839},{""x"":972,""y"":368,""t"":1876},{""x"":997,""y"":381,""t"":1908},{""x"":1020,""y"":375,""t"":1953},{""x"":1044,""y"":413,""t"":1979}]","[{""x"":250,""y"":425,""width"":80,""height"":80,""top"":385,""right"":290,""bottom"":465,""left"":210},{""x"":400,""y"":165.1923788646684,""width"":80,""height"":80,""top"":125.1923788646684,""right"":440,""bottom"":205.1923788646684,""left"":360},{""x"":700,""y"":165.1923788646684,""width"":80,""height"":80,""top"":125.1923788646684,""right"":740,""bottom"":205.1923788646684,""left"":660},{""x"":850,""y"":425,""width"":80,""height"":80,""top"":385,""right"":890,""bottom"":465,""left"":810},{""x"":700,""y"":684.8076211353316,""width"":80,""height"":80,""top"":644.8076211353316,""right"":740,""bottom"":724.8076211353316,""left"":660},{""x"":400,""y"":684.8076211353316,""width"":80,""height"":80,""top"":644.8076211353316,""right"":440,""bottom"":724.8076211353316,""left"":360}]","{""#container"":{""x"":410,""y"":129.390625,""width"":1100,""height"":850,""top"":129.390625,""right"":1510,""bottom"":979.390625,""left"":410}}","[{'cyan': 13}, {'purple': 9}, {'green': 3}, {'blue': 0}, {'red': 0}, {'yellow': 4}]",{'purple_1': 9},cyan
595,,,,671.0,9.0,9.0,"[""purple"",""blue"",""yellow"",""red"",""green"",""cyan""]",yellow,True,"[{""x"":1043,""y"":451,""t"":3},{""x"":1032,""y"":461,""t"":37},{""x"":1023,""y"":451,""t"":77},{""x"":1013,""y"":426,""t"":106},{""x"":1010,""y"":422,""t"":140},{""x"":992,""y"":420,""t"":187},{""x"":986,""y"":415,""t"":213},{""x"":975,""y"":396,""t"":242},{""x"":966,""y"":383,""t"":280},{""x"":961,""y"":380,""t"":310},{""x"":956,""y"":389,""t"":349},{""x"":959,""y"":409,""t"":376},{""x"":969,""y"":474,""t"":413},{""x"":960,""y"":508,""t"":443},{""x"":943,""y"":532,""t"":481},{""x"":948,""y"":527,""t"":525},{""x"":948,""y"":525,""t"":552},{""x"":939,""y"":506,""t"":582},{""x"":881,""y"":516,""t"":622},{""x"":826,""y"":525,""t"":648},{""x"":762,""y"":539,""t"":685},{""x"":702,""y"":540,""t"":717},{""x"":647,""y"":532,""t"":765},{""x"":628,""y"":529,""t"":791},{""x"":608,""y"":523,""t"":820},{""x"":594,""y"":511,""t"":858},{""x"":597,""y"":487,""t"":887},{""x"":607,""y"":498,""t"":925},{""x"":598,""y"":501,""t"":954},{""x"":603,""y"":451,""t"":989},{""x"":589,""y"":437,""t"":1031},{""x"":598,""y"":411,""t"":1057},{""x"":600,""y"":393,""t"":1092},{""x"":606,""y"":378,""t"":1139},{""x"":603,""y"":359,""t"":1165},{""x"":598,""y"":384,""t"":1194},{""x"":602,""y"":376,""t"":1235},{""x"":666,""y"":360,""t"":1261},{""x"":721,""y"":344,""t"":1297},{""x"":763,""y"":358,""t"":1330},{""x"":800,""y"":360,""t"":1376},{""x"":839,""y"":356,""t"":1403},{""x"":863,""y"":369,""t"":1432},{""x"":882,""y"":369,""t"":1471},{""x"":890,""y"":381,""t"":1500},{""x"":885,""y"":425,""t"":1535},{""x"":885,""y"":433,""t"":1581},{""x"":865,""y"":478,""t"":1604},{""x"":857,""y"":490,""t"":1635},{""x"":854,""y"":496,""t"":1676},{""x"":858,""y"":487,""t"":1705},{""x"":859,""y"":495,""t"":1752},{""x"":860,""y"":482,""t"":1776},{""x"":843,""y"":495,""t"":1805},{""x"":835,""y"":483,""t"":1845},{""x"":820,""y"":507,""t"":1873},{""x"":803,""y"":547,""t"":1917},{""x"":789,""y"":580,""t"":1940},{""x"":782,""y"":563,""t"":1981}]","[{""x"":250,""y"":425,""width"":80,""height"":80,""top"":385,""right"":290,""bottom"":465,""left"":210},{""x"":400,""y"":165.1923788646684,""width"":80,""height"":80,""top"":125.1923788646684,""right"":440,""bottom"":205.1923788646684,""left"":360},{""x"":700,""y"":165.1923788646684,""width"":80,""height"":80,""top"":125.1923788646684,""right"":740,""bottom"":205.1923788646684,""left"":660},{""x"":850,""y"":425,""width"":80,""height"":80,""top"":385,""right"":890,""bottom"":465,""left"":810},{""x"":700,""y"":684.8076211353316,""width"":80,""height"":80,""top"":644.8076211353316,""right"":740,""bottom"":724.8076211353316,""left"":660},{""x"":400,""y"":684.8076211353316,""width"":80,""height"":80,""top"":644.8076211353316,""right"":440,""bottom"":724.8076211353316,""left"":360}]","{""#container"":{""x"":410,""y"":129.390625,""width"":1100,""height"":850,""top"":129.390625,""right"":1510,""bottom"":979.390625,""left"":410}}","[{'purple': 14}, {'blue': 7}, {'yellow': 0}, {'red': 0}, {'green': 0}, {'cyan': 0}]",,purple
596,,,,646.0,7.0,7.0,"[""red"",""green"",""blue"",""purple"",""cyan"",""yellow""]",green,True,"[{""x"":818,""y"":584,""t"":3},{""x"":867,""y"":563,""t"":38},{""x"":895,""y"":554,""t"":77},{""x"":930,""y"":525,""t"":106},{""x"":950,""y"":505,""t"":141},{""x"":958,""y"":475,""t"":187},{""x"":972,""y"":454,""t"":214},{""x"":992,""y"":448,""t"":242},{""x"":996,""y"":444,""t"":282},{""x"":995,""y"":439,""t"":310},{""x"":987,""y"":423,""t"":344},{""x"":988,""y"":444,""t"":382},{""x"":976,""y"":453,""t"":410},{""x"":908,""y"":723,""t"":445},{""x"":848,""y"":947,""t"":485},{""x"":793,""y"":1140,""t"":514},{""x"":755,""y"":1306,""t"":558},{""x"":726,""y"":1438,""t"":579},{""x"":722,""y"":1513,""t"":621},{""x"":731,""y"":1572,""t"":648},{""x"":746,""y"":1508,""t"":685},{""x"":759,""y"":1506,""t"":715},{""x"":747,""y"":1351,""t"":767},{""x"":734,""y"":1189,""t"":794},{""x"":709,""y"":1057,""t"":822},{""x"":695,""y"":947,""t"":854},{""x"":701,""y"":824,""t"":893},{""x"":713,""y"":724,""t"":921},{""x"":723,""y"":626,""t"":957},{""x"":732,""y"":548,""t"":987},{""x"":736,""y"":518,""t"":1032},{""x"":736,""y"":482,""t"":1061},{""x"":767,""y"":426,""t"":1092},{""x"":837,""y"":415,""t"":1140},{""x"":883,""y"":380,""t"":1168},{""x"":938,""y"":363,""t"":1195},{""x"":980,""y"":364,""t"":1228},{""x"":1011,""y"":358,""t"":1266},{""x"":1025,""y"":368,""t"":1296},{""x"":1018,""y"":365,""t"":1344},{""x"":1017,""y"":370,""t"":1371},{""x"":1012,""y"":367,""t"":1398},{""x"":1016,""y"":388,""t"":1437},{""x"":1032,""y"":395,""t"":1466},{""x"":1037,""y"":410,""t"":1501},{""x"":1047,""y"":423,""t"":1547},{""x"":1046,""y"":442,""t"":1573},{""x"":1013,""y"":455,""t"":1602},{""x"":983,""y"":476,""t"":1640},{""x"":968,""y"":493,""t"":1670},{""x"":964,""y"":504,""t"":1710},{""x"":960,""y"":511,""t"":1736},{""x"":959,""y"":513,""t"":1782},{""x"":953,""y"":493,""t"":1809},{""x"":954,""y"":528,""t"":1840},{""x"":940,""y"":506,""t"":1877},{""x"":949,""y"":515,""t"":1908},{""x"":958,""y"":523,""t"":1942},{""x"":963,""y"":519,""t"":1982}]","[{""x"":250,""y"":425,""width"":80,""height"":80,""top"":385,""right"":290,""bottom"":465,""left"":210},{""x"":400,""y"":165.1923788646684,""width"":80,""height"":80,""top"":125.1923788646684,""right"":440,""bottom"":205.1923788646684,""left"":360},{""x"":700,""y"":165.1923788646684,""width"":80,""height"":80,""top"":125.1923788646684,""right"":740,""bottom"":205.1923788646684,""left"":660},{""x"":850,""y"":425,""width"":80,""height"":80,""top"":385,""right"":890,""bottom"":465,""left"":810},{""x"":700,""y"":684.8076211353316,""width"":80,""height"":80,""top"":644.8076211353316,""right"":740,""bottom"":724.8076211353316,""left"":660},{""x"":400,""y"":684.8076211353316,""width"":80,""height"":80,""top"":644.8076211353316,""right"":440,""bottom"":724.8076211353316,""left"":360}]","{""#container"":{""x"":410,""y"":129.390625,""width"":1100,""height"":850,""top"":129.390625,""right"":1510,""bottom"":979.390625,""left"":410}}","[{'red': 4}, {'green': 4}, {'blue': 10}, {'purple': 0}, {'cyan': 0}, {'yellow': 4}]",{'green': 4},blue
597,,,,827.0,3.0,3.0,"[""cyan"",""purple"",""yellow"",""green"",""red"",""blue""]",red,True,"[{""x"":968,""y"":504,""t"":3},{""x"":976,""y"":501,""t"":44},{""x"":972,""y"":510,""t"":72},{""x"":953,""y"":505,""t"":106},{""x"":947,""y"":521,""t"":153},{""x"":934,""y"":520,""t"":177},{""x"":919,""y"":509,""t"":208},{""x"":905,""y"":514,""t"":246},{""x"":891,""y"":501,""t"":275},{""x"":890,""y"":500,""t"":310},{""x"":893,""y"":489,""t"":356},{""x"":906,""y"":507,""t"":384},{""x"":918,""y"":487,""t"":412},{""x"":919,""y"":485,""t"":450},{""x"":916,""y"":485,""t"":480},{""x"":928,""y"":492,""t"":526},{""x"":918,""y"":494,""t"":551},{""x"":892,""y"":513,""t"":582},{""x"":909,""y"":523,""t"":621},{""x"":913,""y"":539,""t"":649},{""x"":896,""y"":522,""t"":684},{""x"":888,""y"":496,""t"":731},{""x"":871,""y"":470,""t"":757},{""x"":881,""y"":467,""t"":787},{""x"":864,""y"":460,""t"":824},{""x"":858,""y"":446,""t"":853},{""x"":818,""y"":454,""t"":894},{""x"":787,""y"":434,""t"":922},{""x"":747,""y"":421,""t"":958},{""x"":716,""y"":410,""t"":988},{""x"":703,""y"":407,""t"":1027},{""x"":690,""y"":419,""t"":1057},{""x"":683,""y"":417,""t"":1102},{""x"":734,""y"":418,""t"":1130},{""x"":792,""y"":389,""t"":1159},{""x"":848,""y"":364,""t"":1198},{""x"":890,""y"":349,""t"":1228},{""x"":918,""y"":336,""t"":1262},{""x"":943,""y"":328,""t"":1308},{""x"":976,""y"":349,""t"":1335},{""x"":995,""y"":343,""t"":1364},{""x"":1008,""y"":339,""t"":1400},{""x"":1007,""y"":374,""t"":1431},{""x"":1005,""y"":413,""t"":1470},{""x"":1001,""y"":447,""t"":1497},{""x"":1000,""y"":464,""t"":1534},{""x"":1002,""y"":487,""t"":1574},{""x"":1004,""y"":511,""t"":1601},{""x"":1010,""y"":535,""t"":1636},{""x"":1008,""y"":554,""t"":1684},{""x"":999,""y"":548,""t"":1711},{""x"":1008,""y"":553,""t"":1739},{""x"":1011,""y"":568,""t"":1773},{""x"":1004,""y"":581,""t"":1806},{""x"":1009,""y"":587,""t"":1855},{""x"":1034,""y"":547,""t"":1878},{""x"":1062,""y"":519,""t"":1908},{""x"":1076,""y"":488,""t"":1949},{""x"":1093,""y"":465,""t"":1977}]","[{""x"":250,""y"":425,""width"":80,""height"":80,""top"":385,""right"":290,""bottom"":465,""left"":210},{""x"":400,""y"":165.1923788646684,""width"":80,""height"":80,""top"":125.1923788646684,""right"":440,""bottom"":205.1923788646684,""left"":360},{""x"":700,""y"":165.1923788646684,""width"":80,""height"":80,""top"":125.1923788646684,""right"":740,""bottom"":205.1923788646684,""left"":660},{""x"":850,""y"":425,""width"":80,""height"":80,""top"":385,""right"":890,""bottom"":465,""left"":810},{""x"":700,""y"":684.8076211353316,""width"":80,""height"":80,""top"":644.8076211353316,""right"":740,""bottom"":724.8076211353316,""left"":660},{""x"":400,""y"":684.8076211353316,""width"":80,""height"":80,""top"":644.8076211353316,""right"":440,""bottom"":724.8076211353316,""left"":360}]","{""#container"":{""x"":410,""y"":129.390625,""width"":1100,""height"":850,""top"":129.390625,""right"":1510,""bottom"":979.390625,""left"":410}}","[{'cyan': 2}, {'purple': 9}, {'yellow': 4}, {'green': 0}, {'red': 0}, {'blue': 0}]",,purple
598,,,,879.0,7.0,7.0,"[""green"",""blue"",""yellow"",""purple"",""red"",""cyan""]",blue_1,True,"[{""x"":1056,""y"":489,""t"":3},{""x"":1021,""y"":528,""t"":38},{""x"":984,""y"":540,""t"":72},{""x"":954,""y"":549,""t"":105},{""x"":930,""y"":550,""t"":140},{""x"":921,""y"":563,""t"":184},{""x"":905,""y"":565,""t"":207},{""x"":892,""y"":570,""t"":248},{""x"":883,""y"":573,""t"":274},{""x"":884,""y"":571,""t"":311},{""x"":887,""y"":585,""t"":343},{""x"":853,""y"":847,""t"":389},{""x"":816,""y"":1054,""t"":412},{""x"":781,""y"":1230,""t"":452},{""x"":747,""y"":1346,""t"":479},{""x"":721,""y"":1431,""t"":514},{""x"":703,""y"":1505,""t"":548},{""x"":707,""y"":1532,""t"":584},{""x"":712,""y"":1546,""t"":614},{""x"":720,""y"":1500,""t"":658},{""x"":721,""y"":1414,""t"":684},{""x"":730,""y"":1300,""t"":719},{""x"":723,""y"":1176,""t"":766},{""x"":718,""y"":1029,""t"":793},{""x"":690,""y"":926,""t"":820},{""x"":666,""y"":833,""t"":859},{""x"":655,""y"":755,""t"":887},{""x"":648,""y"":688,""t"":938},{""x"":639,""y"":627,""t"":964},{""x"":647,""y"":570,""t"":991},{""x"":648,""y"":510,""t"":1031},{""x"":651,""y"":475,""t"":1057},{""x"":667,""y"":464,""t"":1094},{""x"":682,""y"":453,""t"":1126},{""x"":703,""y"":439,""t"":1171},{""x"":704,""y"":452,""t"":1198},{""x"":704,""y"":470,""t"":1228},{""x"":712,""y"":460,""t"":1267},{""x"":720,""y"":443,""t"":1296},{""x"":724,""y"":433,""t"":1330},{""x"":725,""y"":440,""t"":1378},{""x"":724,""y"":461,""t"":1406},{""x"":725,""y"":473,""t"":1434},{""x"":726,""y"":475,""t"":1465},{""x"":726,""y"":485,""t"":1504},{""x"":735,""y"":509,""t"":1533},{""x"":740,""y"":507,""t"":1568},{""x"":732,""y"":518,""t"":1608},{""x"":726,""y"":528,""t"":1634},{""x"":728,""y"":531,""t"":1672},{""x"":730,""y"":534,""t"":1702},{""x"":721,""y"":534,""t"":1739},{""x"":779,""y"":539,""t"":1784},{""x"":828,""y"":543,""t"":1807},{""x"":882,""y"":540,""t"":1840},{""x"":909,""y"":541,""t"":1880},{""x"":930,""y"":541,""t"":1906},{""x"":926,""y"":555,""t"":1942},{""x"":942,""y"":561,""t"":1976}]","[{""x"":250,""y"":425,""width"":80,""height"":80,""top"":385,""right"":290,""bottom"":465,""left"":210},{""x"":400,""y"":165.1923788646684,""width"":80,""height"":80,""top"":125.1923788646684,""right"":440,""bottom"":205.1923788646684,""left"":360},{""x"":700,""y"":165.1923788646684,""width"":80,""height"":80,""top"":125.1923788646684,""right"":740,""bottom"":205.1923788646684,""left"":660},{""x"":850,""y"":425,""width"":80,""height"":80,""top"":385,""right"":890,""bottom"":465,""left"":810},{""x"":700,""y"":684.8076211353316,""width"":80,""height"":80,""top"":644.8076211353316,""right"":740,""bottom"":724.8076211353316,""left"":660},{""x"":400,""y"":684.8076211353316,""width"":80,""height"":80,""top"":644.8076211353316,""right"":440,""bottom"":724.8076211353316,""left"":360}]","{""#container"":{""x"":410,""y"":129.390625,""width"":1100,""height"":850,""top"":129.390625,""right"":1510,""bottom"":979.390625,""left"":410}}","[{'green': 26}, {'blue': 0}, {'yellow': 0}, {'purple': 0}, {'red': 0}, {'cyan': 2}]",,green
599,,,,658.0,7.0,7.0,"[""green"",""cyan"",""red"",""blue"",""yellow"",""purple""]",cyan_1,True,"[{""x"":959,""y"":571,""t"":3},{""x"":955,""y"":574,""t"":38},{""x"":964,""y"":581,""t"":77},{""x"":968,""y"":602,""t"":107},{""x"":964,""y"":604,""t"":139},{""x"":953,""y"":604,""t"":187},{""x"":937,""y"":603,""t"":214},{""x"":939,""y"":594,""t"":242},{""x"":929,""y"":604,""t"":282},{""x"":939,""y"":584,""t"":309},{""x"":928,""y"":549,""t"":345},{""x"":924,""y"":546,""t"":381},{""x"":914,""y"":524,""t"":410},{""x"":901,""y"":522,""t"":445},{""x"":896,""y"":648,""t"":487},{""x"":859,""y"":895,""t"":513},{""x"":826,""y"":1117,""t"":550},{""x"":802,""y"":1280,""t"":582},{""x"":766,""y"":1397,""t"":629},{""x"":733,""y"":1489,""t"":655},{""x"":699,""y"":1567,""t"":683},{""x"":681,""y"":1603,""t"":723},{""x"":675,""y"":1631,""t"":751},{""x"":698,""y"":1660,""t"":786},{""x"":724,""y"":1649,""t"":833},{""x"":757,""y"":1592,""t"":859},{""x"":780,""y"":1480,""t"":888},{""x"":810,""y"":1338,""t"":928},{""x"":825,""y"":1193,""t"":957},{""x"":842,""y"":1044,""t"":990},{""x"":862,""y"":915,""t"":1036},{""x"":875,""y"":799,""t"":1061},{""x"":882,""y"":698,""t"":1092},{""x"":859,""y"":628,""t"":1132},{""x"":853,""y"":569,""t"":1160},{""x"":842,""y"":524,""t"":1195},{""x"":829,""y"":493,""t"":1228},{""x"":850,""y"":452,""t"":1274},{""x"":829,""y"":443,""t"":1302},{""x"":844,""y"":435,""t"":1329},{""x"":834,""y"":423,""t"":1369},{""x"":832,""y"":433,""t"":1398},{""x"":821,""y"":449,""t"":1437},{""x"":812,""y"":466,""t"":1464},{""x"":820,""y"":471,""t"":1501},{""x"":823,""y"":480,""t"":1533},{""x"":815,""y"":505,""t"":1570},{""x"":837,""y"":527,""t"":1602},{""x"":859,""y"":552,""t"":1645},{""x"":878,""y"":574,""t"":1669},{""x"":907,""y"":547,""t"":1709},{""x"":931,""y"":524,""t"":1736},{""x"":938,""y"":525,""t"":1773},{""x"":939,""y"":521,""t"":1805},{""x"":952,""y"":504,""t"":1851},{""x"":987,""y"":496,""t"":1878},{""x"":1012,""y"":502,""t"":1907},{""x"":1021,""y"":488,""t"":1945},{""x"":1027,""y"":477,""t"":1974}]","[{""x"":250,""y"":425,""width"":80,""height"":80,""top"":385,""right"":290,""bottom"":465,""left"":210},{""x"":400,""y"":165.1923788646684,""width"":80,""height"":80,""top"":125.1923788646684,""right"":440,""bottom"":205.1923788646684,""left"":360},{""x"":700,""y"":165.1923788646684,""width"":80,""height"":80,""top"":125.1923788646684,""right"":740,""bottom"":205.1923788646684,""left"":660},{""x"":850,""y"":425,""width"":80,""height"":80,""top"":385,""right"":890,""bottom"":465,""left"":810},{""x"":700,""y"":684.8076211353316,""width"":80,""height"":80,""top"":644.8076211353316,""right"":740,""bottom"":724.8076211353316,""left"":660},{""x"":400,""y"":684.8076211353316,""width"":80,""height"":80,""top"":644.8076211353316,""right"":440,""bottom"":724.8076211353316,""left"":360}]","{""#container"":{""x"":410,""y"":129.390625,""width"":1100,""height"":850,""top"":129.390625,""right"":1510,""bottom"":979.390625,""left"":410}}","[{'green': 0}, {'cyan': 4}, {'red': 0}, {'blue': 0}, {'yellow': 0}, {'purple': 4}]",{'cyan_1': 4},cyan_1
600,,,,995.0,1.0,1.0,"[""cyan"",""red"",""blue"",""yellow"",""green"",""purple""]",purple,True,"[{""x"":1014,""y"":466,""t"":3},{""x"":1008,""y"":478,""t"":36},{""x"":989,""y"":465,""t"":78},{""x"":979,""y"":470,""t"":105},{""x"":967,""y"":477,""t"":143},{""x"":951,""y"":481,""t"":173},{""x"":925,""y"":492,""t"":207},{""x"":904,""y"":494,""t"":253},{""x"":891,""y"":496,""t"":280},{""x"":895,""y"":488,""t"":309},{""x"":902,""y"":480,""t"":345},{""x"":875,""y"":589,""t"":393},{""x"":868,""y"":669,""t"":412},{""x"":835,""y"":902,""t"":447},{""x"":818,""y"":1097,""t"":477},{""x"":796,""y"":1285,""t"":519},{""x"":772,""y"":1415,""t"":549},{""x"":751,""y"":1525,""t"":581},{""x"":740,""y"":1612,""t"":627},{""x"":752,""y"":1644,""t"":655},{""x"":768,""y"":1618,""t"":684},{""x"":784,""y"":1571,""t"":721},{""x"":794,""y"":1456,""t"":753},{""x"":802,""y"":1303,""t"":799},{""x"":800,""y"":1169,""t"":822},{""x"":802,""y"":1046,""t"":854},{""x"":792,""y"":929,""t"":894},{""x"":787,""y"":813,""t"":922},{""x"":772,""y"":698,""t"":956},{""x"":773,""y"":655,""t"":1002},{""x"":760,""y"":598,""t"":1030},{""x"":761,""y"":565,""t"":1057},{""x"":764,""y"":528,""t"":1095},{""x"":755,""y"":483,""t"":1126},{""x"":738,""y"":457,""t"":1167},{""x"":724,""y"":440,""t"":1192},{""x"":723,""y"":435,""t"":1237},{""x"":722,""y"":426,""t"":1264},{""x"":720,""y"":445,""t"":1295},{""x"":714,""y"":448,""t"":1330},{""x"":719,""y"":458,""t"":1375},{""x"":711,""y"":485,""t"":1398},{""x"":725,""y"":486,""t"":1439},{""x"":742,""y"":485,""t"":1466},{""x"":737,""y"":500,""t"":1502},{""x"":743,""y"":477,""t"":1535},{""x"":743,""y"":483,""t"":1565},{""x"":748,""y"":536,""t"":1610},{""x"":760,""y"":567,""t"":1635},{""x"":766,""y"":609,""t"":1673},{""x"":768,""y"":642,""t"":1703},{""x"":794,""y"":648,""t"":1743},{""x"":816,""y"":652,""t"":1769},{""x"":812,""y"":669,""t"":1807},{""x"":820,""y"":651,""t"":1839},{""x"":825,""y"":642,""t"":1877},{""x"":813,""y"":647,""t"":1907},{""x"":797,""y"":665,""t"":1956},{""x"":843,""y"":622,""t"":1979}]","[{""x"":250,""y"":425,""width"":80,""height"":80,""top"":385,""right"":290,""bottom"":465,""left"":210},{""x"":400,""y"":165.1923788646684,""width"":80,""height"":80,""top"":125.1923788646684,""right"":440,""bottom"":205.1923788646684,""left"":360},{""x"":700,""y"":165.1923788646684,""width"":80,""height"":80,""top"":125.1923788646684,""right"":740,""bottom"":205.1923788646684,""left"":660},{""x"":850,""y"":425,""width"":80,""height"":80,""top"":385,""right"":890,""bottom"":465,""left"":810},{""x"":700,""y"":684.8076211353316,""width"":80,""height"":80,""top"":644.8076211353316,""right"":740,""bottom"":724.8076211353316,""left"":660},{""x"":400,""y"":684.8076211353316,""width"":80,""height"":80,""top"":644.8076211353316,""right"":440,""bottom"":724.8076211353316,""left"":360}]","{""#container"":{""x"":410,""y"":129.390625,""width"":1100,""height"":850,""top"":129.390625,""right"":1510,""bottom"":979.390625,""left"":410}}","[{'cyan': 21}, {'red': 0}, {'blue': 0}, {'yellow': 0}, {'green': 0}, {'purple': 6}]",{'purple': 6},cyan
601,,,,554.0,4.0,4.0,"[""blue"",""yellow"",""green"",""cyan"",""purple"",""red""]",blue,True,"[{""x"":885,""y"":607,""t"":3},{""x"":885,""y"":553,""t"":38},{""x"":895,""y"":494,""t"":77},{""x"":897,""y"":454,""t"":105},{""x"":913,""y"":424,""t"":139},{""x"":925,""y"":391,""t"":186},{""x"":928,""y"":379,""t"":213},{""x"":930,""y"":390,""t"":242},{""x"":921,""y"":464,""t"":281},{""x"":886,""y"":755,""t"":310},{""x"":846,""y"":999,""t"":349},{""x"":813,""y"":1201,""t"":375},{""x"":771,""y"":1340,""t"":413},{""x"":745,""y"":1462,""t"":443},{""x"":722,""y"":1567,""t"":486},{""x"":735,""y"":1625,""t"":514},{""x"":748,""y"":1663,""t"":547},{""x"":772,""y"":1660,""t"":582},{""x"":799,""y"":1541,""t"":621},{""x"":822,""y"":1431,""t"":648},{""x"":816,""y"":1298,""t"":685},{""x"":824,""y"":1163,""t"":717},{""x"":826,""y"":1054,""t"":755},{""x"":818,""y"":963,""t"":785},{""x"":804,""y"":849,""t"":834},{""x"":811,""y"":743,""t"":861},{""x"":806,""y"":694,""t"":888},{""x"":816,""y"":637,""t"":927},{""x"":808,""y"":608,""t"":953},{""x"":800,""y"":572,""t"":989},{""x"":792,""y"":540,""t"":1035},{""x"":789,""y"":533,""t"":1062},{""x"":785,""y"":523,""t"":1091},{""x"":777,""y"":525,""t"":1130},{""x"":811,""y"":517,""t"":1160},{""x"":877,""y"":462,""t"":1194},{""x"":941,""y"":425,""t"":1240},{""x"":991,""y"":396,""t"":1269},{""x"":1045,""y"":376,""t"":1296},{""x"":1071,""y"":345,""t"":1335},{""x"":1090,""y"":317,""t"":1364},{""x"":1077,""y"":334,""t"":1398},{""x"":970,""y"":374,""t"":1444},{""x"":885,""y"":383,""t"":1471},{""x"":819,""y"":390,""t"":1499},{""x"":763,""y"":399,""t"":1538},{""x"":709,""y"":396,""t"":1569},{""x"":663,""y"":409,""t"":1613},{""x"":628,""y"":421,""t"":1636},{""x"":611,""y"":444,""t"":1670},{""x"":613,""y"":458,""t"":1709},{""x"":617,""y"":470,""t"":1736},{""x"":699,""y"":473,""t"":1773},{""x"":768,""y"":457,""t"":1819},{""x"":828,""y"":448,""t"":1843},{""x"":879,""y"":435,""t"":1873},{""x"":915,""y"":418,""t"":1913},{""x"":950,""y"":408,""t"":1941},{""x"":977,""y"":398,""t"":1976}]","[{""x"":250,""y"":425,""width"":80,""height"":80,""top"":385,""right"":290,""bottom"":465,""left"":210},{""x"":400,""y"":165.1923788646684,""width"":80,""height"":80,""top"":125.1923788646684,""right"":440,""bottom"":205.1923788646684,""left"":360},{""x"":700,""y"":165.1923788646684,""width"":80,""height"":80,""top"":125.1923788646684,""right"":740,""bottom"":205.1923788646684,""left"":660},{""x"":850,""y"":425,""width"":80,""height"":80,""top"":385,""right"":890,""bottom"":465,""left"":810},{""x"":700,""y"":684.8076211353316,""width"":80,""height"":80,""top"":644.8076211353316,""right"":740,""bottom"":724.8076211353316,""left"":660},{""x"":400,""y"":684.8076211353316,""width"":80,""height"":80,""top"":644.8076211353316,""right"":440,""bottom"":724.8076211353316,""left"":360}]","{""#container"":{""x"":410,""y"":129.390625,""width"":1100,""height"":850,""top"":129.390625,""right"":1510,""bottom"":979.390625,""left"":410}}","[{'blue': 12}, {'yellow': 5}, {'green': 4}, {'cyan': 0}, {'purple': 0}, {'red': 5}]",{'blue': 12},blue
602,,,,892.0,1.0,1.0,"[""red"",""cyan"",""blue"",""yellow"",""purple"",""green""]",green_1,True,"[{""x"":984,""y"":420,""t"":3},{""x"":990,""y"":460,""t"":38},{""x"":992,""y"":499,""t"":78},{""x"":991,""y"":515,""t"":107},{""x"":984,""y"":562,""t"":141},{""x"":967,""y"":563,""t"":187},{""x"":953,""y"":563,""t"":214},{""x"":938,""y"":556,""t"":244},{""x"":934,""y"":564,""t"":277},{""x"":910,""y"":572,""t"":311},{""x"":913,""y"":575,""t"":343},{""x"":907,""y"":555,""t"":390},{""x"":883,""y"":566,""t"":417},{""x"":887,""y"":557,""t"":445},{""x"":885,""y"":549,""t"":485},{""x"":885,""y"":535,""t"":514},{""x"":883,""y"":542,""t"":548},{""x"":868,""y"":538,""t"":591},{""x"":868,""y"":519,""t"":613},{""x"":844,""y"":534,""t"":655},{""x"":824,""y"":554,""t"":682},{""x"":803,""y"":571,""t"":720},{""x"":801,""y"":600,""t"":751},{""x"":803,""y"":623,""t"":797},{""x"":795,""y"":615,""t"":821},{""x"":788,""y"":629,""t"":859},{""x"":800,""y"":620,""t"":889},{""x"":765,""y"":633,""t"":926},{""x"":744,""y"":646,""t"":954},{""x"":749,""y"":662,""t"":991},{""x"":773,""y"":662,""t"":1030},{""x"":821,""y"":645,""t"":1057},{""x"":856,""y"":631,""t"":1094},{""x"":885,""y"":618,""t"":1123},{""x"":905,""y"":618,""t"":1167},{""x"":921,""y"":618,""t"":1192},{""x"":939,""y"":611,""t"":1231},{""x"":953,""y"":605,""t"":1260},{""x"":970,""y"":606,""t"":1299},{""x"":975,""y"":599,""t"":1331},{""x"":978,""y"":570,""t"":1376},{""x"":980,""y"":574,""t"":1403},{""x"":993,""y"":582,""t"":1431},{""x"":995,""y"":564,""t"":1469},{""x"":1001,""y"":554,""t"":1499},{""x"":1001,""y"":540,""t"":1534},{""x"":996,""y"":565,""t"":1579},{""x"":982,""y"":542,""t"":1608},{""x"":993,""y"":554,""t"":1635},{""x"":999,""y"":562,""t"":1674},{""x"":993,""y"":564,""t"":1704},{""x"":1007,""y"":577,""t"":1751},{""x"":1000,""y"":583,""t"":1774},{""x"":998,""y"":619,""t"":1805},{""x"":1002,""y"":614,""t"":1847},{""x"":972,""y"":617,""t"":1873},{""x"":968,""y"":627,""t"":1911},{""x"":978,""y"":625,""t"":1943}]","[{""x"":250,""y"":425,""width"":80,""height"":80,""top"":385,""right"":290,""bottom"":465,""left"":210},{""x"":400,""y"":165.1923788646684,""width"":80,""height"":80,""top"":125.1923788646684,""right"":440,""bottom"":205.1923788646684,""left"":360},{""x"":700,""y"":165.1923788646684,""width"":80,""height"":80,""top"":125.1923788646684,""right"":740,""bottom"":205.1923788646684,""left"":660},{""x"":850,""y"":425,""width"":80,""height"":80,""top"":385,""right"":890,""bottom"":465,""left"":810},{""x"":700,""y"":684.8076211353316,""width"":80,""height"":80,""top"":644.8076211353316,""right"":740,""bottom"":724.8076211353316,""left"":660},{""x"":400,""y"":684.8076211353316,""width"":80,""height"":80,""top"":644.8076211353316,""right"":440,""bottom"":724.8076211353316,""left"":360}]","{""#container"":{""x"":410,""y"":129.390625,""width"":1100,""height"":850,""top"":129.390625,""right"":1510,""bottom"":979.390625,""left"":410}}","[{'red': 7}, {'cyan': 0}, {'blue': 0}, {'yellow': 0}, {'purple': 0}, {'green': 0}]",,red
603,,,,811.0,9.0,7.0,"[""yellow"",""green"",""cyan"",""purple"",""red"",""blue""]",green_1,False,"[{""x"":946,""y"":568,""t"":3},{""x"":934,""y"":538,""t"":39},{""x"":909,""y"":525,""t"":82},{""x"":896,""y"":491,""t"":110},{""x"":887,""y"":454,""t"":140},{""x"":881,""y"":433,""t"":174},{""x"":865,""y"":428,""t"":223},{""x"":853,""y"":433,""t"":248},{""x"":858,""y"":408,""t"":275},{""x"":863,""y"":399,""t"":317},{""x"":856,""y"":379,""t"":344},{""x"":827,""y"":390,""t"":380},{""x"":782,""y"":419,""t"":412},{""x"":736,""y"":430,""t"":458},{""x"":668,""y"":439,""t"":484},{""x"":614,""y"":430,""t"":514},{""x"":581,""y"":428,""t"":550},{""x"":574,""y"":435,""t"":582},{""x"":547,""y"":455,""t"":631},{""x"":547,""y"":469,""t"":657},{""x"":593,""y"":502,""t"":686},{""x"":631,""y"":503,""t"":718},{""x"":664,""y"":521,""t"":757},{""x"":709,""y"":532,""t"":785},{""x"":758,""y"":530,""t"":820},{""x"":788,""y"":541,""t"":862},{""x"":813,""y"":548,""t"":888},{""x"":878,""y"":601,""t"":922},{""x"":940,""y"":637,""t"":961},{""x"":1004,""y"":673,""t"":990},{""x"":1054,""y"":672,""t"":1024},{""x"":1091,""y"":665,""t"":1070},{""x"":1110,""y"":683,""t"":1098},{""x"":1136,""y"":680,""t"":1127},{""x"":1146,""y"":689,""t"":1166},{""x"":1195,""y"":631,""t"":1194},{""x"":1236,""y"":593,""t"":1229},{""x"":1270,""y"":552,""t"":1262},{""x"":1297,""y"":514,""t"":1308},{""x"":1303,""y"":474,""t"":1334},{""x"":1304,""y"":442,""t"":1364},{""x"":1311,""y"":435,""t"":1402},{""x"":1267,""y"":394,""t"":1432},{""x"":1223,""y"":332,""t"":1470},{""x"":1184,""y"":281,""t"":1498},{""x"":1153,""y"":246,""t"":1535},{""x"":1128,""y"":216,""t"":1574},{""x"":1101,""y"":190,""t"":1601},{""x"":1072,""y"":181,""t"":1639},{""x"":1060,""y"":184,""t"":1671},{""x"":1053,""y"":177,""t"":1710},{""x"":1045,""y"":178,""t"":1738},{""x"":1043,""y"":190,""t"":1772},{""x"":1037,""y"":204,""t"":1806},{""x"":956,""y"":206,""t"":1843},{""x"":882,""y"":223,""t"":1874},{""x"":824,""y"":255,""t"":1923},{""x"":777,""y"":283,""t"":1942}]","[{""x"":250,""y"":425,""width"":80,""height"":80,""top"":385,""right"":290,""bottom"":465,""left"":210},{""x"":400,""y"":165.1923788646684,""width"":80,""height"":80,""top"":125.1923788646684,""right"":440,""bottom"":205.1923788646684,""left"":360},{""x"":700,""y"":165.1923788646684,""width"":80,""height"":80,""top"":125.1923788646684,""right"":740,""bottom"":205.1923788646684,""left"":660},{""x"":850,""y"":425,""width"":80,""height"":80,""top"":385,""right"":890,""bottom"":465,""left"":810},{""x"":700,""y"":684.8076211353316,""width"":80,""height"":80,""top"":644.8076211353316,""right"":740,""bottom"":724.8076211353316,""left"":660},{""x"":400,""y"":684.8076211353316,""width"":80,""height"":80,""top"":644.8076211353316,""right"":440,""bottom"":724.8076211353316,""left"":360}]","{""#container"":{""x"":410,""y"":129.390625,""width"":1100,""height"":850,""top"":129.390625,""right"":1510,""bottom"":979.390625,""left"":410}}","[{'yellow': 12}, {'green': 10}, {'cyan': 11}, {'purple': 7}, {'red': 3}, {'blue': 0}]",{'green_1': 10},yellow
604,,,,600.0,6.0,6.0,"[""yellow"",""blue"",""cyan"",""green"",""purple"",""red""]",green,True,"[{""x"":735,""y"":366,""t"":3},{""x"":744,""y"":409,""t"":38},{""x"":750,""y"":440,""t"":77},{""x"":781,""y"":471,""t"":105},{""x"":793,""y"":496,""t"":141},{""x"":799,""y"":505,""t"":181},{""x"":804,""y"":510,""t"":206},{""x"":817,""y"":483,""t"":251},{""x"":823,""y"":479,""t"":278},{""x"":849,""y"":480,""t"":309},{""x"":842,""y"":532,""t"":357},{""x"":837,""y"":576,""t"":383},{""x"":831,""y"":799,""t"":413},{""x"":814,""y"":1021,""t"":452},{""x"":789,""y"":1207,""t"":479},{""x"":765,""y"":1361,""t"":515},{""x"":747,""y"":1484,""t"":548},{""x"":741,""y"":1569,""t"":581},{""x"":737,""y"":1630,""t"":623},{""x"":736,""y"":1670,""t"":650},{""x"":737,""y"":1708,""t"":687},{""x"":744,""y"":1684,""t"":717},{""x"":767,""y"":1638,""t"":751},{""x"":775,""y"":1538,""t"":789},{""x"":781,""y"":1449,""t"":817},{""x"":781,""y"":1321,""t"":853},{""x"":794,""y"":1208,""t"":892},{""x"":810,""y"":1093,""t"":922},{""x"":810,""y"":1004,""t"":955},{""x"":819,""y"":929,""t"":1002},{""x"":846,""y"":853,""t"":1024},{""x"":854,""y"":808,""t"":1057},{""x"":873,""y"":773,""t"":1093},{""x"":905,""y"":732,""t"":1125},{""x"":940,""y"":720,""t"":1174},{""x"":952,""y"":687,""t"":1202},{""x"":976,""y"":679,""t"":1229},{""x"":996,""y"":680,""t"":1262},{""x"":1024,""y"":663,""t"":1300},{""x"":1071,""y"":645,""t"":1330},{""x"":1120,""y"":608,""t"":1378},{""x"":1163,""y"":563,""t"":1401},{""x"":1209,""y"":533,""t"":1432},{""x"":1241,""y"":521,""t"":1471},{""x"":1241,""y"":505,""t"":1500},{""x"":1184,""y"":527,""t"":1535},{""x"":1114,""y"":519,""t"":1580},{""x"":1047,""y"":515,""t"":1607},{""x"":1005,""y"":497,""t"":1636},{""x"":973,""y"":492,""t"":1675},{""x"":929,""y"":494,""t"":1703},{""x"":891,""y"":494,""t"":1749},{""x"":861,""y"":496,""t"":1777},{""x"":848,""y"":498,""t"":1806},{""x"":838,""y"":508,""t"":1847},{""x"":836,""y"":497,""t"":1875},{""x"":827,""y"":506,""t"":1908},{""x"":830,""y"":514,""t"":1942}]","[{""x"":250,""y"":425,""width"":80,""height"":80,""top"":385,""right"":290,""bottom"":465,""left"":210},{""x"":400,""y"":165.1923788646684,""width"":80,""height"":80,""top"":125.1923788646684,""right"":440,""bottom"":205.1923788646684,""left"":360},{""x"":700,""y"":165.1923788646684,""width"":80,""height"":80,""top"":125.1923788646684,""right"":740,""bottom"":205.1923788646684,""left"":660},{""x"":850,""y"":425,""width"":80,""height"":80,""top"":385,""right"":890,""bottom"":465,""left"":810},{""x"":700,""y"":684.8076211353316,""width"":80,""height"":80,""top"":644.8076211353316,""right"":740,""bottom"":724.8076211353316,""left"":660},{""x"":400,""y"":684.8076211353316,""width"":80,""height"":80,""top"":644.8076211353316,""right"":440,""bottom"":724.8076211353316,""left"":360}]","{""#container"":{""x"":410,""y"":129.390625,""width"":1100,""height"":850,""top"":129.390625,""right"":1510,""bottom"":979.390625,""left"":410}}","[{'yellow': 4}, {'blue': 2}, {'cyan': 0}, {'green': 6}, {'purple': 0}, {'red': 6}]",{'green': 6},green
605,,,,1052.0,6.0,6.0,"[""red"",""yellow"",""green"",""cyan"",""blue"",""purple""]",cyan_1,True,"[{""x"":833,""y"":502,""t"":3},{""x"":859,""y"":505,""t"":38},{""x"":885,""y"":502,""t"":80},{""x"":897,""y"":495,""t"":107},{""x"":907,""y"":485,""t"":142},{""x"":917,""y"":483,""t"":174},{""x"":918,""y"":481,""t"":220},{""x"":926,""y"":478,""t"":248},{""x"":936,""y"":479,""t"":277},{""x"":936,""y"":476,""t"":315},{""x"":940,""y"":468,""t"":344},{""x"":946,""y"":476,""t"":378},{""x"":954,""y"":472,""t"":425},{""x"":956,""y"":470,""t"":452},{""x"":954,""y"":481,""t"":480},{""x"":939,""y"":702,""t"":519},{""x"":903,""y"":972,""t"":547},{""x"":856,""y"":1179,""t"":583},{""x"":808,""y"":1342,""t"":623},{""x"":769,""y"":1470,""t"":647},{""x"":760,""y"":1558,""t"":687},{""x"":757,""y"":1622,""t"":715},{""x"":763,""y"":1656,""t"":756},{""x"":774,""y"":1602,""t"":786},{""x"":776,""y"":1476,""t"":831},{""x"":779,""y"":1361,""t"":856},{""x"":773,""y"":1243,""t"":887},{""x"":769,""y"":1119,""t"":927},{""x"":773,""y"":993,""t"":956},{""x"":765,""y"":891,""t"":991},{""x"":763,""y"":812,""t"":1024},{""x"":760,""y"":745,""t"":1069},{""x"":758,""y"":680,""t"":1098},{""x"":765,""y"":621,""t"":1126},{""x"":771,""y"":577,""t"":1161},{""x"":779,""y"":563,""t"":1194},{""x"":785,""y"":568,""t"":1231},{""x"":790,""y"":578,""t"":1260},{""x"":802,""y"":587,""t"":1295},{""x"":816,""y"":586,""t"":1335},{""x"":808,""y"":597,""t"":1364},{""x"":803,""y"":588,""t"":1397},{""x"":819,""y"":585,""t"":1445},{""x"":825,""y"":606,""t"":1474},{""x"":829,""y"":597,""t"":1500},{""x"":839,""y"":599,""t"":1535},{""x"":847,""y"":598,""t"":1571},{""x"":839,""y"":615,""t"":1602},{""x"":855,""y"":610,""t"":1649},{""x"":820,""y"":605,""t"":1672},{""x"":841,""y"":602,""t"":1703},{""x"":832,""y"":616,""t"":1742},{""x"":815,""y"":638,""t"":1772},{""x"":809,""y"":659,""t"":1818},{""x"":834,""y"":642,""t"":1845},{""x"":852,""y"":614,""t"":1873},{""x"":895,""y"":587,""t"":1911},{""x"":933,""y"":515,""t"":1942}]","[{""x"":250,""y"":425,""width"":80,""height"":80,""top"":385,""right"":290,""bottom"":465,""left"":210},{""x"":400,""y"":165.1923788646684,""width"":80,""height"":80,""top"":125.1923788646684,""right"":440,""bottom"":205.1923788646684,""left"":360},{""x"":700,""y"":165.1923788646684,""width"":80,""height"":80,""top"":125.1923788646684,""right"":740,""bottom"":205.1923788646684,""left"":660},{""x"":850,""y"":425,""width"":80,""height"":80,""top"":385,""right"":890,""bottom"":465,""left"":810},{""x"":700,""y"":684.8076211353316,""width"":80,""height"":80,""top"":644.8076211353316,""right"":740,""bottom"":724.8076211353316,""left"":660},{""x"":400,""y"":684.8076211353316,""width"":80,""height"":80,""top"":644.8076211353316,""right"":440,""bottom"":724.8076211353316,""left"":360}]","{""#container"":{""x"":410,""y"":129.390625,""width"":1100,""height"":850,""top"":129.390625,""right"":1510,""bottom"":979.390625,""left"":410}}","[{'red': 7}, {'yellow': 0}, {'green': 0}, {'cyan': 0}, {'blue': 0}, {'purple': 4}]",,red
606,,,,470.0,4.0,4.0,"[""blue"",""yellow"",""purple"",""cyan"",""red"",""green""]",blue_1,True,"[{""x"":977,""y"":432,""t"":3},{""x"":972,""y"":411,""t"":37},{""x"":961,""y"":410,""t"":77},{""x"":948,""y"":398,""t"":106},{""x"":929,""y"":381,""t"":140},{""x"":933,""y"":336,""t"":173},{""x"":928,""y"":358,""t"":218},{""x"":925,""y"":344,""t"":247},{""x"":934,""y"":343,""t"":276},{""x"":935,""y"":353,""t"":311},{""x"":921,""y"":511,""t"":344},{""x"":890,""y"":787,""t"":391},{""x"":856,""y"":1040,""t"":417},{""x"":832,""y"":1244,""t"":443},{""x"":795,""y"":1402,""t"":485},{""x"":763,""y"":1526,""t"":515},{""x"":739,""y"":1599,""t"":548},{""x"":713,""y"":1673,""t"":595},{""x"":737,""y"":1712,""t"":618},{""x"":759,""y"":1692,""t"":650},{""x"":779,""y"":1642,""t"":688},{""x"":808,""y"":1540,""t"":718},{""x"":838,""y"":1367,""t"":766},{""x"":864,""y"":1216,""t"":793},{""x"":873,""y"":1106,""t"":821},{""x"":904,""y"":996,""t"":861},{""x"":898,""y"":914,""t"":887},{""x"":919,""y"":826,""t"":923},{""x"":922,""y"":763,""t"":969},{""x"":950,""y"":704,""t"":996},{""x"":1000,""y"":620,""t"":1024},{""x"":1038,""y"":569,""t"":1064},{""x"":1089,""y"":476,""t"":1092},{""x"":1106,""y"":454,""t"":1134},{""x"":1138,""y"":443,""t"":1160},{""x"":1150,""y"":418,""t"":1194},{""x"":1144,""y"":345,""t"":1234},{""x"":1140,""y"":293,""t"":1262},{""x"":1134,""y"":247,""t"":1296},{""x"":1131,""y"":215,""t"":1342},{""x"":1127,""y"":192,""t"":1368},{""x"":1114,""y"":179,""t"":1397},{""x"":1103,""y"":182,""t"":1438},{""x"":1110,""y"":181,""t"":1464},{""x"":1108,""y"":195,""t"":1501},{""x"":1107,""y"":213,""t"":1534},{""x"":1096,""y"":218,""t"":1578},{""x"":1105,""y"":230,""t"":1604},{""x"":1106,""y"":240,""t"":1635},{""x"":1110,""y"":242,""t"":1672},{""x"":1108,""y"":256,""t"":1704},{""x"":1107,""y"":261,""t"":1742},{""x"":1107,""y"":265,""t"":1770},{""x"":1090,""y"":265,""t"":1806},{""x"":1056,""y"":237,""t"":1843},{""x"":1015,""y"":233,""t"":1873},{""x"":982,""y"":213,""t"":1921},{""x"":956,""y"":193,""t"":1950},{""x"":946,""y"":187,""t"":1975}]","[{""x"":250,""y"":425,""width"":80,""height"":80,""top"":385,""right"":290,""bottom"":465,""left"":210},{""x"":400,""y"":165.1923788646684,""width"":80,""height"":80,""top"":125.1923788646684,""right"":440,""bottom"":205.1923788646684,""left"":360},{""x"":700,""y"":165.1923788646684,""width"":80,""height"":80,""top"":125.1923788646684,""right"":740,""bottom"":205.1923788646684,""left"":660},{""x"":850,""y"":425,""width"":80,""height"":80,""top"":385,""right"":890,""bottom"":465,""left"":810},{""x"":700,""y"":684.8076211353316,""width"":80,""height"":80,""top"":644.8076211353316,""right"":740,""bottom"":724.8076211353316,""left"":660},{""x"":400,""y"":684.8076211353316,""width"":80,""height"":80,""top"":644.8076211353316,""right"":440,""bottom"":724.8076211353316,""left"":360}]","{""#container"":{""x"":410,""y"":129.390625,""width"":1100,""height"":850,""top"":129.390625,""right"":1510,""bottom"":979.390625,""left"":410}}","[{'blue': 0}, {'yellow': 6}, {'purple': 21}, {'cyan': 0}, {'red': 0}, {'green': 4}]",,purple
607,,,,669.0,4.0,4.0,"[""cyan"",""blue"",""red"",""yellow"",""green"",""purple""]",cyan_1,True,"[{""x"":921,""y"":243,""t"":3},{""x"":920,""y"":322,""t"":38},{""x"":895,""y"":386,""t"":76},{""x"":861,""y"":444,""t"":106},{""x"":851,""y"":489,""t"":142},{""x"":858,""y"":511,""t"":174},{""x"":851,""y"":551,""t"":219},{""x"":847,""y"":552,""t"":244},{""x"":852,""y"":517,""t"":276},{""x"":863,""y"":527,""t"":313},{""x"":869,""y"":521,""t"":345},{""x"":884,""y"":535,""t"":382},{""x"":882,""y"":527,""t"":409},{""x"":841,""y"":543,""t"":446},{""x"":804,""y"":544,""t"":488},{""x"":783,""y"":553,""t"":514},{""x"":756,""y"":550,""t"":552},{""x"":788,""y"":533,""t"":582},{""x"":839,""y"":460,""t"":630},{""x"":875,""y"":420,""t"":658},{""x"":895,""y"":376,""t"":683},{""x"":944,""y"":341,""t"":718},{""x"":970,""y"":312,""t"":755},{""x"":963,""y"":291,""t"":785},{""x"":997,""y"":306,""t"":833},{""x"":1011,""y"":295,""t"":856},{""x"":1024,""y"":315,""t"":887},{""x"":1028,""y"":317,""t"":928},{""x"":992,""y"":339,""t"":955},{""x"":988,""y"":374,""t"":991},{""x"":977,""y"":388,""t"":1036},{""x"":955,""y"":397,""t"":1063},{""x"":937,""y"":394,""t"":1092},{""x"":927,""y"":372,""t"":1130},{""x"":924,""y"":468,""t"":1159},{""x"":893,""y"":747,""t"":1206},{""x"":855,""y"":1019,""t"":1232},{""x"":805,""y"":1210,""t"":1261},{""x"":775,""y"":1377,""t"":1299},{""x"":751,""y"":1479,""t"":1330},{""x"":728,""y"":1589,""t"":1375},{""x"":727,""y"":1648,""t"":1400},{""x"":736,""y"":1653,""t"":1432},{""x"":755,""y"":1619,""t"":1470},{""x"":768,""y"":1518,""t"":1500},{""x"":798,""y"":1382,""t"":1548},{""x"":792,""y"":1210,""t"":1575},{""x"":795,""y"":1043,""t"":1602},{""x"":794,""y"":904,""t"":1643},{""x"":788,""y"":770,""t"":1670},{""x"":781,""y"":661,""t"":1705},{""x"":780,""y"":579,""t"":1739},{""x"":771,""y"":518,""t"":1774},{""x"":775,""y"":476,""t"":1804},{""x"":790,""y"":454,""t"":1847},{""x"":786,""y"":440,""t"":1873},{""x"":780,""y"":435,""t"":1911},{""x"":774,""y"":443,""t"":1942},{""x"":785,""y"":450,""t"":1982}]","[{""x"":250,""y"":425,""width"":80,""height"":80,""top"":385,""right"":290,""bottom"":465,""left"":210},{""x"":400,""y"":165.1923788646684,""width"":80,""height"":80,""top"":125.1923788646684,""right"":440,""bottom"":205.1923788646684,""left"":360},{""x"":700,""y"":165.1923788646684,""width"":80,""height"":80,""top"":125.1923788646684,""right"":740,""bottom"":205.1923788646684,""left"":660},{""x"":850,""y"":425,""width"":80,""height"":80,""top"":385,""right"":890,""bottom"":465,""left"":810},{""x"":700,""y"":684.8076211353316,""width"":80,""height"":80,""top"":644.8076211353316,""right"":740,""bottom"":724.8076211353316,""left"":660},{""x"":400,""y"":684.8076211353316,""width"":80,""height"":80,""top"":644.8076211353316,""right"":440,""bottom"":724.8076211353316,""left"":360}]","{""#container"":{""x"":410,""y"":129.390625,""width"":1100,""height"":850,""top"":129.390625,""right"":1510,""bottom"":979.390625,""left"":410}}","[{'cyan': 7}, {'blue': 9}, {'red': 8}, {'yellow': 0}, {'green': 0}, {'purple': 3}]",{'cyan_1': 7},blue
608,,,,723.0,6.0,6.0,"[""yellow"",""blue"",""red"",""purple"",""green"",""cyan""]",purple_1,True,"[{""x"":821,""y"":443,""t"":3},{""x"":840,""y"":422,""t"":39},{""x"":842,""y"":441,""t"":78},{""x"":855,""y"":441,""t"":105},{""x"":890,""y"":427,""t"":141},{""x"":916,""y"":432,""t"":188},{""x"":950,""y"":441,""t"":216},{""x"":941,""y"":434,""t"":243},{""x"":937,""y"":430,""t"":283},{""x"":932,""y"":422,""t"":311},{""x"":918,""y"":413,""t"":346},{""x"":933,""y"":355,""t"":377},{""x"":944,""y"":307,""t"":423},{""x"":970,""y"":268,""t"":450},{""x"":1002,""y"":225,""t"":480},{""x"":1027,""y"":200,""t"":517},{""x"":1039,""y"":199,""t"":548},{""x"":1043,""y"":177,""t"":590},{""x"":1046,""y"":161,""t"":617},{""x"":1025,""y"":154,""t"":650},{""x"":1024,""y"":127,""t"":690},{""x"":1019,""y"":113,""t"":717},{""x"":1010,""y"":100,""t"":753},{""x"":1046,""y"":119,""t"":799},{""x"":1077,""y"":137,""t"":822},{""x"":1117,""y"":169,""t"":855},{""x"":1152,""y"":193,""t"":895},{""x"":1181,""y"":213,""t"":921},{""x"":1209,""y"":218,""t"":956},{""x"":1254,""y"":230,""t"":991},{""x"":1250,""y"":242,""t"":1035},{""x"":1134,""y"":262,""t"":1058},{""x"":1033,""y"":279,""t"":1094},{""x"":938,""y"":283,""t"":1125},{""x"":858,""y"":276,""t"":1166},{""x"":794,""y"":269,""t"":1191},{""x"":745,""y"":265,""t"":1230},{""x"":708,""y"":260,""t"":1260},{""x"":707,""y"":282,""t"":1299},{""x"":740,""y"":337,""t"":1331},{""x"":783,""y"":386,""t"":1377},{""x"":837,""y"":435,""t"":1401},{""x"":862,""y"":460,""t"":1433},{""x"":894,""y"":498,""t"":1468},{""x"":890,""y"":517,""t"":1500},{""x"":879,""y"":532,""t"":1534},{""x"":889,""y"":527,""t"":1581},{""x"":906,""y"":548,""t"":1603},{""x"":920,""y"":564,""t"":1636},{""x"":941,""y"":563,""t"":1673},{""x"":926,""y"":518,""t"":1703},{""x"":902,""y"":501,""t"":1753},{""x"":880,""y"":463,""t"":1780},{""x"":873,""y"":450,""t"":1806},{""x"":842,""y"":436,""t"":1847},{""x"":822,""y"":402,""t"":1874},{""x"":803,""y"":391,""t"":1908},{""x"":795,""y"":375,""t"":1955},{""x"":792,""y"":363,""t"":1983}]","[{""x"":250,""y"":425,""width"":80,""height"":80,""top"":385,""right"":290,""bottom"":465,""left"":210},{""x"":400,""y"":165.1923788646684,""width"":80,""height"":80,""top"":125.1923788646684,""right"":440,""bottom"":205.1923788646684,""left"":360},{""x"":700,""y"":165.1923788646684,""width"":80,""height"":80,""top"":125.1923788646684,""right"":740,""bottom"":205.1923788646684,""left"":660},{""x"":850,""y"":425,""width"":80,""height"":80,""top"":385,""right"":890,""bottom"":465,""left"":810},{""x"":700,""y"":684.8076211353316,""width"":80,""height"":80,""top"":644.8076211353316,""right"":740,""bottom"":724.8076211353316,""left"":660},{""x"":400,""y"":684.8076211353316,""width"":80,""height"":80,""top"":644.8076211353316,""right"":440,""bottom"":724.8076211353316,""left"":360}]","{""#container"":{""x"":410,""y"":129.390625,""width"":1100,""height"":850,""top"":129.390625,""right"":1510,""bottom"":979.390625,""left"":410}}","[{'yellow': 0}, {'blue': 19}, {'red': 13}, {'purple': 0}, {'green': 0}, {'cyan': 0}]",,blue
609,,,,431.0,4.0,4.0,"[""yellow"",""red"",""purple"",""green"",""cyan"",""blue""]",yellow,True,"[{""x"":816,""y"":385,""t"":3},{""x"":833,""y"":399,""t"":38},{""x"":845,""y"":409,""t"":77},{""x"":847,""y"":429,""t"":106},{""x"":851,""y"":442,""t"":140},{""x"":863,""y"":437,""t"":189},{""x"":879,""y"":426,""t"":217},{""x"":881,""y"":415,""t"":246},{""x"":883,""y"":405,""t"":273},{""x"":869,""y"":412,""t"":315},{""x"":878,""y"":411,""t"":345},{""x"":877,""y"":420,""t"":377},{""x"":883,""y"":432,""t"":424},{""x"":890,""y"":414,""t"":450},{""x"":879,""y"":425,""t"":480},{""x"":861,""y"":428,""t"":518},{""x"":875,""y"":422,""t"":548},{""x"":873,""y"":577,""t"":596},{""x"":835,""y"":860,""t"":622},{""x"":804,""y"":1100,""t"":650},{""x"":788,""y"":1276,""t"":691},{""x"":768,""y"":1398,""t"":717},{""x"":764,""y"":1487,""t"":754},{""x"":793,""y"":1502,""t"":785},{""x"":807,""y"":1433,""t"":832},{""x"":811,""y"":1256,""t"":855},{""x"":815,""y"":1090,""t"":888},{""x"":806,""y"":934,""t"":926},{""x"":806,""y"":801,""t"":956},{""x"":801,""y"":640,""t"":996},{""x"":796,""y"":534,""t"":1022},{""x"":781,""y"":437,""t"":1067},{""x"":795,""y"":355,""t"":1096},{""x"":805,""y"":309,""t"":1126},{""x"":805,""y"":272,""t"":1163},{""x"":806,""y"":255,""t"":1194},{""x"":810,""y"":229,""t"":1236},{""x"":814,""y"":214,""t"":1263},{""x"":807,""y"":208,""t"":1295},{""x"":797,""y"":208,""t"":1332},{""x"":789,""y"":213,""t"":1362},{""x"":778,""y"":212,""t"":1412},{""x"":791,""y"":220,""t"":1439},{""x"":803,""y"":229,""t"":1463},{""x"":817,""y"":235,""t"":1508},{""x"":824,""y"":262,""t"":1535},{""x"":834,""y"":272,""t"":1571},{""x"":848,""y"":291,""t"":1602},{""x"":858,""y"":317,""t"":1636},{""x"":872,""y"":309,""t"":1680},{""x"":879,""y"":289,""t"":1707},{""x"":888,""y"":313,""t"":1738},{""x"":903,""y"":309,""t"":1773},{""x"":911,""y"":342,""t"":1821},{""x"":911,""y"":350,""t"":1849},{""x"":911,""y"":356,""t"":1871},{""x"":912,""y"":356,""t"":1908},{""x"":912,""y"":346,""t"":1948},{""x"":906,""y"":343,""t"":1976}]","[{""x"":250,""y"":425,""width"":80,""height"":80,""top"":385,""right"":290,""bottom"":465,""left"":210},{""x"":400,""y"":165.1923788646684,""width"":80,""height"":80,""top"":125.1923788646684,""right"":440,""bottom"":205.1923788646684,""left"":360},{""x"":700,""y"":165.1923788646684,""width"":80,""height"":80,""top"":125.1923788646684,""right"":740,""bottom"":205.1923788646684,""left"":660},{""x"":850,""y"":425,""width"":80,""height"":80,""top"":385,""right"":890,""bottom"":465,""left"":810},{""x"":700,""y"":684.8076211353316,""width"":80,""height"":80,""top"":644.8076211353316,""right"":740,""bottom"":724.8076211353316,""left"":660},{""x"":400,""y"":684.8076211353316,""width"":80,""height"":80,""top"":644.8076211353316,""right"":440,""bottom"":724.8076211353316,""left"":360}]","{""#container"":{""x"":410,""y"":129.390625,""width"":1100,""height"":850,""top"":129.390625,""right"":1510,""bottom"":979.390625,""left"":410}}","[{'yellow': 1}, {'red': 42}, {'purple': 0}, {'green': 0}, {'cyan': 0}, {'blue': 3}]",{'yellow': 1},red
610,,,,715.0,9.0,9.0,"[""green"",""red"",""cyan"",""blue"",""purple"",""yellow""]",cyan,True,"[{""x"":898,""y"":358,""t"":3},{""x"":896,""y"":369,""t"":38},{""x"":896,""y"":392,""t"":85},{""x"":898,""y"":403,""t"":113},{""x"":907,""y"":397,""t"":141},{""x"":915,""y"":385,""t"":171},{""x"":925,""y"":394,""t"":211},{""x"":932,""y"":409,""t"":242},{""x"":947,""y"":411,""t"":288},{""x"":921,""y"":387,""t"":311},{""x"":911,""y"":389,""t"":344},{""x"":908,""y"":389,""t"":382},{""x"":906,""y"":374,""t"":411},{""x"":910,""y"":384,""t"":459},{""x"":908,""y"":387,""t"":487},{""x"":918,""y"":401,""t"":513},{""x"":932,""y"":412,""t"":552},{""x"":905,""y"":401,""t"":581},{""x"":884,""y"":385,""t"":617},{""x"":879,""y"":371,""t"":664},{""x"":881,""y"":377,""t"":691},{""x"":875,""y"":377,""t"":717},{""x"":867,""y"":373,""t"":759},{""x"":856,""y"":366,""t"":787},{""x"":854,""y"":396,""t"":822},{""x"":867,""y"":499,""t"":854},{""x"":855,""y"":798,""t"":894},{""x"":833,""y"":1023,""t"":920},{""x"":811,""y"":1171,""t"":964},{""x"":815,""y"":1252,""t"":991},{""x"":822,""y"":1260,""t"":1024},{""x"":842,""y"":1176,""t"":1058},{""x"":859,""y"":1069,""t"":1102},{""x"":875,""y"":967,""t"":1128},{""x"":890,""y"":875,""t"":1159},{""x"":873,""y"":758,""t"":1199},{""x"":870,""y"":662,""t"":1227},{""x"":873,""y"":600,""t"":1262},{""x"":879,""y"":539,""t"":1311},{""x"":883,""y"":491,""t"":1329},{""x"":887,""y"":454,""t"":1371},{""x"":901,""y"":434,""t"":1398},{""x"":913,""y"":414,""t"":1437},{""x"":920,""y"":392,""t"":1467},{""x"":924,""y"":374,""t"":1501},{""x"":921,""y"":344,""t"":1534},{""x"":914,""y"":342,""t"":1578},{""x"":910,""y"":333,""t"":1601},{""x"":907,""y"":351,""t"":1640},{""x"":903,""y"":342,""t"":1670},{""x"":906,""y"":346,""t"":1718},{""x"":906,""y"":374,""t"":1746},{""x"":893,""y"":396,""t"":1770},{""x"":899,""y"":381,""t"":1806},{""x"":902,""y"":388,""t"":1846},{""x"":907,""y"":405,""t"":1874},{""x"":902,""y"":421,""t"":1908},{""x"":892,""y"":428,""t"":1955},{""x"":912,""y"":401,""t"":1979}]","[{""x"":250,""y"":425,""width"":80,""height"":80,""top"":385,""right"":290,""bottom"":465,""left"":210},{""x"":400,""y"":165.1923788646684,""width"":80,""height"":80,""top"":125.1923788646684,""right"":440,""bottom"":205.1923788646684,""left"":360},{""x"":700,""y"":165.1923788646684,""width"":80,""height"":80,""top"":125.1923788646684,""right"":740,""bottom"":205.1923788646684,""left"":660},{""x"":850,""y"":425,""width"":80,""height"":80,""top"":385,""right"":890,""bottom"":465,""left"":810},{""x"":700,""y"":684.8076211353316,""width"":80,""height"":80,""top"":644.8076211353316,""right"":740,""bottom"":724.8076211353316,""left"":660},{""x"":400,""y"":684.8076211353316,""width"":80,""height"":80,""top"":644.8076211353316,""right"":440,""bottom"":724.8076211353316,""left"":360}]","{""#container"":{""x"":410,""y"":129.390625,""width"":1100,""height"":850,""top"":129.390625,""right"":1510,""bottom"":979.390625,""left"":410}}","[{'green': 0}, {'red': 34}, {'cyan': 0}, {'blue': 0}, {'purple': 0}, {'yellow': 3}]",,red
611,,,,774.0,3.0,3.0,"[""yellow"",""blue"",""purple"",""red"",""green"",""cyan""]",green_1,True,"[{""x"":907,""y"":405,""t"":3},{""x"":903,""y"":395,""t"":39},{""x"":895,""y"":388,""t"":77},{""x"":879,""y"":416,""t"":105},{""x"":882,""y"":405,""t"":155},{""x"":881,""y"":392,""t"":182},{""x"":865,""y"":406,""t"":208},{""x"":857,""y"":412,""t"":248},{""x"":861,""y"":417,""t"":277},{""x"":863,""y"":414,""t"":311},{""x"":862,""y"":410,""t"":344},{""x"":850,""y"":382,""t"":382},{""x"":841,""y"":359,""t"":410},{""x"":847,""y"":337,""t"":446},{""x"":847,""y"":332,""t"":484},{""x"":848,""y"":327,""t"":514},{""x"":859,""y"":310,""t"":557},{""x"":868,""y"":297,""t"":581},{""x"":868,""y"":301,""t"":615},{""x"":867,""y"":306,""t"":654},{""x"":867,""y"":312,""t"":682},{""x"":877,""y"":329,""t"":718},{""x"":885,""y"":328,""t"":766},{""x"":878,""y"":331,""t"":790},{""x"":884,""y"":328,""t"":820},{""x"":889,""y"":354,""t"":858},{""x"":879,""y"":345,""t"":888},{""x"":883,""y"":353,""t"":937},{""x"":880,""y"":366,""t"":956},{""x"":862,""y"":384,""t"":990},{""x"":884,""y"":395,""t"":1031},{""x"":901,""y"":381,""t"":1058},{""x"":888,""y"":369,""t"":1096},{""x"":889,""y"":365,""t"":1126},{""x"":892,""y"":369,""t"":1174},{""x"":896,""y"":371,""t"":1201},{""x"":876,""y"":357,""t"":1228},{""x"":882,""y"":354,""t"":1270},{""x"":876,""y"":354,""t"":1296},{""x"":878,""y"":368,""t"":1333},{""x"":870,""y"":367,""t"":1363},{""x"":861,""y"":372,""t"":1397},{""x"":859,""y"":370,""t"":1445},{""x"":846,""y"":354,""t"":1469},{""x"":852,""y"":376,""t"":1500},{""x"":845,""y"":379,""t"":1538},{""x"":837,""y"":390,""t"":1569},{""x"":819,""y"":397,""t"":1614},{""x"":800,""y"":397,""t"":1639},{""x"":802,""y"":388,""t"":1670},{""x"":819,""y"":378,""t"":1707},{""x"":848,""y"":377,""t"":1738},{""x"":860,""y"":378,""t"":1786},{""x"":873,""y"":353,""t"":1813},{""x"":871,""y"":348,""t"":1842},{""x"":884,""y"":346,""t"":1874},{""x"":899,""y"":362,""t"":1914},{""x"":913,""y"":373,""t"":1941},{""x"":919,""y"":382,""t"":1977}]","[{""x"":250,""y"":425,""width"":80,""height"":80,""top"":385,""right"":290,""bottom"":465,""left"":210},{""x"":400,""y"":165.1923788646684,""width"":80,""height"":80,""top"":125.1923788646684,""right"":440,""bottom"":205.1923788646684,""left"":360},{""x"":700,""y"":165.1923788646684,""width"":80,""height"":80,""top"":125.1923788646684,""right"":740,""bottom"":205.1923788646684,""left"":660},{""x"":850,""y"":425,""width"":80,""height"":80,""top"":385,""right"":890,""bottom"":465,""left"":810},{""x"":700,""y"":684.8076211353316,""width"":80,""height"":80,""top"":644.8076211353316,""right"":740,""bottom"":724.8076211353316,""left"":660},{""x"":400,""y"":684.8076211353316,""width"":80,""height"":80,""top"":644.8076211353316,""right"":440,""bottom"":724.8076211353316,""left"":360}]","{""#container"":{""x"":410,""y"":129.390625,""width"":1100,""height"":850,""top"":129.390625,""right"":1510,""bottom"":979.390625,""left"":410}}","[{'yellow': 0}, {'blue': 59}, {'purple': 0}, {'red': 0}, {'green': 0}, {'cyan': 0}]",,blue
612,,,,724.0,9.0,9.0,"[""green"",""purple"",""yellow"",""blue"",""cyan"",""red""]",yellow_1,True,"[{""x"":927,""y"":372,""t"":3},{""x"":923,""y"":376,""t"":38},{""x"":922,""y"":357,""t"":86},{""x"":945,""y"":379,""t"":108},{""x"":958,""y"":378,""t"":138},{""x"":950,""y"":381,""t"":174},{""x"":969,""y"":386,""t"":211},{""x"":957,""y"":376,""t"":242},{""x"":935,""y"":361,""t"":287},{""x"":936,""y"":358,""t"":314},{""x"":949,""y"":345,""t"":345},{""x"":931,""y"":342,""t"":381},{""x"":917,""y"":341,""t"":412},{""x"":910,""y"":338,""t"":458},{""x"":907,""y"":343,""t"":481},{""x"":918,""y"":352,""t"":513},{""x"":930,""y"":361,""t"":552},{""x"":947,""y"":348,""t"":582},{""x"":933,""y"":355,""t"":631},{""x"":924,""y"":350,""t"":658},{""x"":922,""y"":327,""t"":685},{""x"":919,""y"":324,""t"":718},{""x"":915,""y"":319,""t"":755},{""x"":935,""y"":321,""t"":785},{""x"":948,""y"":322,""t"":830},{""x"":956,""y"":342,""t"":853},{""x"":973,""y"":354,""t"":887},{""x"":969,""y"":342,""t"":928},{""x"":958,""y"":352,""t"":956},{""x"":970,""y"":355,""t"":990},{""x"":952,""y"":348,""t"":1038},{""x"":951,""y"":362,""t"":1062},{""x"":957,""y"":362,""t"":1092},{""x"":954,""y"":357,""t"":1133},{""x"":949,""y"":351,""t"":1160},{""x"":951,""y"":365,""t"":1195},{""x"":964,""y"":369,""t"":1228},{""x"":961,""y"":372,""t"":1262},{""x"":957,""y"":374,""t"":1303},{""x"":940,""y"":391,""t"":1330},{""x"":935,""y"":429,""t"":1366},{""x"":923,""y"":417,""t"":1398},{""x"":912,""y"":418,""t"":1438},{""x"":902,""y"":429,""t"":1464},{""x"":908,""y"":437,""t"":1502},{""x"":909,""y"":424,""t"":1532},{""x"":904,""y"":407,""t"":1572},{""x"":909,""y"":419,""t"":1602},{""x"":908,""y"":407,""t"":1650},{""x"":916,""y"":403,""t"":1676},{""x"":915,""y"":429,""t"":1703},{""x"":924,""y"":434,""t"":1742},{""x"":915,""y"":438,""t"":1770},{""x"":925,""y"":421,""t"":1806},{""x"":959,""y"":411,""t"":1851},{""x"":976,""y"":407,""t"":1875},{""x"":990,""y"":395,""t"":1912},{""x"":989,""y"":398,""t"":1942}]","[{""x"":250,""y"":425,""width"":80,""height"":80,""top"":385,""right"":290,""bottom"":465,""left"":210},{""x"":400,""y"":165.1923788646684,""width"":80,""height"":80,""top"":125.1923788646684,""right"":440,""bottom"":205.1923788646684,""left"":360},{""x"":700,""y"":165.1923788646684,""width"":80,""height"":80,""top"":125.1923788646684,""right"":740,""bottom"":205.1923788646684,""left"":660},{""x"":850,""y"":425,""width"":80,""height"":80,""top"":385,""right"":890,""bottom"":465,""left"":810},{""x"":700,""y"":684.8076211353316,""width"":80,""height"":80,""top"":644.8076211353316,""right"":740,""bottom"":724.8076211353316,""left"":660},{""x"":400,""y"":684.8076211353316,""width"":80,""height"":80,""top"":644.8076211353316,""right"":440,""bottom"":724.8076211353316,""left"":360}]","{""#container"":{""x"":410,""y"":129.390625,""width"":1100,""height"":850,""top"":129.390625,""right"":1510,""bottom"":979.390625,""left"":410}}","[{'green': 0}, {'purple': 22}, {'yellow': 2}, {'blue': 0}, {'cyan': 0}, {'red': 0}]",{'yellow_1': 2},purple
613,,,,1085.0,3.0,3.0,"[""purple"",""yellow"",""red"",""green"",""cyan"",""blue""]",cyan,True,"[{""x"":1015,""y"":380,""t"":3},{""x"":1003,""y"":372,""t"":39},{""x"":1011,""y"":358,""t"":78},{""x"":1028,""y"":346,""t"":105},{""x"":1017,""y"":355,""t"":140},{""x"":1013,""y"":341,""t"":188},{""x"":1023,""y"":334,""t"":216},{""x"":1037,""y"":335,""t"":243},{""x"":1043,""y"":341,""t"":276},{""x"":1033,""y"":330,""t"":313},{""x"":1052,""y"":334,""t"":344},{""x"":1059,""y"":349,""t"":388},{""x"":1049,""y"":343,""t"":412},{""x"":1030,""y"":357,""t"":452},{""x"":1016,""y"":340,""t"":481},{""x"":1003,""y"":364,""t"":514},{""x"":992,""y"":365,""t"":548},{""x"":980,""y"":377,""t"":594},{""x"":977,""y"":377,""t"":616},{""x"":968,""y"":385,""t"":657},{""x"":993,""y"":401,""t"":683},{""x"":1011,""y"":406,""t"":720},{""x"":1027,""y"":368,""t"":753},{""x"":1043,""y"":368,""t"":788},{""x"":1044,""y"":371,""t"":818},{""x"":1029,""y"":364,""t"":862},{""x"":1016,""y"":358,""t"":886},{""x"":999,""y"":369,""t"":924},{""x"":1008,""y"":377,""t"":956},{""x"":1010,""y"":361,""t"":996},{""x"":1013,""y"":347,""t"":1021},{""x"":998,""y"":338,""t"":1061},{""x"":986,""y"":331,""t"":1089},{""x"":995,""y"":327,""t"":1130},{""x"":1013,""y"":328,""t"":1160},{""x"":998,""y"":337,""t"":1208},{""x"":1003,""y"":370,""t"":1236},{""x"":991,""y"":373,""t"":1263},{""x"":983,""y"":347,""t"":1296},{""x"":967,""y"":325,""t"":1332},{""x"":955,""y"":308,""t"":1362},{""x"":974,""y"":319,""t"":1411},{""x"":999,""y"":322,""t"":1438},{""x"":1002,""y"":330,""t"":1466},{""x"":991,""y"":322,""t"":1505},{""x"":1001,""y"":348,""t"":1534},{""x"":989,""y"":356,""t"":1581},{""x"":983,""y"":345,""t"":1607},{""x"":974,""y"":349,""t"":1635},{""x"":989,""y"":351,""t"":1674},{""x"":998,""y"":344,""t"":1703},{""x"":1016,""y"":340,""t"":1752},{""x"":1027,""y"":358,""t"":1779},{""x"":1036,""y"":370,""t"":1807},{""x"":1015,""y"":537,""t"":1840},{""x"":961,""y"":819,""t"":1877},{""x"":927,""y"":1022,""t"":1908},{""x"":891,""y"":1166,""t"":1956},{""x"":851,""y"":1213,""t"":1983}]","[{""x"":250,""y"":425,""width"":80,""height"":80,""top"":385,""right"":290,""bottom"":465,""left"":210},{""x"":400,""y"":165.1923788646684,""width"":80,""height"":80,""top"":125.1923788646684,""right"":440,""bottom"":205.1923788646684,""left"":360},{""x"":700,""y"":165.1923788646684,""width"":80,""height"":80,""top"":125.1923788646684,""right"":740,""bottom"":205.1923788646684,""left"":660},{""x"":850,""y"":425,""width"":80,""height"":80,""top"":385,""right"":890,""bottom"":465,""left"":810},{""x"":700,""y"":684.8076211353316,""width"":80,""height"":80,""top"":644.8076211353316,""right"":740,""bottom"":724.8076211353316,""left"":660},{""x"":400,""y"":684.8076211353316,""width"":80,""height"":80,""top"":644.8076211353316,""right"":440,""bottom"":724.8076211353316,""left"":360}]","{""#container"":{""x"":410,""y"":129.390625,""width"":1100,""height"":850,""top"":129.390625,""right"":1510,""bottom"":979.390625,""left"":410}}","[{'purple': 0}, {'yellow': 1}, {'red': 49}, {'green': 0}, {'cyan': 1}, {'blue': 0}]",{'cyan': 1},red
614,,,,670.0,3.0,3.0,"[""cyan"",""green"",""yellow"",""blue"",""red"",""purple""]",red_1,True,"[{""x"":858,""y"":1061,""t"":3},{""x"":855,""y"":904,""t"":43},{""x"":854,""y"":766,""t"":69},{""x"":840,""y"":637,""t"":107},{""x"":848,""y"":541,""t"":138},{""x"":847,""y"":458,""t"":187},{""x"":850,""y"":390,""t"":210},{""x"":856,""y"":322,""t"":242},{""x"":874,""y"":270,""t"":282},{""x"":889,""y"":231,""t"":310},{""x"":906,""y"":207,""t"":344},{""x"":878,""y"":202,""t"":378},{""x"":836,""y"":244,""t"":425},{""x"":815,""y"":280,""t"":453},{""x"":819,""y"":448,""t"":483},{""x"":804,""y"":758,""t"":514},{""x"":792,""y"":1020,""t"":548},{""x"":769,""y"":1220,""t"":582},{""x"":748,""y"":1388,""t"":619},{""x"":732,""y"":1519,""t"":648},{""x"":713,""y"":1622,""t"":690},{""x"":718,""y"":1656,""t"":718},{""x"":728,""y"":1641,""t"":766},{""x"":748,""y"":1616,""t"":792},{""x"":770,""y"":1499,""t"":819},{""x"":786,""y"":1353,""t"":861},{""x"":795,""y"":1182,""t"":889},{""x"":804,""y"":1018,""t"":924},{""x"":804,""y"":846,""t"":957},{""x"":804,""y"":711,""t"":1004},{""x"":802,""y"":608,""t"":1030},{""x"":806,""y"":513,""t"":1057},{""x"":792,""y"":460,""t"":1096},{""x"":800,""y"":433,""t"":1126},{""x"":800,""y"":408,""t"":1174},{""x"":792,""y"":393,""t"":1201},{""x"":784,""y"":384,""t"":1228},{""x"":777,""y"":383,""t"":1270},{""x"":758,""y"":384,""t"":1298},{""x"":748,""y"":384,""t"":1330},{""x"":737,""y"":405,""t"":1365},{""x"":729,""y"":401,""t"":1412},{""x"":724,""y"":425,""t"":1438},{""x"":741,""y"":418,""t"":1466},{""x"":733,""y"":438,""t"":1507},{""x"":756,""y"":457,""t"":1534},{""x"":783,""y"":455,""t"":1571},{""x"":778,""y"":479,""t"":1601},{""x"":812,""y"":500,""t"":1643},{""x"":829,""y"":506,""t"":1668},{""x"":838,""y"":528,""t"":1707},{""x"":845,""y"":547,""t"":1736},{""x"":854,""y"":531,""t"":1777},{""x"":914,""y"":559,""t"":1806},{""x"":974,""y"":596,""t"":1851},{""x"":1013,""y"":627,""t"":1873},{""x"":1037,""y"":633,""t"":1915},{""x"":1051,""y"":647,""t"":1941},{""x"":1074,""y"":655,""t"":1979}]","[{""x"":250,""y"":425,""width"":80,""height"":80,""top"":385,""right"":290,""bottom"":465,""left"":210},{""x"":400,""y"":165.1923788646684,""width"":80,""height"":80,""top"":125.1923788646684,""right"":440,""bottom"":205.1923788646684,""left"":360},{""x"":700,""y"":165.1923788646684,""width"":80,""height"":80,""top"":125.1923788646684,""right"":740,""bottom"":205.1923788646684,""left"":660},{""x"":850,""y"":425,""width"":80,""height"":80,""top"":385,""right"":890,""bottom"":465,""left"":810},{""x"":700,""y"":684.8076211353316,""width"":80,""height"":80,""top"":644.8076211353316,""right"":740,""bottom"":724.8076211353316,""left"":660},{""x"":400,""y"":684.8076211353316,""width"":80,""height"":80,""top"":644.8076211353316,""right"":440,""bottom"":724.8076211353316,""left"":360}]","{""#container"":{""x"":410,""y"":129.390625,""width"":1100,""height"":850,""top"":129.390625,""right"":1510,""bottom"":979.390625,""left"":410}}","[{'cyan': 4}, {'green': 18}, {'yellow': 0}, {'blue': 0}, {'red': 0}, {'purple': 5}]",,green
615,,,,476.0,4.0,4.0,"[""green"",""yellow"",""purple"",""blue"",""red"",""cyan""]",green,True,"[{""x"":1033,""y"":580,""t"":3},{""x"":1003,""y"":497,""t"":38},{""x"":965,""y"":454,""t"":72},{""x"":936,""y"":408,""t"":110},{""x"":899,""y"":374,""t"":140},{""x"":875,""y"":337,""t"":174},{""x"":858,""y"":323,""t"":214},{""x"":842,""y"":325,""t"":241},{""x"":843,""y"":301,""t"":280},{""x"":846,""y"":283,""t"":308},{""x"":850,""y"":254,""t"":343},{""x"":863,""y"":271,""t"":379},{""x"":858,""y"":283,""t"":426},{""x"":847,""y"":296,""t"":454},{""x"":803,""y"":327,""t"":481},{""x"":758,""y"":349,""t"":514},{""x"":724,""y"":366,""t"":550},{""x"":696,""y"":381,""t"":580},{""x"":670,""y"":380,""t"":615},{""x"":661,""y"":368,""t"":658},{""x"":650,""y"":361,""t"":686},{""x"":647,""y"":392,""t"":720},{""x"":677,""y"":406,""t"":752},{""x"":706,""y"":402,""t"":799},{""x"":753,""y"":396,""t"":823},{""x"":774,""y"":402,""t"":855},{""x"":788,""y"":399,""t"":895},{""x"":787,""y"":430,""t"":923},{""x"":807,""y"":442,""t"":957},{""x"":834,""y"":451,""t"":990},{""x"":874,""y"":480,""t"":1035},{""x"":902,""y"":484,""t"":1062},{""x"":929,""y"":491,""t"":1092},{""x"":952,""y"":517,""t"":1127},{""x"":964,""y"":517,""t"":1174},{""x"":988,""y"":533,""t"":1201},{""x"":1015,""y"":541,""t"":1228},{""x"":1042,""y"":570,""t"":1268},{""x"":1060,""y"":585,""t"":1295},{""x"":1080,""y"":598,""t"":1331},{""x"":1072,""y"":656,""t"":1376},{""x"":1024,""y"":838,""t"":1400},{""x"":996,""y"":1009,""t"":1432},{""x"":973,""y"":1073,""t"":1469},{""x"":1030,""y"":971,""t"":1500},{""x"":1024,""y"":790,""t"":1543},{""x"":1041,""y"":639,""t"":1569},{""x"":1033,""y"":497,""t"":1602},{""x"":1032,""y"":370,""t"":1639},{""x"":1031,""y"":279,""t"":1669},{""x"":1020,""y"":216,""t"":1704},{""x"":1073,""y"":185,""t"":1753},{""x"":1138,""y"":150,""t"":1779},{""x"":1186,""y"":175,""t"":1806},{""x"":1219,""y"":180,""t"":1846},{""x"":1216,""y"":221,""t"":1874},{""x"":1238,""y"":230,""t"":1909},{""x"":1153,""y"":222,""t"":1943},{""x"":1063,""y"":228,""t"":1973}]","[{""x"":250,""y"":425,""width"":80,""height"":80,""top"":385,""right"":290,""bottom"":465,""left"":210},{""x"":400,""y"":165.1923788646684,""width"":80,""height"":80,""top"":125.1923788646684,""right"":440,""bottom"":205.1923788646684,""left"":360},{""x"":700,""y"":165.1923788646684,""width"":80,""height"":80,""top"":125.1923788646684,""right"":740,""bottom"":205.1923788646684,""left"":660},{""x"":850,""y"":425,""width"":80,""height"":80,""top"":385,""right"":890,""bottom"":465,""left"":810},{""x"":700,""y"":684.8076211353316,""width"":80,""height"":80,""top"":644.8076211353316,""right"":740,""bottom"":724.8076211353316,""left"":660},{""x"":400,""y"":684.8076211353316,""width"":80,""height"":80,""top"":644.8076211353316,""right"":440,""bottom"":724.8076211353316,""left"":360}]","{""#container"":{""x"":410,""y"":129.390625,""width"":1100,""height"":850,""top"":129.390625,""right"":1510,""bottom"":979.390625,""left"":410}}","[{'green': 1}, {'yellow': 20}, {'purple': 10}, {'blue': 0}, {'red': 2}, {'cyan': 0}]",{'green': 1},yellow
616,,,,674.0,4.0,4.0,"[""red"",""blue"",""cyan"",""purple"",""yellow"",""green""]",red_1,True,"[{""x"":990,""y"":276,""t"":3},{""x"":929,""y"":318,""t"":36},{""x"":874,""y"":367,""t"":72},{""x"":831,""y"":391,""t"":111},{""x"":800,""y"":390,""t"":140},{""x"":781,""y"":387,""t"":174},{""x"":777,""y"":369,""t"":221},{""x"":777,""y"":379,""t"":248},{""x"":767,""y"":376,""t"":275},{""x"":755,""y"":375,""t"":314},{""x"":749,""y"":380,""t"":345},{""x"":746,""y"":376,""t"":378},{""x"":754,""y"":389,""t"":424},{""x"":793,""y"":393,""t"":451},{""x"":782,""y"":407,""t"":479},{""x"":759,""y"":431,""t"":518},{""x"":729,""y"":448,""t"":548},{""x"":707,""y"":452,""t"":582},{""x"":699,""y"":452,""t"":628},{""x"":684,""y"":458,""t"":651},{""x"":647,""y"":457,""t"":684},{""x"":636,""y"":475,""t"":722},{""x"":609,""y"":472,""t"":751},{""x"":584,""y"":448,""t"":786},{""x"":586,""y"":455,""t"":833},{""x"":595,""y"":457,""t"":858},{""x"":652,""y"":449,""t"":889},{""x"":815,""y"":412,""t"":928},{""x"":952,""y"":388,""t"":955},{""x"":1085,""y"":374,""t"":992},{""x"":1159,""y"":394,""t"":1024},{""x"":1224,""y"":393,""t"":1063},{""x"":1270,""y"":400,""t"":1090},{""x"":1221,""y"":325,""t"":1127},{""x"":1185,""y"":268,""t"":1159},{""x"":1156,""y"":230,""t"":1195},{""x"":1121,""y"":179,""t"":1240},{""x"":1088,""y"":150,""t"":1262},{""x"":1040,""y"":131,""t"":1295},{""x"":1010,""y"":134,""t"":1335},{""x"":988,""y"":175,""t"":1364},{""x"":962,""y"":245,""t"":1398},{""x"":949,""y"":310,""t"":1432},{""x"":938,""y"":370,""t"":1474},{""x"":927,""y"":443,""t"":1503},{""x"":926,""y"":490,""t"":1535},{""x"":883,""y"":505,""t"":1582},{""x"":854,""y"":489,""t"":1606},{""x"":830,""y"":473,""t"":1634},{""x"":805,""y"":475,""t"":1671},{""x"":782,""y"":436,""t"":1703},{""x"":778,""y"":427,""t"":1739},{""x"":794,""y"":397,""t"":1786},{""x"":816,""y"":409,""t"":1813},{""x"":825,""y"":402,""t"":1840},{""x"":845,""y"":401,""t"":1878},{""x"":850,""y"":393,""t"":1908},{""x"":881,""y"":383,""t"":1942}]","[{""x"":250,""y"":425,""width"":80,""height"":80,""top"":385,""right"":290,""bottom"":465,""left"":210},{""x"":400,""y"":165.1923788646684,""width"":80,""height"":80,""top"":125.1923788646684,""right"":440,""bottom"":205.1923788646684,""left"":360},{""x"":700,""y"":165.1923788646684,""width"":80,""height"":80,""top"":125.1923788646684,""right"":740,""bottom"":205.1923788646684,""left"":660},{""x"":850,""y"":425,""width"":80,""height"":80,""top"":385,""right"":890,""bottom"":465,""left"":810},{""x"":700,""y"":684.8076211353316,""width"":80,""height"":80,""top"":644.8076211353316,""right"":740,""bottom"":724.8076211353316,""left"":660},{""x"":400,""y"":684.8076211353316,""width"":80,""height"":80,""top"":644.8076211353316,""right"":440,""bottom"":724.8076211353316,""left"":360}]","{""#container"":{""x"":410,""y"":129.390625,""width"":1100,""height"":850,""top"":129.390625,""right"":1510,""bottom"":979.390625,""left"":410}}","[{'red': 11}, {'blue': 26}, {'cyan': 8}, {'purple': 0}, {'yellow': 0}, {'green': 0}]",{'red_1': 11},blue
617,,,,547.0,4.0,4.0,"[""red"",""yellow"",""purple"",""green"",""blue"",""cyan""]",red,True,"[{""x"":879,""y"":403,""t"":3},{""x"":881,""y"":422,""t"":37},{""x"":884,""y"":420,""t"":76},{""x"":895,""y"":420,""t"":107},{""x"":904,""y"":390,""t"":150},{""x"":907,""y"":410,""t"":177},{""x"":895,""y"":404,""t"":207},{""x"":894,""y"":387,""t"":246},{""x"":893,""y"":372,""t"":273},{""x"":906,""y"":363,""t"":310},{""x"":907,""y"":348,""t"":357},{""x"":912,""y"":346,""t"":383},{""x"":912,""y"":347,""t"":411},{""x"":878,""y"":381,""t"":450},{""x"":850,""y"":410,""t"":478},{""x"":801,""y"":428,""t"":518},{""x"":760,""y"":442,""t"":545},{""x"":723,""y"":460,""t"":582},{""x"":704,""y"":463,""t"":622},{""x"":688,""y"":473,""t"":650},{""x"":691,""y"":540,""t"":686},{""x"":697,""y"":807,""t"":718},{""x"":701,""y"":1048,""t"":765},{""x"":723,""y"":1240,""t"":789},{""x"":745,""y"":1349,""t"":820},{""x"":753,""y"":1409,""t"":858},{""x"":768,""y"":1350,""t"":888},{""x"":770,""y"":1220,""t"":935},{""x"":753,""y"":1070,""t"":959},{""x"":764,""y"":942,""t"":990},{""x"":734,""y"":832,""t"":1031},{""x"":714,""y"":744,""t"":1057},{""x"":701,""y"":666,""t"":1093},{""x"":706,""y"":577,""t"":1139},{""x"":733,""y"":446,""t"":1166},{""x"":734,""y"":342,""t"":1193},{""x"":720,""y"":251,""t"":1232},{""x"":710,""y"":197,""t"":1262},{""x"":712,""y"":153,""t"":1295},{""x"":704,""y"":134,""t"":1342},{""x"":713,""y"":116,""t"":1370},{""x"":702,""y"":91,""t"":1398},{""x"":736,""y"":84,""t"":1435},{""x"":804,""y"":80,""t"":1465},{""x"":858,""y"":52,""t"":1510},{""x"":904,""y"":46,""t"":1533},{""x"":944,""y"":35,""t"":1574},{""x"":976,""y"":29,""t"":1599},{""x"":1016,""y"":44,""t"":1638},{""x"":1037,""y"":53,""t"":1667},{""x"":1042,""y"":56,""t"":1718},{""x"":1024,""y"":88,""t"":1744},{""x"":923,""y"":174,""t"":1772},{""x"":836,""y"":239,""t"":1812},{""x"":774,""y"":286,""t"":1841},{""x"":701,""y"":322,""t"":1875},{""x"":655,""y"":335,""t"":1910},{""x"":619,""y"":343,""t"":1940},{""x"":597,""y"":370,""t"":1985}]","[{""x"":250,""y"":425,""width"":80,""height"":80,""top"":385,""right"":290,""bottom"":465,""left"":210},{""x"":400,""y"":165.1923788646684,""width"":80,""height"":80,""top"":125.1923788646684,""right"":440,""bottom"":205.1923788646684,""left"":360},{""x"":700,""y"":165.1923788646684,""width"":80,""height"":80,""top"":125.1923788646684,""right"":740,""bottom"":205.1923788646684,""left"":660},{""x"":850,""y"":425,""width"":80,""height"":80,""top"":385,""right"":890,""bottom"":465,""left"":810},{""x"":700,""y"":684.8076211353316,""width"":80,""height"":80,""top"":644.8076211353316,""right"":740,""bottom"":724.8076211353316,""left"":660},{""x"":400,""y"":684.8076211353316,""width"":80,""height"":80,""top"":644.8076211353316,""right"":440,""bottom"":724.8076211353316,""left"":360}]","{""#container"":{""x"":410,""y"":129.390625,""width"":1100,""height"":850,""top"":129.390625,""right"":1510,""bottom"":979.390625,""left"":410}}","[{'red': 7}, {'yellow': 20}, {'purple': 0}, {'green': 0}, {'blue': 0}, {'cyan': 4}]",{'red': 7},yellow
618,,,,750.0,9.0,9.0,"[""cyan"",""red"",""green"",""blue"",""purple"",""yellow""]",green,True,"[{""x"":639,""y"":384,""t"":3},{""x"":676,""y"":412,""t"":37},{""x"":706,""y"":430,""t"":79},{""x"":741,""y"":434,""t"":107},{""x"":757,""y"":414,""t"":140},{""x"":794,""y"":434,""t"":188},{""x"":811,""y"":415,""t"":214},{""x"":840,""y"":395,""t"":243},{""x"":861,""y"":391,""t"":280},{""x"":876,""y"":384,""t"":311},{""x"":879,""y"":367,""t"":344},{""x"":883,""y"":348,""t"":391},{""x"":888,""y"":350,""t"":418},{""x"":896,""y"":362,""t"":446},{""x"":891,""y"":346,""t"":486},{""x"":886,""y"":328,""t"":513},{""x"":888,""y"":318,""t"":548},{""x"":893,""y"":316,""t"":590},{""x"":894,""y"":301,""t"":614},{""x"":893,""y"":313,""t"":659},{""x"":903,""y"":310,""t"":684},{""x"":892,""y"":300,""t"":722},{""x"":895,""y"":295,""t"":751},{""x"":846,""y"":277,""t"":798},{""x"":804,""y"":262,""t"":820},{""x"":773,""y"":266,""t"":853},{""x"":751,""y"":247,""t"":893},{""x"":728,""y"":238,""t"":921},{""x"":703,""y"":230,""t"":956},{""x"":687,""y"":236,""t"":990},{""x"":675,""y"":243,""t"":1034},{""x"":676,""y"":232,""t"":1058},{""x"":689,""y"":220,""t"":1099},{""x"":755,""y"":254,""t"":1125},{""x"":788,""y"":251,""t"":1161},{""x"":838,""y"":253,""t"":1198},{""x"":889,""y"":260,""t"":1226},{""x"":899,""y"":261,""t"":1262},{""x"":934,""y"":262,""t"":1300},{""x"":944,""y"":264,""t"":1330},{""x"":944,""y"":282,""t"":1363},{""x"":916,""y"":340,""t"":1410},{""x"":890,""y"":389,""t"":1432},{""x"":877,""y"":415,""t"":1465},{""x"":871,""y"":444,""t"":1502},{""x"":866,""y"":466,""t"":1532},{""x"":845,""y"":484,""t"":1581},{""x"":854,""y"":497,""t"":1607},{""x"":908,""y"":496,""t"":1635},{""x"":976,""y"":484,""t"":1676},{""x"":1033,""y"":480,""t"":1703},{""x"":1059,""y"":461,""t"":1738},{""x"":1074,""y"":464,""t"":1786},{""x"":1107,""y"":463,""t"":1810},{""x"":1087,""y"":589,""t"":1840},{""x"":1028,""y"":844,""t"":1880},{""x"":970,""y"":1063,""t"":1908},{""x"":942,""y"":1194,""t"":1943}]","[{""x"":250,""y"":425,""width"":80,""height"":80,""top"":385,""right"":290,""bottom"":465,""left"":210},{""x"":400,""y"":165.1923788646684,""width"":80,""height"":80,""top"":125.1923788646684,""right"":440,""bottom"":205.1923788646684,""left"":360},{""x"":700,""y"":165.1923788646684,""width"":80,""height"":80,""top"":125.1923788646684,""right"":740,""bottom"":205.1923788646684,""left"":660},{""x"":850,""y"":425,""width"":80,""height"":80,""top"":385,""right"":890,""bottom"":465,""left"":810},{""x"":700,""y"":684.8076211353316,""width"":80,""height"":80,""top"":644.8076211353316,""right"":740,""bottom"":724.8076211353316,""left"":660},{""x"":400,""y"":684.8076211353316,""width"":80,""height"":80,""top"":644.8076211353316,""right"":440,""bottom"":724.8076211353316,""left"":360}]","{""#container"":{""x"":410,""y"":129.390625,""width"":1100,""height"":850,""top"":129.390625,""right"":1510,""bottom"":979.390625,""left"":410}}","[{'cyan': 3}, {'red': 40}, {'green': 0}, {'blue': 0}, {'purple': 1}, {'yellow': 0}]",,red
619,,,,651.0,6.0,6.0,"[""green"",""red"",""yellow"",""blue"",""cyan"",""purple""]",blue,True,"[{""x"":896,""y"":1087,""t"":3},{""x"":891,""y"":913,""t"":38},{""x"":876,""y"":760,""t"":77},{""x"":857,""y"":637,""t"":107},{""x"":846,""y"":541,""t"":139},{""x"":845,""y"":452,""t"":181},{""x"":846,""y"":382,""t"":208},{""x"":835,""y"":332,""t"":242},{""x"":832,""y"":291,""t"":280},{""x"":843,""y"":264,""t"":311},{""x"":852,""y"":239,""t"":344},{""x"":850,""y"":238,""t"":389},{""x"":849,""y"":242,""t"":414},{""x"":838,""y"":242,""t"":447},{""x"":848,""y"":240,""t"":484},{""x"":870,""y"":241,""t"":514},{""x"":862,""y"":255,""t"":547},{""x"":857,""y"":258,""t"":595},{""x"":842,""y"":266,""t"":619},{""x"":821,""y"":283,""t"":650},{""x"":799,""y"":264,""t"":689},{""x"":778,""y"":249,""t"":719},{""x"":763,""y"":239,""t"":752},{""x"":749,""y"":242,""t"":789},{""x"":732,""y"":247,""t"":820},{""x"":728,""y"":237,""t"":853},{""x"":730,""y"":234,""t"":895},{""x"":719,""y"":243,""t"":922},{""x"":710,""y"":246,""t"":958},{""x"":710,""y"":247,""t"":989},{""x"":711,""y"":241,""t"":1029},{""x"":713,""y"":236,""t"":1055},{""x"":678,""y"":284,""t"":1093},{""x"":657,""y"":372,""t"":1127},{""x"":636,""y"":428,""t"":1164},{""x"":618,""y"":486,""t"":1194},{""x"":605,""y"":520,""t"":1228},{""x"":614,""y"":537,""t"":1275},{""x"":603,""y"":561,""t"":1302},{""x"":608,""y"":568,""t"":1329},{""x"":622,""y"":574,""t"":1368},{""x"":635,""y"":581,""t"":1398},{""x"":647,""y"":571,""t"":1432},{""x"":665,""y"":557,""t"":1479},{""x"":673,""y"":571,""t"":1509},{""x"":676,""y"":583,""t"":1533},{""x"":686,""y"":568,""t"":1572},{""x"":694,""y"":572,""t"":1602},{""x"":710,""y"":586,""t"":1635},{""x"":723,""y"":592,""t"":1682},{""x"":733,""y"":601,""t"":1709},{""x"":765,""y"":713,""t"":1739},{""x"":782,""y"":961,""t"":1771},{""x"":788,""y"":1177,""t"":1806},{""x"":787,""y"":1339,""t"":1853},{""x"":801,""y"":1445,""t"":1880},{""x"":807,""y"":1489,""t"":1908},{""x"":809,""y"":1486,""t"":1948},{""x"":812,""y"":1390,""t"":1976}]","[{""x"":250,""y"":425,""width"":80,""height"":80,""top"":385,""right"":290,""bottom"":465,""left"":210},{""x"":400,""y"":165.1923788646684,""width"":80,""height"":80,""top"":125.1923788646684,""right"":440,""bottom"":205.1923788646684,""left"":360},{""x"":700,""y"":165.1923788646684,""width"":80,""height"":80,""top"":125.1923788646684,""right"":740,""bottom"":205.1923788646684,""left"":660},{""x"":850,""y"":425,""width"":80,""height"":80,""top"":385,""right"":890,""bottom"":465,""left"":810},{""x"":700,""y"":684.8076211353316,""width"":80,""height"":80,""top"":644.8076211353316,""right"":740,""bottom"":724.8076211353316,""left"":660},{""x"":400,""y"":684.8076211353316,""width"":80,""height"":80,""top"":644.8076211353316,""right"":440,""bottom"":724.8076211353316,""left"":360}]","{""#container"":{""x"":410,""y"":129.390625,""width"":1100,""height"":850,""top"":129.390625,""right"":1510,""bottom"":979.390625,""left"":410}}","[{'green': 17}, {'red': 27}, {'yellow': 0}, {'blue': 0}, {'cyan': 0}, {'purple': 4}]",,red
620,,,,997.0,3.0,3.0,"[""cyan"",""green"",""yellow"",""red"",""purple"",""blue""]",purple_1,True,"[{""x"":832,""y"":1155,""t"":3},{""x"":875,""y"":940,""t"":39},{""x"":899,""y"":745,""t"":77},{""x"":924,""y"":595,""t"":107},{""x"":949,""y"":463,""t"":140},{""x"":958,""y"":372,""t"":180},{""x"":965,""y"":293,""t"":205},{""x"":967,""y"":230,""t"":244},{""x"":966,""y"":186,""t"":274},{""x"":958,""y"":172,""t"":312},{""x"":958,""y"":151,""t"":344},{""x"":943,""y"":255,""t"":387},{""x"":924,""y"":325,""t"":413},{""x"":887,""y"":625,""t"":446},{""x"":854,""y"":904,""t"":482},{""x"":830,""y"":1147,""t"":514},{""x"":808,""y"":1332,""t"":548},{""x"":786,""y"":1468,""t"":592},{""x"":779,""y"":1537,""t"":620},{""x"":778,""y"":1548,""t"":650},{""x"":778,""y"":1541,""t"":683},{""x"":764,""y"":1500,""t"":719},{""x"":771,""y"":1371,""t"":755},{""x"":779,""y"":1256,""t"":784},{""x"":789,""y"":1143,""t"":820},{""x"":810,""y"":1034,""t"":859},{""x"":800,""y"":923,""t"":889},{""x"":822,""y"":816,""t"":922},{""x"":810,""y"":731,""t"":968},{""x"":854,""y"":681,""t"":996},{""x"":928,""y"":661,""t"":1024},{""x"":975,""y"":649,""t"":1060},{""x"":1022,""y"":635,""t"":1090},{""x"":1060,""y"":628,""t"":1136},{""x"":1086,""y"":609,""t"":1163},{""x"":1105,""y"":596,""t"":1194},{""x"":1113,""y"":586,""t"":1231},{""x"":1114,""y"":585,""t"":1263},{""x"":1117,""y"":600,""t"":1310},{""x"":1126,""y"":590,""t"":1336},{""x"":1122,""y"":598,""t"":1365},{""x"":1123,""y"":594,""t"":1398},{""x"":1104,""y"":598,""t"":1436},{""x"":1083,""y"":600,""t"":1466},{""x"":1119,""y"":582,""t"":1500},{""x"":1167,""y"":530,""t"":1546},{""x"":1226,""y"":478,""t"":1570},{""x"":1271,""y"":427,""t"":1602},{""x"":1303,""y"":393,""t"":1639},{""x"":1350,""y"":359,""t"":1669},{""x"":1377,""y"":336,""t"":1716},{""x"":1397,""y"":319,""t"":1739},{""x"":1356,""y"":279,""t"":1773},{""x"":1297,""y"":254,""t"":1811},{""x"":1245,""y"":235,""t"":1839},{""x"":1222,""y"":209,""t"":1876},{""x"":1194,""y"":181,""t"":1909},{""x"":1178,""y"":165,""t"":1952},{""x"":1169,""y"":167,""t"":1975}]","[{""x"":250,""y"":425,""width"":80,""height"":80,""top"":385,""right"":290,""bottom"":465,""left"":210},{""x"":400,""y"":165.1923788646684,""width"":80,""height"":80,""top"":125.1923788646684,""right"":440,""bottom"":205.1923788646684,""left"":360},{""x"":700,""y"":165.1923788646684,""width"":80,""height"":80,""top"":125.1923788646684,""right"":740,""bottom"":205.1923788646684,""left"":660},{""x"":850,""y"":425,""width"":80,""height"":80,""top"":385,""right"":890,""bottom"":465,""left"":810},{""x"":700,""y"":684.8076211353316,""width"":80,""height"":80,""top"":644.8076211353316,""right"":740,""bottom"":724.8076211353316,""left"":660},{""x"":400,""y"":684.8076211353316,""width"":80,""height"":80,""top"":644.8076211353316,""right"":440,""bottom"":724.8076211353316,""left"":360}]","{""#container"":{""x"":410,""y"":129.390625,""width"":1100,""height"":850,""top"":129.390625,""right"":1510,""bottom"":979.390625,""left"":410}}","[{'cyan': 0}, {'green': 2}, {'yellow': 6}, {'red': 8}, {'purple': 0}, {'blue': 7}]",,red
621,,,,688.0,1.0,1.0,"[""blue"",""cyan"",""red"",""purple"",""yellow"",""green""]",green,True,"[{""x"":1089,""y"":189,""t"":3},{""x"":1024,""y"":194,""t"":37},{""x"":968,""y"":217,""t"":77},{""x"":916,""y"":240,""t"":106},{""x"":870,""y"":249,""t"":140},{""x"":852,""y"":259,""t"":185},{""x"":856,""y"":285,""t"":214},{""x"":840,""y"":294,""t"":241},{""x"":844,""y"":298,""t"":280},{""x"":837,""y"":300,""t"":309},{""x"":834,""y"":314,""t"":355},{""x"":833,""y"":326,""t"":382},{""x"":848,""y"":338,""t"":411},{""x"":843,""y"":340,""t"":453},{""x"":846,""y"":367,""t"":482},{""x"":865,""y"":418,""t"":514},{""x"":866,""y"":432,""t"":561},{""x"":852,""y"":432,""t"":587},{""x"":841,""y"":443,""t"":616},{""x"":838,""y"":461,""t"":656},{""x"":887,""y"":459,""t"":683},{""x"":940,""y"":402,""t"":718},{""x"":972,""y"":329,""t"":765},{""x"":995,""y"":279,""t"":792},{""x"":1019,""y"":240,""t"":819},{""x"":1039,""y"":211,""t"":859},{""x"":1043,""y"":161,""t"":889},{""x"":1061,""y"":144,""t"":931},{""x"":1075,""y"":132,""t"":957},{""x"":1084,""y"":127,""t"":991},{""x"":1100,""y"":120,""t"":1027},{""x"":1113,""y"":116,""t"":1056},{""x"":1120,""y"":118,""t"":1091},{""x"":1158,""y"":105,""t"":1126},{""x"":1189,""y"":96,""t"":1169},{""x"":1192,""y"":101,""t"":1193},{""x"":1192,""y"":88,""t"":1234},{""x"":1226,""y"":109,""t"":1262},{""x"":1271,""y"":145,""t"":1298},{""x"":1312,""y"":186,""t"":1330},{""x"":1347,""y"":212,""t"":1363},{""x"":1365,""y"":233,""t"":1406},{""x"":1381,""y"":256,""t"":1436},{""x"":1395,""y"":277,""t"":1466},{""x"":1400,""y"":281,""t"":1515},{""x"":1401,""y"":297,""t"":1543},{""x"":1400,""y"":309,""t"":1568},{""x"":1339,""y"":283,""t"":1602},{""x"":1289,""y"":266,""t"":1635},{""x"":1245,""y"":234,""t"":1671},{""x"":1211,""y"":208,""t"":1704},{""x"":1179,""y"":198,""t"":1750},{""x"":1104,""y"":181,""t"":1779},{""x"":988,""y"":197,""t"":1806},{""x"":882,""y"":192,""t"":1844},{""x"":802,""y"":188,""t"":1874},{""x"":728,""y"":217,""t"":1921},{""x"":676,""y"":240,""t"":1949},{""x"":659,""y"":251,""t"":1976}]","[{""x"":250,""y"":425,""width"":80,""height"":80,""top"":385,""right"":290,""bottom"":465,""left"":210},{""x"":400,""y"":165.1923788646684,""width"":80,""height"":80,""top"":125.1923788646684,""right"":440,""bottom"":205.1923788646684,""left"":360},{""x"":700,""y"":165.1923788646684,""width"":80,""height"":80,""top"":125.1923788646684,""right"":740,""bottom"":205.1923788646684,""left"":660},{""x"":850,""y"":425,""width"":80,""height"":80,""top"":385,""right"":890,""bottom"":465,""left"":810},{""x"":700,""y"":684.8076211353316,""width"":80,""height"":80,""top"":644.8076211353316,""right"":740,""bottom"":724.8076211353316,""left"":660},{""x"":400,""y"":684.8076211353316,""width"":80,""height"":80,""top"":644.8076211353316,""right"":440,""bottom"":724.8076211353316,""left"":360}]","{""#container"":{""x"":410,""y"":129.390625,""width"":1100,""height"":850,""top"":129.390625,""right"":1510,""bottom"":979.390625,""left"":410}}","[{'blue': 0}, {'cyan': 19}, {'red': 11}, {'purple': 0}, {'yellow': 0}, {'green': 0}]",,cyan
622,,,,755.0,3.0,3.0,"[""cyan"",""purple"",""green"",""red"",""blue"",""yellow""]",blue,True,"[{""x"":692,""y"":274,""t"":3},{""x"":709,""y"":293,""t"":38},{""x"":735,""y"":293,""t"":78},{""x"":769,""y"":318,""t"":107},{""x"":795,""y"":324,""t"":139},{""x"":818,""y"":332,""t"":185},{""x"":852,""y"":340,""t"":208},{""x"":872,""y"":347,""t"":249},{""x"":891,""y"":355,""t"":276},{""x"":911,""y"":345,""t"":312},{""x"":923,""y"":361,""t"":344},{""x"":936,""y"":358,""t"":391},{""x"":946,""y"":368,""t"":417},{""x"":947,""y"":363,""t"":445},{""x"":930,""y"":365,""t"":485},{""x"":924,""y"":328,""t"":513},{""x"":926,""y"":298,""t"":562},{""x"":918,""y"":275,""t"":587},{""x"":919,""y"":255,""t"":616},{""x"":918,""y"":306,""t"":657},{""x"":909,""y"":593,""t"":683},{""x"":873,""y"":894,""t"":719},{""x"":825,""y"":1133,""t"":752},{""x"":795,""y"":1314,""t"":797},{""x"":780,""y"":1463,""t"":824},{""x"":767,""y"":1547,""t"":854},{""x"":765,""y"":1573,""t"":891},{""x"":775,""y"":1578,""t"":922},{""x"":781,""y"":1519,""t"":961},{""x"":796,""y"":1369,""t"":990},{""x"":801,""y"":1163,""t"":1025},{""x"":805,""y"":984,""t"":1055},{""x"":819,""y"":788,""t"":1096},{""x"":824,""y"":642,""t"":1126},{""x"":833,""y"":506,""t"":1175},{""x"":900,""y"":402,""t"":1201},{""x"":958,""y"":323,""t"":1228},{""x"":1078,""y"":258,""t"":1262},{""x"":1146,""y"":218,""t"":1297},{""x"":1191,""y"":210,""t"":1329},{""x"":1234,""y"":197,""t"":1363},{""x"":1276,""y"":188,""t"":1412},{""x"":1291,""y"":185,""t"":1439},{""x"":1318,""y"":199,""t"":1466},{""x"":1310,""y"":210,""t"":1507},{""x"":1292,""y"":232,""t"":1533},{""x"":1306,""y"":274,""t"":1569},{""x"":1305,""y"":319,""t"":1602},{""x"":1300,""y"":354,""t"":1648},{""x"":1291,""y"":386,""t"":1673},{""x"":1288,""y"":365,""t"":1703},{""x"":1304,""y"":335,""t"":1741},{""x"":1303,""y"":338,""t"":1772},{""x"":1297,""y"":360,""t"":1819},{""x"":1281,""y"":382,""t"":1847},{""x"":1272,""y"":394,""t"":1875},{""x"":1269,""y"":396,""t"":1914},{""x"":1275,""y"":369,""t"":1941},{""x"":1267,""y"":386,""t"":1976}]","[{""x"":250,""y"":425,""width"":80,""height"":80,""top"":385,""right"":290,""bottom"":465,""left"":210},{""x"":400,""y"":165.1923788646684,""width"":80,""height"":80,""top"":125.1923788646684,""right"":440,""bottom"":205.1923788646684,""left"":360},{""x"":700,""y"":165.1923788646684,""width"":80,""height"":80,""top"":125.1923788646684,""right"":740,""bottom"":205.1923788646684,""left"":660},{""x"":850,""y"":425,""width"":80,""height"":80,""top"":385,""right"":890,""bottom"":465,""left"":810},{""x"":700,""y"":684.8076211353316,""width"":80,""height"":80,""top"":644.8076211353316,""right"":740,""bottom"":724.8076211353316,""left"":660},{""x"":400,""y"":684.8076211353316,""width"":80,""height"":80,""top"":644.8076211353316,""right"":440,""bottom"":724.8076211353316,""left"":360}]","{""#container"":{""x"":410,""y"":129.390625,""width"":1100,""height"":850,""top"":129.390625,""right"":1510,""bottom"":979.390625,""left"":410}}","[{'cyan': 0}, {'purple': 19}, {'green': 3}, {'red': 0}, {'blue': 0}, {'yellow': 2}]",,purple
623,,,,661.0,9.0,9.0,"[""cyan"",""purple"",""blue"",""yellow"",""green"",""red""]",blue,True,"[{""x"":1168,""y"":375,""t"":3},{""x"":1102,""y"":362,""t"":38},{""x"":1040,""y"":354,""t"":78},{""x"":974,""y"":308,""t"":105},{""x"":927,""y"":284,""t"":141},{""x"":897,""y"":261,""t"":174},{""x"":879,""y"":246,""t"":219},{""x"":868,""y"":238,""t"":248},{""x"":866,""y"":237,""t"":276},{""x"":873,""y"":250,""t"":313},{""x"":889,""y"":249,""t"":344},{""x"":899,""y"":265,""t"":378},{""x"":899,""y"":271,""t"":422},{""x"":873,""y"":278,""t"":449},{""x"":868,""y"":284,""t"":480},{""x"":838,""y"":317,""t"":517},{""x"":819,""y"":336,""t"":547},{""x"":803,""y"":347,""t"":591},{""x"":790,""y"":356,""t"":618},{""x"":780,""y"":337,""t"":651},{""x"":768,""y"":341,""t"":686},{""x"":760,""y"":344,""t"":715},{""x"":754,""y"":343,""t"":766},{""x"":749,""y"":363,""t"":792},{""x"":739,""y"":357,""t"":820},{""x"":711,""y"":367,""t"":860},{""x"":690,""y"":377,""t"":889},{""x"":682,""y"":395,""t"":922},{""x"":682,""y"":392,""t"":956},{""x"":673,""y"":416,""t"":991},{""x"":685,""y"":404,""t"":1023},{""x"":710,""y"":381,""t"":1065},{""x"":708,""y"":346,""t"":1094},{""x"":712,""y"":317,""t"":1126},{""x"":716,""y"":293,""t"":1159},{""x"":719,""y"":300,""t"":1199},{""x"":722,""y"":307,""t"":1225},{""x"":708,""y"":272,""t"":1263},{""x"":700,""y"":242,""t"":1295},{""x"":695,""y"":218,""t"":1335},{""x"":688,""y"":193,""t"":1363},{""x"":689,""y"":208,""t"":1413},{""x"":696,""y"":225,""t"":1440},{""x"":694,""y"":245,""t"":1468},{""x"":695,""y"":284,""t"":1500},{""x"":695,""y"":289,""t"":1534},{""x"":699,""y"":305,""t"":1567},{""x"":714,""y"":320,""t"":1603},{""x"":702,""y"":311,""t"":1636},{""x"":695,""y"":307,""t"":1681},{""x"":688,""y"":313,""t"":1708},{""x"":700,""y"":318,""t"":1739},{""x"":755,""y"":306,""t"":1774},{""x"":755,""y"":304,""t"":1806},{""x"":770,""y"":313,""t"":1853},{""x"":778,""y"":315,""t"":1876},{""x"":797,""y"":313,""t"":1907},{""x"":824,""y"":293,""t"":1947},{""x"":877,""y"":293,""t"":1975}]","[{""x"":250,""y"":425,""width"":80,""height"":80,""top"":385,""right"":290,""bottom"":465,""left"":210},{""x"":400,""y"":165.1923788646684,""width"":80,""height"":80,""top"":125.1923788646684,""right"":440,""bottom"":205.1923788646684,""left"":360},{""x"":700,""y"":165.1923788646684,""width"":80,""height"":80,""top"":125.1923788646684,""right"":740,""bottom"":205.1923788646684,""left"":660},{""x"":850,""y"":425,""width"":80,""height"":80,""top"":385,""right"":890,""bottom"":465,""left"":810},{""x"":700,""y"":684.8076211353316,""width"":80,""height"":80,""top"":644.8076211353316,""right"":740,""bottom"":724.8076211353316,""left"":660},{""x"":400,""y"":684.8076211353316,""width"":80,""height"":80,""top"":644.8076211353316,""right"":440,""bottom"":724.8076211353316,""left"":360}]","{""#container"":{""x"":410,""y"":129.390625,""width"":1100,""height"":850,""top"":129.390625,""right"":1510,""bottom"":979.390625,""left"":410}}","[{'cyan': 1}, {'purple': 50}, {'blue': 4}, {'yellow': 0}, {'green': 0}, {'red': 0}]",{'blue': 4},purple
624,,,,563.0,4.0,4.0,"[""purple"",""green"",""yellow"",""red"",""cyan"",""blue""]",purple_1,True,"[{""x"":879,""y"":309,""t"":3},{""x"":873,""y"":317,""t"":38},{""x"":882,""y"":315,""t"":77},{""x"":903,""y"":334,""t"":105},{""x"":910,""y"":351,""t"":140},{""x"":911,""y"":346,""t"":186},{""x"":887,""y"":313,""t"":213},{""x"":882,""y"":317,""t"":242},{""x"":893,""y"":337,""t"":282},{""x"":897,""y"":320,""t"":309},{""x"":894,""y"":319,""t"":344},{""x"":925,""y"":323,""t"":390},{""x"":934,""y"":340,""t"":416},{""x"":925,""y"":362,""t"":445},{""x"":947,""y"":370,""t"":485},{""x"":937,""y"":513,""t"":513},{""x"":893,""y"":798,""t"":549},{""x"":873,""y"":1058,""t"":594},{""x"":844,""y"":1200,""t"":620},{""x"":828,""y"":1336,""t"":650},{""x"":794,""y"":1291,""t"":690},{""x"":767,""y"":1240,""t"":716},{""x"":742,""y"":1149,""t"":754},{""x"":742,""y"":1038,""t"":786},{""x"":732,""y"":943,""t"":833},{""x"":708,""y"":841,""t"":860},{""x"":697,""y"":758,""t"":889},{""x"":688,""y"":685,""t"":926},{""x"":690,""y"":643,""t"":957},{""x"":674,""y"":612,""t"":994},{""x"":669,""y"":563,""t"":1022},{""x"":663,""y"":541,""t"":1058},{""x"":675,""y"":530,""t"":1100},{""x"":679,""y"":519,""t"":1126},{""x"":699,""y"":519,""t"":1163},{""x"":712,""y"":526,""t"":1192},{""x"":726,""y"":512,""t"":1234},{""x"":737,""y"":503,""t"":1259},{""x"":848,""y"":463,""t"":1298},{""x"":950,""y"":460,""t"":1328},{""x"":1032,""y"":429,""t"":1366},{""x"":1090,""y"":432,""t"":1398},{""x"":1130,""y"":412,""t"":1445},{""x"":1167,""y"":402,""t"":1472},{""x"":1230,""y"":398,""t"":1499},{""x"":1243,""y"":410,""t"":1538},{""x"":1249,""y"":421,""t"":1567},{""x"":1261,""y"":432,""t"":1602},{""x"":1271,""y"":388,""t"":1647},{""x"":1274,""y"":334,""t"":1669},{""x"":1273,""y"":300,""t"":1708},{""x"":1265,""y"":275,""t"":1738},{""x"":1259,""y"":248,""t"":1771},{""x"":1241,""y"":232,""t"":1819},{""x"":1230,""y"":207,""t"":1846},{""x"":1197,""y"":204,""t"":1874},{""x"":1193,""y"":207,""t"":1913},{""x"":1187,""y"":219,""t"":1942},{""x"":1222,""y"":230,""t"":1977}]","[{""x"":250,""y"":425,""width"":80,""height"":80,""top"":385,""right"":290,""bottom"":465,""left"":210},{""x"":400,""y"":165.1923788646684,""width"":80,""height"":80,""top"":125.1923788646684,""right"":440,""bottom"":205.1923788646684,""left"":360},{""x"":700,""y"":165.1923788646684,""width"":80,""height"":80,""top"":125.1923788646684,""right"":740,""bottom"":205.1923788646684,""left"":660},{""x"":850,""y"":425,""width"":80,""height"":80,""top"":385,""right"":890,""bottom"":465,""left"":810},{""x"":700,""y"":684.8076211353316,""width"":80,""height"":80,""top"":644.8076211353316,""right"":740,""bottom"":724.8076211353316,""left"":660},{""x"":400,""y"":684.8076211353316,""width"":80,""height"":80,""top"":644.8076211353316,""right"":440,""bottom"":724.8076211353316,""left"":360}]","{""#container"":{""x"":410,""y"":129.390625,""width"":1100,""height"":850,""top"":129.390625,""right"":1510,""bottom"":979.390625,""left"":410}}","[{'purple': 11}, {'green': 14}, {'yellow': 9}, {'red': 3}, {'cyan': 0}, {'blue': 3}]",{'purple_1': 11},green
625,,,,717.0,1.0,1.0,"[""purple"",""cyan"",""blue"",""green"",""yellow"",""red""]",red,True,"[{""x"":1151,""y"":241,""t"":3},{""x"":1079,""y"":248,""t"":38},{""x"":1007,""y"":268,""t"":77},{""x"":972,""y"":257,""t"":105},{""x"":942,""y"":251,""t"":140},{""x"":907,""y"":258,""t"":188},{""x"":883,""y"":275,""t"":215},{""x"":852,""y"":282,""t"":243},{""x"":849,""y"":286,""t"":275},{""x"":849,""y"":287,""t"":312},{""x"":841,""y"":308,""t"":344},{""x"":826,""y"":322,""t"":388},{""x"":815,""y"":332,""t"":414},{""x"":810,""y"":326,""t"":445},{""x"":823,""y"":317,""t"":484},{""x"":836,""y"":310,""t"":511},{""x"":834,""y"":335,""t"":549},{""x"":796,""y"":386,""t"":595},{""x"":742,""y"":400,""t"":622},{""x"":707,""y"":410,""t"":649},{""x"":666,""y"":426,""t"":688},{""x"":628,""y"":429,""t"":717},{""x"":616,""y"":437,""t"":752},{""x"":655,""y"":700,""t"":788},{""x"":696,""y"":894,""t"":817},{""x"":708,""y"":1131,""t"":862},{""x"":726,""y"":1315,""t"":892},{""x"":742,""y"":1461,""t"":921},{""x"":757,""y"":1579,""t"":956},{""x"":765,""y"":1620,""t"":996},{""x"":772,""y"":1642,""t"":1021},{""x"":779,""y"":1633,""t"":1060},{""x"":784,""y"":1615,""t"":1090},{""x"":791,""y"":1433,""t"":1130},{""x"":791,""y"":1307,""t"":1159},{""x"":816,""y"":1165,""t"":1193},{""x"":807,""y"":1029,""t"":1240},{""x"":812,""y"":941,""t"":1269},{""x"":788,""y"":853,""t"":1296},{""x"":792,""y"":790,""t"":1332},{""x"":794,""y"":736,""t"":1361},{""x"":778,""y"":699,""t"":1412},{""x"":767,""y"":656,""t"":1439},{""x"":756,""y"":615,""t"":1468},{""x"":756,""y"":587,""t"":1500},{""x"":745,""y"":547,""t"":1538},{""x"":730,""y"":535,""t"":1567},{""x"":734,""y"":540,""t"":1615},{""x"":773,""y"":509,""t"":1642},{""x"":864,""y"":424,""t"":1670},{""x"":932,""y"":341,""t"":1708},{""x"":983,""y"":277,""t"":1738},{""x"":1017,""y"":235,""t"":1785},{""x"":1061,""y"":187,""t"":1812},{""x"":1072,""y"":144,""t"":1842},{""x"":1096,""y"":122,""t"":1873},{""x"":1101,""y"":109,""t"":1911},{""x"":1103,""y"":115,""t"":1943},{""x"":1131,""y"":125,""t"":1988}]","[{""x"":250,""y"":425,""width"":80,""height"":80,""top"":385,""right"":290,""bottom"":465,""left"":210},{""x"":400,""y"":165.1923788646684,""width"":80,""height"":80,""top"":125.1923788646684,""right"":440,""bottom"":205.1923788646684,""left"":360},{""x"":700,""y"":165.1923788646684,""width"":80,""height"":80,""top"":125.1923788646684,""right"":740,""bottom"":205.1923788646684,""left"":660},{""x"":850,""y"":425,""width"":80,""height"":80,""top"":385,""right"":890,""bottom"":465,""left"":810},{""x"":700,""y"":684.8076211353316,""width"":80,""height"":80,""top"":644.8076211353316,""right"":740,""bottom"":724.8076211353316,""left"":660},{""x"":400,""y"":684.8076211353316,""width"":80,""height"":80,""top"":644.8076211353316,""right"":440,""bottom"":724.8076211353316,""left"":360}]","{""#container"":{""x"":410,""y"":129.390625,""width"":1100,""height"":850,""top"":129.390625,""right"":1510,""bottom"":979.390625,""left"":410}}","[{'purple': 11}, {'cyan': 17}, {'blue': 7}, {'green': 0}, {'yellow': 0}, {'red': 6}]",{'red': 6},cyan
626,,,,595.0,1.0,1.0,"[""yellow"",""red"",""cyan"",""purple"",""green"",""blue""]",blue,True,"[{""x"":1089,""y"":155,""t"":3},{""x"":1052,""y"":177,""t"":38},{""x"":1017,""y"":195,""t"":71},{""x"":983,""y"":223,""t"":118},{""x"":960,""y"":251,""t"":146},{""x"":941,""y"":275,""t"":171},{""x"":907,""y"":287,""t"":213},{""x"":887,""y"":317,""t"":242},{""x"":863,""y"":338,""t"":276},{""x"":845,""y"":344,""t"":324},{""x"":847,""y"":357,""t"":351},{""x"":828,""y"":362,""t"":378},{""x"":823,""y"":351,""t"":419},{""x"":828,""y"":349,""t"":445},{""x"":835,""y"":328,""t"":482},{""x"":846,""y"":324,""t"":513},{""x"":838,""y"":293,""t"":560},{""x"":813,""y"":236,""t"":587},{""x"":785,""y"":183,""t"":616},{""x"":746,""y"":166,""t"":653},{""x"":721,""y"":146,""t"":684},{""x"":707,""y"":117,""t"":732},{""x"":703,""y"":92,""t"":756},{""x"":683,""y"":85,""t"":785},{""x"":677,""y"":74,""t"":825},{""x"":682,""y"":82,""t"":854},{""x"":668,""y"":86,""t"":888},{""x"":660,""y"":80,""t"":935},{""x"":668,""y"":79,""t"":959},{""x"":674,""y"":70,""t"":990},{""x"":731,""y"":89,""t"":1029},{""x"":896,""y"":156,""t"":1057},{""x"":1029,""y"":192,""t"":1093},{""x"":1151,""y"":219,""t"":1134},{""x"":1252,""y"":239,""t"":1164},{""x"":1321,""y"":280,""t"":1194},{""x"":1361,""y"":300,""t"":1230},{""x"":1388,""y"":314,""t"":1260},{""x"":1424,""y"":327,""t"":1296},{""x"":1448,""y"":336,""t"":1340},{""x"":1445,""y"":339,""t"":1367},{""x"":1426,""y"":341,""t"":1398},{""x"":1333,""y"":298,""t"":1437},{""x"":1176,""y"":273,""t"":1465},{""x"":1027,""y"":239,""t"":1502},{""x"":908,""y"":195,""t"":1532},{""x"":805,""y"":172,""t"":1577},{""x"":776,""y"":152,""t"":1603},{""x"":866,""y"":180,""t"":1636},{""x"":966,""y"":223,""t"":1670},{""x"":1056,""y"":268,""t"":1718},{""x"":1135,""y"":315,""t"":1746},{""x"":1202,""y"":355,""t"":1772},{""x"":1250,""y"":373,""t"":1806},{""x"":1167,""y"":369,""t"":1843},{""x"":1082,""y"":361,""t"":1874},{""x"":990,""y"":348,""t"":1922},{""x"":921,""y"":330,""t"":1949},{""x"":875,""y"":356,""t"":1977}]","[{""x"":250,""y"":425,""width"":80,""height"":80,""top"":385,""right"":290,""bottom"":465,""left"":210},{""x"":400,""y"":165.1923788646684,""width"":80,""height"":80,""top"":125.1923788646684,""right"":440,""bottom"":205.1923788646684,""left"":360},{""x"":700,""y"":165.1923788646684,""width"":80,""height"":80,""top"":125.1923788646684,""right"":740,""bottom"":205.1923788646684,""left"":660},{""x"":850,""y"":425,""width"":80,""height"":80,""top"":385,""right"":890,""bottom"":465,""left"":810},{""x"":700,""y"":684.8076211353316,""width"":80,""height"":80,""top"":644.8076211353316,""right"":740,""bottom"":724.8076211353316,""left"":660},{""x"":400,""y"":684.8076211353316,""width"":80,""height"":80,""top"":644.8076211353316,""right"":440,""bottom"":724.8076211353316,""left"":360}]","{""#container"":{""x"":410,""y"":129.390625,""width"":1100,""height"":850,""top"":129.390625,""right"":1510,""bottom"":979.390625,""left"":410}}","[{'yellow': 0}, {'red': 21}, {'cyan': 14}, {'purple': 0}, {'green': 0}, {'blue': 0}]",,red
627,,,,643.0,1.0,1.0,"[""purple"",""yellow"",""blue"",""red"",""green"",""cyan""]",cyan,True,"[{""x"":870,""y"":361,""t"":2},{""x"":853,""y"":359,""t"":39},{""x"":840,""y"":354,""t"":71},{""x"":838,""y"":358,""t"":108},{""x"":842,""y"":347,""t"":140},{""x"":840,""y"":344,""t"":185},{""x"":846,""y"":331,""t"":211},{""x"":856,""y"":322,""t"":241},{""x"":859,""y"":321,""t"":279},{""x"":862,""y"":320,""t"":307},{""x"":871,""y"":317,""t"":343},{""x"":874,""y"":319,""t"":392},{""x"":869,""y"":334,""t"":416},{""x"":869,""y"":576,""t"":445},{""x"":850,""y"":865,""t"":485},{""x"":834,""y"":1116,""t"":514},{""x"":816,""y"":1311,""t"":563},{""x"":795,""y"":1478,""t"":590},{""x"":780,""y"":1600,""t"":618},{""x"":765,""y"":1642,""t"":649},{""x"":783,""y"":1638,""t"":687},{""x"":794,""y"":1553,""t"":717},{""x"":799,""y"":1400,""t"":765},{""x"":808,""y"":1225,""t"":792},{""x"":807,""y"":1038,""t"":820},{""x"":792,""y"":891,""t"":860},{""x"":794,""y"":753,""t"":888},{""x"":796,""y"":635,""t"":924},{""x"":778,""y"":546,""t"":955},{""x"":886,""y"":433,""t"":999},{""x"":988,""y"":360,""t"":1027},{""x"":1074,""y"":309,""t"":1057},{""x"":1136,""y"":282,""t"":1094},{""x"":1189,""y"":255,""t"":1126},{""x"":1228,""y"":246,""t"":1172},{""x"":1246,""y"":258,""t"":1200},{""x"":1270,""y"":267,""t"":1228},{""x"":1320,""y"":270,""t"":1266},{""x"":1353,""y"":270,""t"":1296},{""x"":1346,""y"":281,""t"":1335},{""x"":1341,""y"":296,""t"":1361},{""x"":1328,""y"":316,""t"":1400},{""x"":1343,""y"":320,""t"":1429},{""x"":1313,""y"":330,""t"":1470},{""x"":1160,""y"":347,""t"":1499},{""x"":1018,""y"":365,""t"":1534},{""x"":885,""y"":385,""t"":1575},{""x"":775,""y"":401,""t"":1602},{""x"":695,""y"":431,""t"":1636},{""x"":705,""y"":394,""t"":1671},{""x"":736,""y"":401,""t"":1701},{""x"":784,""y"":393,""t"":1750},{""x"":852,""y"":401,""t"":1779},{""x"":903,""y"":397,""t"":1808},{""x"":950,""y"":397,""t"":1837},{""x"":995,""y"":391,""t"":1876},{""x"":1035,""y"":397,""t"":1908},{""x"":1055,""y"":421,""t"":1943},{""x"":1064,""y"":422,""t"":1975}]","[{""x"":250,""y"":425,""width"":80,""height"":80,""top"":385,""right"":290,""bottom"":465,""left"":210},{""x"":400,""y"":165.1923788646684,""width"":80,""height"":80,""top"":125.1923788646684,""right"":440,""bottom"":205.1923788646684,""left"":360},{""x"":700,""y"":165.1923788646684,""width"":80,""height"":80,""top"":125.1923788646684,""right"":740,""bottom"":205.1923788646684,""left"":660},{""x"":850,""y"":425,""width"":80,""height"":80,""top"":385,""right"":890,""bottom"":465,""left"":810},{""x"":700,""y"":684.8076211353316,""width"":80,""height"":80,""top"":644.8076211353316,""right"":740,""bottom"":724.8076211353316,""left"":660},{""x"":400,""y"":684.8076211353316,""width"":80,""height"":80,""top"":644.8076211353316,""right"":440,""bottom"":724.8076211353316,""left"":360}]","{""#container"":{""x"":410,""y"":129.390625,""width"":1100,""height"":850,""top"":129.390625,""right"":1510,""bottom"":979.390625,""left"":410}}","[{'purple': 2}, {'yellow': 20}, {'blue': 11}, {'red': 0}, {'green': 0}, {'cyan': 3}]",{'cyan': 3},yellow
628,,,,627.0,6.0,6.0,"[""yellow"",""purple"",""green"",""red"",""blue"",""cyan""]",red_1,True,"[{""x"":1045,""y"":393,""t"":3},{""x"":1004,""y"":381,""t"":38},{""x"":991,""y"":352,""t"":77},{""x"":951,""y"":358,""t"":106},{""x"":919,""y"":343,""t"":140},{""x"":916,""y"":332,""t"":179},{""x"":917,""y"":324,""t"":205},{""x"":912,""y"":326,""t"":243},{""x"":913,""y"":329,""t"":273},{""x"":907,""y"":322,""t"":312},{""x"":917,""y"":319,""t"":343},{""x"":896,""y"":646,""t"":387},{""x"":886,""y"":914,""t"":414},{""x"":846,""y"":1153,""t"":445},{""x"":804,""y"":1323,""t"":483},{""x"":777,""y"":1475,""t"":511},{""x"":759,""y"":1597,""t"":547},{""x"":750,""y"":1622,""t"":593},{""x"":773,""y"":1592,""t"":620},{""x"":790,""y"":1484,""t"":651},{""x"":807,""y"":1280,""t"":687},{""x"":823,""y"":1105,""t"":715},{""x"":829,""y"":908,""t"":755},{""x"":827,""y"":735,""t"":783},{""x"":836,""y"":607,""t"":819},{""x"":835,""y"":484,""t"":862},{""x"":822,""y"":383,""t"":889},{""x"":798,""y"":279,""t"":922},{""x"":786,""y"":192,""t"":956},{""x"":758,""y"":125,""t"":1003},{""x"":741,""y"":74,""t"":1029},{""x"":734,""y"":38,""t"":1058},{""x"":719,""y"":14,""t"":1097},{""x"":809,""y"":2,""t"":1126},{""x"":925,""y"":-3,""t"":1161},{""x"":1009,""y"":-3,""t"":1207},{""x"":1079,""y"":15,""t"":1233},{""x"":1148,""y"":25,""t"":1263},{""x"":1200,""y"":40,""t"":1300},{""x"":1269,""y"":83,""t"":1329},{""x"":1326,""y"":163,""t"":1378},{""x"":1319,""y"":220,""t"":1401},{""x"":1324,""y"":272,""t"":1431},{""x"":1320,""y"":305,""t"":1472},{""x"":1309,""y"":340,""t"":1499},{""x"":1297,""y"":371,""t"":1536},{""x"":1264,""y"":367,""t"":1567},{""x"":1210,""y"":339,""t"":1611},{""x"":1181,""y"":304,""t"":1638},{""x"":1163,""y"":296,""t"":1670},{""x"":1134,""y"":286,""t"":1707},{""x"":1110,""y"":275,""t"":1737},{""x"":1112,""y"":261,""t"":1779},{""x"":1120,""y"":272,""t"":1804},{""x"":1141,""y"":289,""t"":1843},{""x"":1107,""y"":335,""t"":1873},{""x"":1065,""y"":377,""t"":1909},{""x"":1040,""y"":413,""t"":1955},{""x"":1020,""y"":426,""t"":1980}]","[{""x"":250,""y"":425,""width"":80,""height"":80,""top"":385,""right"":290,""bottom"":465,""left"":210},{""x"":400,""y"":165.1923788646684,""width"":80,""height"":80,""top"":125.1923788646684,""right"":440,""bottom"":205.1923788646684,""left"":360},{""x"":700,""y"":165.1923788646684,""width"":80,""height"":80,""top"":125.1923788646684,""right"":740,""bottom"":205.1923788646684,""left"":660},{""x"":850,""y"":425,""width"":80,""height"":80,""top"":385,""right"":890,""bottom"":465,""left"":810},{""x"":700,""y"":684.8076211353316,""width"":80,""height"":80,""top"":644.8076211353316,""right"":740,""bottom"":724.8076211353316,""left"":660},{""x"":400,""y"":684.8076211353316,""width"":80,""height"":80,""top"":644.8076211353316,""right"":440,""bottom"":724.8076211353316,""left"":360}]","{""#container"":{""x"":410,""y"":129.390625,""width"":1100,""height"":850,""top"":129.390625,""right"":1510,""bottom"":979.390625,""left"":410}}","[{'yellow': 0}, {'purple': 10}, {'green': 14}, {'red': 0}, {'blue': 0}, {'cyan': 3}]",,green
629,,,,716.0,7.0,7.0,"[""blue"",""purple"",""red"",""cyan"",""green"",""yellow""]",purple,True,"[{""x"":981,""y"":409,""t"":3},{""x"":941,""y"":387,""t"":39},{""x"":924,""y"":363,""t"":72},{""x"":913,""y"":352,""t"":109},{""x"":889,""y"":331,""t"":140},{""x"":891,""y"":317,""t"":188},{""x"":888,""y"":299,""t"":216},{""x"":888,""y"":287,""t"":244},{""x"":891,""y"":272,""t"":276},{""x"":900,""y"":265,""t"":315},{""x"":892,""y"":357,""t"":343},{""x"":862,""y"":684,""t"":379},{""x"":835,""y"":961,""t"":425},{""x"":803,""y"":1189,""t"":452},{""x"":775,""y"":1363,""t"":480},{""x"":739,""y"":1493,""t"":520},{""x"":741,""y"":1582,""t"":548},{""x"":767,""y"":1590,""t"":595},{""x"":781,""y"":1520,""t"":622},{""x"":798,""y"":1394,""t"":650},{""x"":839,""y"":1199,""t"":690},{""x"":848,""y"":994,""t"":718},{""x"":871,""y"":802,""t"":752},{""x"":886,""y"":622,""t"":787},{""x"":907,""y"":475,""t"":818},{""x"":922,""y"":357,""t"":861},{""x"":897,""y"":261,""t"":888},{""x"":870,""y"":169,""t"":924},{""x"":838,""y"":121,""t"":957},{""x"":809,""y"":79,""t"":995},{""x"":785,""y"":52,""t"":1022},{""x"":860,""y"":29,""t"":1059},{""x"":919,""y"":18,""t"":1091},{""x"":951,""y"":4,""t"":1130},{""x"":966,""y"":10,""t"":1159},{""x"":971,""y"":-3,""t"":1208},{""x"":974,""y"":-10,""t"":1225},{""x"":1005,""y"":10,""t"":1267},{""x"":1031,""y"":30,""t"":1293},{""x"":1040,""y"":60,""t"":1331},{""x"":1035,""y"":71,""t"":1363},{""x"":1028,""y"":93,""t"":1412},{""x"":1018,""y"":98,""t"":1436},{""x"":1018,""y"":100,""t"":1466},{""x"":1013,""y"":99,""t"":1506},{""x"":1027,""y"":112,""t"":1534},{""x"":1026,""y"":139,""t"":1569},{""x"":1010,""y"":132,""t"":1615},{""x"":1011,""y"":137,""t"":1642},{""x"":959,""y"":137,""t"":1670},{""x"":886,""y"":152,""t"":1708},{""x"":811,""y"":143,""t"":1737},{""x"":756,""y"":139,""t"":1786},{""x"":705,""y"":163,""t"":1810},{""x"":678,""y"":167,""t"":1840},{""x"":666,""y"":176,""t"":1879},{""x"":661,""y"":176,""t"":1908},{""x"":728,""y"":220,""t"":1955},{""x"":793,""y"":249,""t"":1980}]","[{""x"":250,""y"":425,""width"":80,""height"":80,""top"":385,""right"":290,""bottom"":465,""left"":210},{""x"":400,""y"":165.1923788646684,""width"":80,""height"":80,""top"":125.1923788646684,""right"":440,""bottom"":205.1923788646684,""left"":360},{""x"":700,""y"":165.1923788646684,""width"":80,""height"":80,""top"":125.1923788646684,""right"":740,""bottom"":205.1923788646684,""left"":660},{""x"":850,""y"":425,""width"":80,""height"":80,""top"":385,""right"":890,""bottom"":465,""left"":810},{""x"":700,""y"":684.8076211353316,""width"":80,""height"":80,""top"":644.8076211353316,""right"":740,""bottom"":724.8076211353316,""left"":660},{""x"":400,""y"":684.8076211353316,""width"":80,""height"":80,""top"":644.8076211353316,""right"":440,""bottom"":724.8076211353316,""left"":360}]","{""#container"":{""x"":410,""y"":129.390625,""width"":1100,""height"":850,""top"":129.390625,""right"":1510,""bottom"":979.390625,""left"":410}}","[{'blue': 0}, {'purple': 14}, {'red': 0}, {'cyan': 0}, {'green': 0}, {'yellow': 3}]",{'purple': 14},purple
630,,,,713.0,6.0,6.0,"[""blue"",""red"",""purple"",""cyan"",""yellow"",""green""]",cyan,True,"[{""x"":823,""y"":307,""t"":3},{""x"":832,""y"":328,""t"":45},{""x"":860,""y"":339,""t"":73},{""x"":862,""y"":338,""t"":107},{""x"":869,""y"":356,""t"":139},{""x"":894,""y"":352,""t"":188},{""x"":912,""y"":363,""t"":215},{""x"":925,""y"":337,""t"":242},{""x"":928,""y"":340,""t"":282},{""x"":940,""y"":336,""t"":309},{""x"":934,""y"":323,""t"":345},{""x"":922,""y"":315,""t"":378},{""x"":902,""y"":313,""t"":424},{""x"":880,""y"":273,""t"":452},{""x"":866,""y"":250,""t"":480},{""x"":850,""y"":260,""t"":518},{""x"":870,""y"":228,""t"":548},{""x"":900,""y"":181,""t"":593},{""x"":927,""y"":142,""t"":618},{""x"":947,""y"":112,""t"":650},{""x"":954,""y"":96,""t"":689},{""x"":972,""y"":82,""t"":718},{""x"":922,""y"":87,""t"":752},{""x"":852,""y"":99,""t"":800},{""x"":816,""y"":112,""t"":828},{""x"":768,""y"":119,""t"":856},{""x"":734,""y"":129,""t"":888},{""x"":700,""y"":127,""t"":926},{""x"":687,""y"":128,""t"":956},{""x"":666,""y"":137,""t"":990},{""x"":655,""y"":133,""t"":1025},{""x"":638,""y"":140,""t"":1057},{""x"":702,""y"":165,""t"":1100},{""x"":772,""y"":231,""t"":1127},{""x"":845,""y"":317,""t"":1163},{""x"":900,""y"":358,""t"":1194},{""x"":947,""y"":413,""t"":1234},{""x"":984,""y"":456,""t"":1260},{""x"":1001,""y"":449,""t"":1297},{""x"":1027,""y"":466,""t"":1329},{""x"":1034,""y"":440,""t"":1368},{""x"":1029,""y"":399,""t"":1397},{""x"":1037,""y"":387,""t"":1432},{""x"":1040,""y"":358,""t"":1479},{""x"":1040,""y"":332,""t"":1505},{""x"":1040,""y"":316,""t"":1533},{""x"":1031,""y"":290,""t"":1574},{""x"":1023,""y"":285,""t"":1601},{""x"":1024,""y"":273,""t"":1637},{""x"":1030,""y"":251,""t"":1684},{""x"":1046,""y"":229,""t"":1712},{""x"":1059,""y"":189,""t"":1740},{""x"":1044,""y"":158,""t"":1771},{""x"":1047,""y"":154,""t"":1810},{""x"":1060,""y"":135,""t"":1839},{""x"":1057,""y"":138,""t"":1887},{""x"":1057,""y"":123,""t"":1911},{""x"":1058,""y"":112,""t"":1942},{""x"":1066,""y"":111,""t"":1982}]","[{""x"":250,""y"":425,""width"":80,""height"":80,""top"":385,""right"":290,""bottom"":465,""left"":210},{""x"":400,""y"":165.1923788646684,""width"":80,""height"":80,""top"":125.1923788646684,""right"":440,""bottom"":205.1923788646684,""left"":360},{""x"":700,""y"":165.1923788646684,""width"":80,""height"":80,""top"":125.1923788646684,""right"":740,""bottom"":205.1923788646684,""left"":660},{""x"":850,""y"":425,""width"":80,""height"":80,""top"":385,""right"":890,""bottom"":465,""left"":810},{""x"":700,""y"":684.8076211353316,""width"":80,""height"":80,""top"":644.8076211353316,""right"":740,""bottom"":724.8076211353316,""left"":660},{""x"":400,""y"":684.8076211353316,""width"":80,""height"":80,""top"":644.8076211353316,""right"":440,""bottom"":724.8076211353316,""left"":360}]","{""#container"":{""x"":410,""y"":129.390625,""width"":1100,""height"":850,""top"":129.390625,""right"":1510,""bottom"":979.390625,""left"":410}}","[{'blue': 0}, {'red': 21}, {'purple': 11}, {'cyan': 0}, {'yellow': 0}, {'green': 0}]",,red
